* Measurement data measured by REW V5.30 beta 5
* Source: EXCL: Microphone (Realtek(R) Audio), MICROPHONE (Master Volume), L, volume: 1.000
* Format: 256k Log Swept Sine, 1 sweep at -1.0 dBFS with no timing reference
* Dated: Dec 21, 2023 12:21:38 AM
* REW Settings:
*  C-weighting compensation: Off
*  Target level: 75.0 dB
* Note: AFUL MagicOne R
* Measurement: R AFUL MagicOne
* Smoothing: 1/12 octave
* Frequency Step: 96 ppo
* Start Frequency: 0.36621094 Hz
*
* Freq(Hz) SPL(dB) Phase(degrees)
0.366211 115.094 152.6095
0.368865 115.089 152.5806
0.371538 115.081 152.5372
0.374230 115.071 152.4826
0.376942 115.059 152.4198
0.379673 115.047 152.3507
0.382424 115.034 152.2767
0.385196 115.021 152.1987
0.387987 115.008 152.1170
0.390798 114.995 152.0321
0.393630 114.981 151.9439
0.396483 114.968 151.8526
0.399356 114.954 151.7582
0.402250 114.940 151.6605
0.405165 114.926 151.5597
0.408101 114.912 151.4557
0.411058 114.898 151.3484
0.414037 114.883 151.2379
0.417037 114.869 151.1240
0.420059 114.855 151.0068
0.423103 114.840 150.8863
0.426169 114.825 150.7623
0.429257 114.810 150.6349
0.432367 114.795 150.5041
0.435501 114.780 150.3697
0.438656 114.765 150.2318
0.441835 114.750 150.0904
0.445037 114.735 149.9454
0.448262 114.719 149.7968
0.451510 114.704 149.6446
0.454782 114.688 149.4887
0.458077 114.672 149.3291
0.461397 114.656 149.1658
0.464740 114.640 148.9988
0.468108 114.624 148.8280
0.471500 114.608 148.6535
0.474917 114.591 148.4751
0.478358 114.575 148.2930
0.481825 114.558 148.1070
0.485316 114.542 147.9172
0.488833 114.525 147.7235
0.492375 114.508 147.5259
0.495943 114.491 147.3245
0.499537 114.473 147.1192
0.503157 114.456 146.9099
0.506803 114.439 146.6968
0.510475 114.421 146.4798
0.514174 114.403 146.2589
0.517900 114.385 146.0340
0.521653 114.367 145.8053
0.525433 114.349 145.5726
0.529241 114.331 145.3361
0.533076 114.313 145.0957
0.536939 114.294 144.8515
0.540830 114.275 144.6035
0.544749 114.257 144.3516
0.548696 114.238 144.0960
0.552673 114.219 143.8366
0.556677 114.200 143.5735
0.560711 114.180 143.3067
0.564774 114.161 143.0363
0.568867 114.141 142.7623
0.572989 114.121 142.4848
0.577141 114.101 142.2038
0.581324 114.081 141.9194
0.585536 114.061 141.6317
0.589779 114.041 141.3407
0.594053 114.020 141.0465
0.598358 114.000 140.7491
0.602694 113.979 140.4488
0.607061 113.958 140.1455
0.611460 113.937 139.8394
0.615891 113.916 139.5306
0.620354 113.894 139.2192
0.624849 113.873 138.9054
0.629377 113.851 138.5892
0.633938 113.829 138.2708
0.638532 113.807 137.9503
0.643159 113.785 137.6280
0.647819 113.763 137.3039
0.652514 113.740 136.9783
0.657242 113.717 136.6512
0.662005 113.695 136.3230
0.666802 113.672 135.9938
0.671634 113.648 135.6639
0.676501 113.625 135.3333
0.681403 113.602 135.0025
0.686341 113.578 134.6715
0.691314 113.554 134.3407
0.696324 113.530 134.0103
0.701369 113.505 133.6805
0.706452 113.481 133.3514
0.711571 113.455 133.0231
0.716727 113.430 132.6956
0.721921 113.403 132.3686
0.727153 113.374 132.0414
0.732422 113.344 131.7131
0.737729 113.312 131.3825
0.743075 113.279 131.0483
0.748460 113.243 130.7094
0.753883 113.207 130.3647
0.759346 113.169 130.0139
0.764849 113.131 129.6563
0.770391 113.092 129.2917
0.775974 113.053 128.9200
0.781597 113.013 128.5409
0.787261 112.972 128.1545
0.792965 112.931 127.7605
0.798712 112.889 127.3590
0.804499 112.847 126.9498
0.810329 112.804 126.5330
0.816201 112.761 126.1084
0.822116 112.717 125.6760
0.828073 112.672 125.2359
0.834073 112.627 124.7879
0.840118 112.581 124.3321
0.846205 112.534 123.8684
0.852337 112.486 123.3969
0.858514 112.438 122.9175
0.864735 112.389 122.4304
0.871001 112.339 121.9356
0.877313 112.288 121.4331
0.883670 112.237 120.9230
0.890074 112.184 120.4053
0.896523 112.131 119.8803
0.903020 112.076 119.3480
0.909564 112.021 118.8087
0.916155 111.964 118.2624
0.922793 111.907 117.7093
0.929480 111.848 117.1498
0.936216 111.788 116.5840
0.943000 111.727 116.0122
0.949833 111.665 115.4348
0.956716 111.602 114.8521
0.963649 111.537 114.2644
0.970632 111.471 113.6721
0.977666 111.403 113.0758
0.984750 111.334 112.4759
0.991886 111.264 111.8729
0.999074 111.192 111.2673
1.006313 111.119 110.6599
1.013605 111.044 110.0511
1.020950 110.967 109.4419
1.028349 110.889 108.8328
1.035801 110.809 108.2247
1.043306 110.727 107.6183
1.050867 110.643 107.0147
1.058482 110.557 106.4145
1.066152 110.470 105.8187
1.073878 110.380 105.2278
1.081659 110.289 104.6423
1.089498 110.196 104.0623
1.097393 110.102 103.4876
1.105345 110.006 102.9171
1.113355 109.910 102.3498
1.121422 109.813 101.7844
1.129549 109.715 101.2199
1.137734 109.617 100.6553
1.145978 109.518 100.0897
1.154283 109.419 99.5224
1.162647 109.318 98.9529
1.171072 109.217 98.3804
1.179558 109.115 97.8045
1.188106 109.012 97.2245
1.196715 108.907 96.6398
1.205387 108.801 96.0499
1.214122 108.693 95.4541
1.222920 108.583 94.8517
1.231781 108.470 94.2423
1.240708 108.355 93.6250
1.249698 108.237 92.9993
1.258754 108.117 92.3644
1.267875 107.993 91.7198
1.277063 107.865 91.0647
1.286317 107.734 90.3985
1.295638 107.598 89.7204
1.305027 107.458 89.0299
1.314484 107.313 88.3264
1.324009 107.164 87.6091
1.333603 107.008 86.8777
1.343267 106.848 86.1315
1.353001 106.681 85.3702
1.362805 106.507 84.5936
1.372681 106.327 83.8013
1.382628 106.139 82.9934
1.392647 105.944 82.1701
1.402739 105.741 81.3317
1.412904 105.529 80.4788
1.423142 105.307 79.6122
1.433455 105.075 78.7332
1.443842 104.832 77.8429
1.454305 104.577 76.9426
1.464843 104.307 76.0336
1.475458 104.020 75.1163
1.486150 103.714 74.1908
1.496919 103.389 73.2565
1.507766 103.043 72.3122
1.518692 102.676 71.3562
1.529697 102.289 70.3865
1.540782 101.882 69.4010
1.551947 101.457 68.3971
1.563193 101.015 67.3720
1.574521 100.558 66.3225
1.585931 100.087 65.2453
1.597423 99.603 64.1364
1.608998 99.110 62.9915
1.620658 98.609 61.8056
1.632402 98.101 60.5732
1.644231 97.591 59.2881
1.656146 97.079 57.9430
1.668147 96.569 56.5299
1.680235 96.063 55.0396
1.692410 95.564 53.4614
1.704674 95.076 51.7833
1.717027 94.601 49.9914
1.729469 94.144 48.0698
1.742002 93.708 46.0005
1.754625 93.296 43.7631
1.767340 92.914 41.3343
1.780147 92.565 38.6878
1.793046 92.253 35.7937
1.806040 91.982 32.6166
1.819127 91.756 29.1133
1.832309 91.576 25.2265
1.845587 91.444 20.8765
1.858961 91.359 15.9503
1.872431 91.321 10.2933
1.886000 91.327 3.7054
1.899666 91.375 -4.0484
1.913432 91.463 -13.1943
1.927298 91.587 -23.8415
1.941264 91.746 -35.8125
1.955331 91.935 -48.5099
1.969500 92.151 -61.0260
1.983772 92.392 -72.5140
1.998147 92.654 -82.5029
2.012626 92.932 -90.9186
2.027211 93.225 -97.9217
2.041901 93.528 -103.7509
2.056697 93.836 -108.6390
2.071601 94.148 -112.7820
2.086613 94.459 -116.3356
2.101733 94.765 -119.4208
2.116963 95.063 -122.1321
2.132303 95.350 -124.5443
2.147755 95.624 -126.7193
2.163318 95.884 -128.7103
2.178995 96.129 -130.5661
2.194785 96.362 -132.3327
2.210689 96.586 -134.0521
2.226709 96.803 -135.7590
2.242844 97.016 -137.4772
2.259097 97.228 -139.2194
2.275467 97.439 -140.9900
2.291956 97.651 -142.7874
2.308565 97.861 -144.6066
2.325294 98.071 -146.4403
2.342144 98.279 -148.2807
2.359116 98.484 -150.1197
2.376211 98.686 -151.9491
2.393430 98.884 -153.7614
2.410774 99.076 -155.5495
2.428243 99.261 -157.3072
2.445839 99.439 -159.0291
2.463562 99.608 -160.7112
2.481415 99.767 -162.3513
2.499396 99.915 -163.9499
2.517508 100.051 -165.5112
2.535750 100.175 -167.0441
2.554126 100.286 -168.5632
2.572634 100.382 -170.0881
2.591276 100.466 -171.6401
2.610054 100.535 -173.2380
2.628967 100.592 -174.8947
2.648018 100.636 -176.6172
2.667206 100.667 -178.4070
2.686534 100.688 179.7383
2.706002 100.697 177.8240
2.725610 100.696 175.8580
2.745361 100.686 173.8496
2.765255 100.667 171.8095
2.785294 100.641 169.7492
2.805477 100.607 167.6806
2.825807 100.567 165.6151
2.846284 100.521 163.5627
2.866909 100.471 161.5307
2.887684 100.415 159.5213
2.908609 100.355 157.5300
2.929686 100.290 155.5443
2.950916 100.218 153.5446
2.972299 100.140 151.5085
2.993838 100.053 149.4159
3.015532 99.959 147.2514
3.037384 99.858 145.0053
3.059394 99.748 142.6730
3.081564 99.632 140.2546
3.103894 99.510 137.7542
3.126386 99.382 135.1793
3.149041 99.250 132.5405
3.171861 99.114 129.8509
3.194845 98.976 127.1247
3.217996 98.835 124.3754
3.241315 98.694 121.6133
3.264803 98.552 118.8420
3.288461 98.409 116.0551
3.312291 98.266 113.2355
3.336293 98.120 110.3584
3.360469 97.973 107.3980
3.384820 97.824 104.3332
3.409348 97.672 101.1508
3.434054 97.518 97.8461
3.458938 97.363 94.4243
3.484003 97.206 90.8990
3.509250 97.049 87.2928
3.534679 96.892 83.6348
3.560293 96.737 79.9586
3.586092 96.583 76.2973
3.612079 96.433 72.6786
3.638253 96.286 69.1181
3.664618 96.144 65.6145
3.691173 96.008 62.1498
3.717921 95.878 58.6965
3.744862 95.753 55.2274
3.771999 95.632 51.7227
3.799332 95.514 48.1743
3.826864 95.395 44.5863
3.854595 95.273 40.9760
3.882527 95.146 37.3712
3.910661 95.011 33.8085
3.938999 94.866 30.3284
3.967543 94.708 26.9689
3.996294 94.537 23.7579
4.025252 94.352 20.7065
4.054421 94.153 17.8064
4.083801 93.942 15.0342
4.113394 93.718 12.3633
4.143201 93.480 9.7716
4.173225 93.227 7.2476
4.203466 92.955 4.7926
4.233926 92.661 2.4219
4.264606 92.340 0.1652
4.295509 91.986 -1.9349
4.326636 91.594 -3.8240
4.357989 91.154 -5.4409
4.389569 90.659 -6.7223
4.421378 90.098 -7.6049
4.453417 89.466 -8.0228
4.485688 88.762 -7.8958
4.518193 87.996 -7.1135
4.550934 87.185 -5.5193
4.583912 86.358 -2.8967
4.617129 85.557 1.0330
4.650587 84.842 6.5726
4.684287 84.287 13.9309
4.718231 83.975 22.9869
4.752421 83.973 33.0655
4.786859 84.309 43.0443
4.821547 84.951 51.8713
4.856485 85.826 59.0039
4.891677 86.850 64.4086
4.927125 87.945 68.3181
4.962829 89.052 71.0279
4.998791 90.129 72.8014
5.035015 91.146 73.8459
5.071500 92.085 74.3164
5.108251 92.940 74.3294
5.145267 93.711 73.9762
5.182552 94.409 73.3334
5.220107 95.042 72.4686
5.257934 95.620 71.4413
5.296035 96.151 70.3010
5.334412 96.642 69.0861
5.373067 97.098 67.8230
5.412003 97.523 66.5266
5.451221 97.920 65.2014
5.490722 98.289 63.8448
5.530510 98.629 62.4512
5.570587 98.942 61.0197
5.610953 99.225 59.5573
5.651613 99.481 58.0793
5.692567 99.711 56.6049
5.733818 99.918 55.1532
5.775367 100.103 53.7392
5.817218 100.268 52.3711
5.859372 100.413 51.0489
5.901831 100.538 49.7669
5.944598 100.644 48.5193
5.987675 100.730 47.3053
6.031065 100.798 46.1313
6.074768 100.848 45.0096
6.118788 100.882 43.9552
6.163127 100.902 42.9828
6.207788 100.908 42.1034
6.252772 100.900 41.3223
6.298082 100.878 40.6399
6.343721 100.845 40.0552
6.389690 100.802 39.5678
6.435992 100.750 39.1803
6.482630 100.694 38.8974
6.529606 100.637 38.7257
6.576922 100.579 38.6720
6.624581 100.523 38.7410
6.672585 100.470 38.9327
6.720938 100.422 39.2408
6.769640 100.379 39.6524
6.818696 100.346 40.1504
6.868107 100.324 40.7159
6.917876 100.316 41.3316
6.968006 100.324 41.9829
7.018499 100.348 42.6579
7.069358 100.389 43.3430
7.120586 100.443 44.0209
7.172184 100.510 44.6712
7.224157 100.587 45.2722
7.276506 100.672 45.8055
7.329235 100.763 46.2578
7.382345 100.859 46.6226
7.435841 100.958 46.8991
7.489724 101.058 47.0894
7.543997 101.156 47.1966
7.598664 101.248 47.2239
7.653728 101.332 47.1743
7.709189 101.406 47.0509
7.765053 101.469 46.8590
7.821322 101.519 46.6075
7.877998 101.557 46.3092
7.935086 101.580 45.9792
7.992587 101.589 45.6322
8.050504 101.583 45.2802
8.108841 101.560 44.9323
8.167601 101.523 44.5971
8.226787 101.470 44.2850
8.286402 101.404 44.0091
8.346449 101.326 43.7840
8.406931 101.238 43.6234
8.467851 101.139 43.5380
8.529212 101.033 43.5345
8.591018 100.921 43.6165
8.653272 100.806 43.7863
8.715977 100.692 44.0451
8.779137 100.582 44.3928
8.842754 100.478 44.8267
8.906833 100.383 45.3396
8.971375 100.299 45.9174
9.036386 100.227 46.5411
9.101867 100.170 47.1888
9.167823 100.129 47.8397
9.234257 100.105 48.4745
9.301172 100.096 49.0745
9.368572 100.102 49.6199
9.436460 100.120 50.0915
9.504841 100.147 50.4728
9.573717 100.182 50.7526
9.643092 100.221 50.9257
9.712970 100.264 50.9914
9.783354 100.305 50.9518
9.854248 100.344 50.8107
9.925656 100.378 50.5732
9.997581 100.405 50.2464
10.070028 100.424 49.8410
10.143000 100.434 49.3700
10.216500 100.436 48.8465
10.290533 100.428 48.2822
10.365103 100.411 47.6872
10.440212 100.385 47.0715
10.515866 100.353 46.4457
10.592069 100.314 45.8200
10.668823 100.271 45.2023
10.746134 100.225 44.5975
10.824005 100.178 44.0082
10.902440 100.132 43.4355
10.981443 100.089 42.8795
11.061020 100.050 42.3385
11.141172 100.016 41.8091
11.221906 99.989 41.2854
11.303225 99.970 40.7607
11.385133 99.958 40.2286
11.467634 99.954 39.6839
11.550734 99.957 39.1218
11.634435 99.967 38.5384
11.718742 99.983 37.9308
11.803661 100.003 37.2984
11.889195 100.028 36.6429
11.975349 100.054 35.9683
12.062128 100.083 35.2797
12.149535 100.112 34.5833
12.237576 100.142 33.8860
12.326254 100.172 33.1960
12.415575 100.202 32.5219
12.505544 100.232 31.8712
12.596164 100.263 31.2505
12.687441 100.296 30.6649
12.779379 100.331 30.1188
12.871984 100.369 29.6147
12.965260 100.410 29.1531
13.059211 100.456 28.7326
13.153843 100.506 28.3506
13.249161 100.561 28.0035
13.345170 100.621 27.6873
13.441875 100.685 27.3977
13.539280 100.753 27.1306
13.637391 100.824 26.8829
13.736214 100.896 26.6529
13.835752 100.969 26.4404
13.936011 101.042 26.2460
14.036998 101.114 26.0718
14.138716 101.184 25.9207
14.241171 101.253 25.7960
14.344368 101.320 25.7012
14.448313 101.385 25.6385
14.553011 101.450 25.6090
14.658468 101.514 25.6124
14.764689 101.579 25.6463
14.871680 101.645 25.7061
14.979446 101.713 25.7850
15.087994 101.783 25.8753
15.197328 101.854 25.9681
15.307454 101.926 26.0543
15.418378 101.999 26.1252
15.530106 102.071 26.1742
15.642643 102.140 26.1964
15.755996 102.205 26.1892
15.870171 102.264 26.1531
15.985172 102.316 26.0912
16.101007 102.359 26.0089
16.217682 102.393 25.9132
16.335201 102.417 25.8123
16.453573 102.432 25.7148
16.572803 102.438 25.6288
16.692898 102.435 25.5609
16.813862 102.425 25.5161
16.935701 102.410 25.4969
17.058424 102.391 25.5033
17.182035 102.369 25.5326
17.306543 102.346 25.5800
17.431953 102.322 25.6392
17.558273 102.299 25.7028
17.685509 102.277 25.7632
17.813665 102.256 25.8140
17.942751 102.235 25.8491
18.072771 102.215 25.8645
18.203733 102.195 25.8574
18.335646 102.176 25.8265
18.468513 102.156 25.7711
18.602345 102.138 25.6908
18.737144 102.120 25.5853
18.872921 102.103 25.4537
19.009682 102.089 25.2947
19.147434 102.076 25.1060
19.286184 102.066 24.8861
19.425940 102.058 24.6335
19.566708 102.052 24.3478
19.708496 102.047 24.0304
19.851313 102.044 23.6847
19.995163 102.041 23.3158
20.140057 102.038 22.9305
20.285999 102.036 22.5367
20.433001 102.035 22.1423
20.581066 102.036 21.7543
20.730206 102.039 21.3780
20.880424 102.047 21.0163
21.031733 102.058 20.6698
21.184137 102.076 20.3365
21.337646 102.099 20.0134
21.492268 102.127 19.6967
21.648010 102.159 19.3833
21.804880 102.195 19.0721
21.962887 102.233 18.7646
22.122040 102.270 18.4650
22.282345 102.307 18.1792
22.443811 102.343 17.9153
22.606449 102.377 17.6810
22.770266 102.409 17.4828
22.935268 102.441 17.3250
23.101467 102.473 17.2081
23.268869 102.506 17.1298
23.437485 102.541 17.0845
23.607323 102.577 17.0645
23.778391 102.615 17.0616
23.950699 102.653 17.0684
24.124256 102.690 17.0790
24.299070 102.726 17.0900
24.475151 102.759 17.0997
24.652508 102.789 17.1082
24.831150 102.816 17.1157
25.011087 102.839 17.1216
25.192327 102.859 17.1239
25.374882 102.876 17.1187
25.558758 102.891 17.1005
25.743967 102.903 17.0628
25.930519 102.912 17.0001
26.118422 102.917 16.9083
26.307686 102.916 16.7865
26.498322 102.909 16.6373
26.690340 102.895 16.4668
26.883749 102.874 16.2842
27.078560 102.847 16.1005
27.274782 102.813 15.9267
27.472427 102.776 15.7725
27.671503 102.738 15.6439
27.872023 102.701 15.5424
28.073996 102.668 15.4636
28.277431 102.643 15.3979
28.482342 102.625 15.3315
28.688736 102.617 15.2489
28.896626 102.616 15.1360
29.106022 102.622 14.9835
29.316936 102.632 14.7889
29.529379 102.643 14.5577
29.743361 102.653 14.3025
29.958893 102.662 14.0401
30.175987 102.670 13.7878
30.394655 102.678 13.5586
30.614908 102.688 13.3577
30.836756 102.703 13.1813
31.060211 102.723 13.0178
31.285286 102.748 12.8523
31.511992 102.776 12.6721
31.740341 102.804 12.4720
31.970345 102.827 12.2579
32.202015 102.844 12.0449
32.435364 102.854 11.8535
32.670403 102.858 11.7020
32.907146 102.859 11.5995
33.145607 102.862 11.5406
33.385796 102.869 11.5060
33.627724 102.881 11.4677
33.871403 102.896 11.3979
34.116848 102.911 11.2798
34.364071 102.920 11.1123
34.613087 102.921 10.9111
34.863907 102.912 10.7012
35.116547 102.895 10.5070
35.371017 102.874 10.3416
35.627331 102.855 10.2010
35.885502 102.840 10.0652
36.145542 102.831 9.9069
36.407467 102.824 9.7046
36.671291 102.816 9.4545
36.937027 102.801 9.1748
37.204689 102.779 8.9011
37.474289 102.750 8.6733
37.745842 102.721 8.5199
38.019363 102.700 8.4448
38.294868 102.692 8.4232
38.572369 102.703 8.4093
38.851879 102.728 8.3534
39.133415 102.762 8.2219
39.416992 102.795 8.0100
39.702625 102.821 7.7433
39.990326 102.834 7.4675
40.280113 102.836 7.2324
40.571999 102.830 7.0758
40.866001 102.825 7.0107
41.162132 102.825 7.0233
41.460411 102.835 7.0787
41.760849 102.854 7.1351
42.063465 102.880 7.1575
42.368275 102.905 7.1290
42.675293 102.926 7.0541
42.984535 102.939 6.9543
43.296021 102.942 6.8591
43.609760 102.938 6.7948
43.925774 102.932 6.7734
44.244080 102.929 6.7867
44.564690 102.933 6.8077
44.887623 102.944 6.7986
45.212898 102.960 6.7252
45.540531 102.974 6.5693
45.870537 102.983 6.3350
46.202934 102.980 6.0471
46.537739 102.964 5.7421
46.874969 102.937 5.4576
47.214645 102.902 5.2214
47.556782 102.866 5.0457
47.901398 102.834 4.9230
48.248512 102.812 4.8268
48.598141 102.801 4.7153
48.950302 102.801 4.5425
49.305016 102.805 4.2750
49.662300 102.804 3.9096
50.022175 102.790 3.4844
50.384655 102.758 3.0721
50.749763 102.712 2.7567
51.117516 102.664 2.5989
51.487934 102.628 2.6051
51.861038 102.617 2.7205
52.236843 102.637 2.8518
52.615372 102.681 2.9132
52.996643 102.737 2.8635
53.380680 102.793 2.7165
53.767498 102.842 2.5198
54.157120 102.883 2.3234
54.549564 102.918 2.1557
54.944855 102.950 2.0178
55.343006 102.979 1.8969
55.744045 103.002 1.7834
56.147991 103.015 1.6820
56.554863 103.018 1.6090
56.964684 103.012 1.5801
57.377472 103.001 1.5977
57.793251 102.988 1.6443
58.212044 102.976 1.6882
58.633873 102.964 1.6941
59.058758 102.951 1.6367
59.486721 102.932 1.5096
59.917786 102.905 1.3248
60.351974 102.870 1.1062
60.789310 102.829 0.8771
61.229816 102.785 0.6508
61.673512 102.740 0.4291
62.120422 102.695 0.2111
62.570572 102.649 0.0091
63.023983 102.599 -0.1410
63.480682 102.547 -0.1868
63.940689 102.500 -0.0872
64.404030 102.469 0.1553
64.870728 102.461 0.4854
65.340805 102.475 0.8281
65.814293 102.503 1.1439
66.291214 102.538 1.4508
66.771591 102.584 1.7832
67.255447 102.648 2.1177
67.742805 102.736 2.3414
68.233696 102.837 2.3147
68.728142 102.927 1.9792
69.226173 102.980 1.4100
69.727814 102.989 0.7678
70.233093 102.963 0.2006
70.742035 102.922 -0.2295
71.254662 102.881 -0.5475
71.771004 102.848 -0.8120
72.291084 102.820 -1.0609
72.814934 102.795 -1.2947
73.342583 102.771 -1.4927
73.874054 102.752 -1.6398
74.409378 102.740 -1.7416
74.948578 102.736 -1.8246
75.491684 102.737 -1.9221
76.038727 102.740 -2.0555
76.589737 102.737 -2.2256
77.144737 102.726 -2.4176
77.703758 102.704 -2.6136
78.266830 102.674 -2.8027
78.833984 102.639 -2.9824
79.405251 102.599 -3.1505
79.980652 102.560 -3.2959
80.560226 102.526 -3.4017
81.143997 102.507 -3.4623
81.732002 102.509 -3.4948
82.324265 102.535 -3.5286
82.920822 102.582 -3.5810
83.521698 102.645 -3.6487
84.126930 102.717 -3.7249
84.736549 102.786 -3.8116
85.350586 102.840 -3.9028
85.969070 102.863 -3.9568
86.592041 102.848 -3.9001
87.219521 102.796 -3.6703
87.851547 102.719 -3.2648
88.488159 102.630 -2.7578
89.129379 102.542 -2.2805
89.775246 102.461 -1.9721
90.425797 102.387 -1.9275
91.081062 102.323 -2.1696
91.741074 102.269 -2.6554
92.405869 102.230 -3.2957
93.075478 102.209 -3.9727
93.749939 102.206 -4.5616
94.429291 102.218 -4.9590
95.113564 102.240 -5.1011
95.802795 102.262 -4.9691
96.497025 102.277 -4.5942
97.196281 102.278 -4.0596
97.900604 102.262 -3.4806
98.610031 102.228 -2.9692
99.324600 102.180 -2.6028
100.044350 102.130 -2.4064
100.769310 102.096 -2.3497
101.499527 102.102 -2.3745
102.235031 102.162 -2.4421
102.975868 102.271 -2.5432
103.722076 102.402 -2.6387
104.473686 102.518 -2.6207
105.230743 102.595 -2.3969
105.993286 102.619 -2.0060
106.761360 102.575 -1.5962
107.534996 102.456 -1.3112
108.314240 102.266 -1.2543
109.099129 102.028 -1.5015
109.889709 101.782 -2.0463
110.686012 101.575 -2.7272
111.488091 101.460 -3.2473
112.295982 101.475 -3.2742
113.109726 101.620 -2.5378
113.929367 101.865 -0.8490
114.754944 102.171 1.9331
115.586502 102.516 5.9307
116.424088 102.903 11.2057
117.267746 103.345 17.4951
118.117516 103.834 23.7835
118.973442 104.308 28.2787
119.835571 104.663 29.4129
120.703949 104.803 27.0067
121.578621 104.709 22.1786
122.459633 104.458 16.5107
123.347023 104.184 11.4257
124.240845 104.013 7.8550
125.141144 104.000 6.0649
126.047966 104.115 5.6716
126.961365 104.267 5.8802
127.881378 104.342 5.9485
128.808060 104.258 5.6086
129.741455 104.007 4.9810
130.681610 103.646 4.2119
131.628586 103.262 3.3802
132.582428 102.937 2.5868
133.543182 102.722 1.9513
134.510895 102.619 1.5343
135.485611 102.576 1.2987
136.467392 102.528 1.1870
137.456284 102.429 1.1719
138.452347 102.279 1.1381
139.455627 102.101 0.8440
140.466187 101.919 0.1249
141.484070 101.753 -0.9449
142.509323 101.621 -2.1027
143.542007 101.529 -3.0475
144.582169 101.476 -3.5966
145.629868 101.449 -3.7850
146.685165 101.428 -3.8123
147.748108 101.390 -3.8572
148.818756 101.331 -3.9767
149.897156 101.266 -4.1370
150.983368 101.221 -4.2729
152.077454 101.218 -4.3611
153.179474 101.260 -4.4645
154.289474 101.326 -4.6686
155.407516 101.386 -4.9832
156.533661 101.419 -5.3484
157.667969 101.422 -5.6987
158.810501 101.404 -5.9951
159.961304 101.377 -6.2219
161.120453 101.351 -6.3726
162.287994 101.330 -6.4455
163.464005 101.312 -6.4474
164.648529 101.296 -6.3973
165.841644 101.279 -6.3259
167.043396 101.258 -6.2645
168.253860 101.234 -6.2302
169.473099 101.205 -6.2200
170.701172 101.174 -6.2170
171.938141 101.141 -6.2028
173.184082 101.110 -6.1642
174.439041 101.081 -6.0947
175.703094 101.055 -5.9985
176.976318 101.033 -5.8956
178.258759 101.015 -5.8169
179.550491 101.001 -5.7832
180.851593 100.993 -5.7875
182.162125 100.992 -5.7994
183.482147 100.999 -5.7814
184.811737 101.012 -5.7119
186.150955 101.021 -5.6123
187.499878 101.015 -5.5535
188.858582 100.985 -5.6167
190.227127 100.924 -5.8265
191.605591 100.839 -6.1279
192.994049 100.749 -6.4211
194.392563 100.674 -6.6060
195.801208 100.627 -6.6420
197.220062 100.609 -6.5647
198.649200 100.606 -6.4382
200.088699 100.607 -6.3210
201.538620 100.602 -6.2494
202.999054 100.592 -6.2245
204.470062 100.577 -6.2119
205.951736 100.560 -6.1573
207.444153 100.541 -6.0250
208.947372 100.521 -5.8280
210.461487 100.498 -5.6134
211.986572 100.472 -5.4244
213.522720 100.444 -5.2758
215.069992 100.416 -5.1534
216.628479 100.388 -5.0304
218.198257 100.362 -4.8879
219.779419 100.337 -4.7272
221.372025 100.312 -4.5693
222.976181 100.287 -4.4376
224.591965 100.261 -4.3373
226.219452 100.233 -4.2532
227.858734 100.204 -4.1659
229.509888 100.175 -4.0632
231.173004 100.147 -3.9408
232.848175 100.121 -3.7992
234.535492 100.097 -3.6420
236.235031 100.074 -3.4748
237.946884 100.053 -3.3026
239.671143 100.032 -3.1313
241.407898 100.011 -2.9692
243.157242 99.987 -2.8207
244.919266 99.960 -2.6797
246.694046 99.929 -2.5356
248.481689 99.895 -2.3789
250.282288 99.860 -2.2020
252.095932 99.828 -1.9984
253.922729 99.801 -1.7659
255.762756 99.782 -1.5154
257.616119 99.771 -1.2771
259.482910 99.765 -1.0843
261.363220 99.759 -0.9473
263.257172 99.748 -0.8443
265.164856 99.732 -0.7349
267.086365 99.708 -0.5789
269.021790 99.681 -0.3629
270.971222 99.654 -0.1190
272.934784 99.630 0.0923
274.912567 99.608 0.2251
276.904694 99.586 0.2830
278.911255 99.563 0.3159
280.932373 99.538 0.3768
282.968140 99.515 0.4932
285.018646 99.492 0.6617
287.084015 99.471 0.8569
289.164337 99.449 1.0438
291.259735 99.426 1.1975
293.370331 99.399 1.3163
295.496216 99.371 1.4200
297.637512 99.342 1.5355
299.794312 99.313 1.6804
301.966736 99.285 1.8593
304.154907 99.258 2.0679
306.358948 99.232 2.2994
308.578949 99.209 2.5460
310.815033 99.187 2.8002
313.067322 99.166 3.0567
315.335938 99.145 3.3152
317.621002 99.122 3.5787
319.922607 99.099 3.8503
322.240906 99.077 4.1287
324.575989 99.055 4.4089
326.928009 99.035 4.6855
329.297058 99.017 4.9576
331.683289 98.999 5.2263
334.086792 98.983 5.4913
336.507721 98.967 5.7509
338.946198 98.952 6.0024
341.402344 98.937 6.2476
343.876282 98.923 6.4923
346.368164 98.910 6.7424
348.878082 98.898 7.0004
351.406189 98.887 7.2644
353.952637 98.875 7.5317
356.517517 98.864 7.8007
359.100983 98.852 8.0710
361.703186 98.839 8.3435
364.324249 98.826 8.6180
366.964294 98.812 8.8934
369.623474 98.799 9.1685
372.301910 98.785 9.4424
374.999756 98.772 9.7153
377.717163 98.759 9.9878
380.454254 98.747 10.2605
383.211182 98.735 10.5342
385.988098 98.724 10.8099
388.785126 98.712 11.0895
391.602417 98.702 11.3732
394.440125 98.691 11.6600
397.298401 98.681 11.9492
400.177399 98.672 12.2407
403.077240 98.665 12.5342
405.998108 98.657 12.8280
408.940125 98.650 13.1191
411.903473 98.641 13.4047
414.888306 98.630 13.6848
417.894745 98.618 13.9641
420.922974 98.604 14.2490
423.973145 98.592 14.5447
427.045441 98.580 14.8533
430.139984 98.569 15.1733
433.256958 98.561 15.5000
436.396515 98.553 15.8268
439.558838 98.547 16.1497
442.744049 98.542 16.4670
445.952362 98.539 16.7773
449.183929 98.538 17.0764
452.438904 98.537 17.3584
455.717468 98.536 17.6200
459.019775 98.532 17.8652
462.346008 98.525 18.1063
465.696350 98.514 18.3568
469.070984 98.501 18.6246
472.470062 98.487 18.9108
475.893768 98.473 19.2103
479.342285 98.460 19.5157
482.815796 98.446 19.8203
486.314484 98.432 20.1228
489.838531 98.416 20.4291
493.388092 98.399 20.7487
496.963379 98.382 21.0879
500.564575 98.366 21.4444
504.191864 98.351 21.8102
507.845459 98.337 22.1769
511.525513 98.324 22.5387
515.232239 98.311 22.8947
518.965820 98.297 23.2480
522.726440 98.282 23.6044
526.514343 98.268 23.9691
530.329712 98.254 24.3445
534.172729 98.241 24.7278
538.043579 98.229 25.1148
541.942444 98.218 25.5049
545.869568 98.207 25.9009
549.825134 98.196 26.3049
553.809387 98.186 26.7148
557.822510 98.176 27.1250
561.864746 98.166 27.5325
565.936279 98.156 27.9373
570.037292 98.145 28.3427
574.168030 98.134 28.7525
578.328674 98.122 29.1688
582.519470 98.110 29.5914
586.740662 98.098 30.0201
590.992432 98.085 30.4561
595.275024 98.073 30.9014
599.588623 98.061 31.3548
603.933472 98.050 31.8121
608.309814 98.039 32.2702
612.717896 98.029 32.7309
617.157898 98.018 33.2001
621.630066 98.006 33.6844
626.134644 97.994 34.1877
630.671875 97.983 34.7083
635.242004 97.975 35.2400
639.845215 97.968 35.7756
644.481812 97.964 36.3129
649.151978 97.961 36.8536
653.856018 97.962 37.3974
658.594116 97.965 37.9386
663.366577 97.971 38.4673
668.173584 97.978 38.9755
673.015442 97.984 39.4639
677.892395 97.988 39.9402
682.804688 97.990 40.4131
687.752563 97.990 40.8891
692.736328 97.989 41.3732
697.756165 97.986 41.8707
702.812378 97.983 42.3846
707.905273 97.980 42.9141
713.035034 97.978 43.4550
718.201965 97.977 44.0031
723.406372 97.975 44.5562
728.648499 97.974 45.1144
733.928589 97.973 45.6786
739.246948 97.973 46.2498
744.603821 97.973 46.8283
749.999512 97.974 47.4145
755.434326 97.976 48.0081
760.908508 97.979 48.6093
766.422363 97.984 49.2188
771.976196 97.990 49.8369
777.570251 97.998 50.4634
783.204834 98.006 51.0982
788.880249 98.015 51.7416
794.596802 98.025 52.3948
800.354797 98.036 53.0589
806.154480 98.051 53.7314
811.996216 98.069 54.4062
817.880249 98.090 55.0748
823.806946 98.116 55.7283
829.776611 98.143 56.3591
835.789490 98.171 56.9656
841.845947 98.197 57.5548
847.946289 98.222 58.1371
854.090881 98.245 58.7200
860.279968 98.267 59.3081
866.513916 98.288 59.9054
872.793030 98.308 60.5160
879.117676 98.330 61.1399
885.488098 98.352 61.7723
891.904724 98.376 62.4088
898.367859 98.400 63.0484
904.877808 98.426 63.6928
911.434937 98.453 64.3425
918.039551 98.481 64.9954
924.692017 98.512 65.6484
931.392700 98.545 66.2981
938.141968 98.579 66.9412
944.940125 98.614 67.5765
951.787537 98.650 68.2055
958.684570 98.686 68.8309
965.631592 98.722 69.4554
972.628967 98.758 70.0816
979.677063 98.794 70.7105
986.776184 98.832 71.3417
993.926758 98.870 71.9760
1001.129150 98.909 72.6172
1008.383728 98.950 73.2687
1015.690918 98.992 73.9291
1023.051025 99.038 74.5934
1030.464478 99.088 75.2544
1037.931641 99.141 75.9015
1045.452881 99.196 76.5240
1053.028687 99.252 77.1177
1060.659424 99.306 77.6868
1068.345459 99.358 78.2403
1076.087158 99.406 78.7885
1083.884888 99.453 79.3388
1091.739136 99.499 79.8941
1099.650269 99.544 80.4541
1107.618774 99.590 81.0179
1115.645020 99.636 81.5845
1123.729492 99.683 82.1532
1131.872559 99.731 82.7227
1140.074585 99.779 83.2913
1148.336060 99.829 83.8568
1156.657349 99.878 84.4179
1165.038940 99.928 84.9749
1173.481323 99.978 85.5293
1181.984863 100.029 86.0825
1190.550049 100.081 86.6307
1199.177246 100.135 87.1652
1207.866943 100.190 87.6765
1216.619629 100.244 88.1610
1225.435791 100.294 88.6245
1234.315796 100.342 89.0767
1243.260132 100.385 89.5281
1252.269287 100.425 89.9874
1261.343750 100.463 90.4590
1270.484009 100.498 90.9443
1279.690430 100.532 91.4449
1288.963623 100.564 91.9619
1298.303955 100.596 92.4940
1307.712036 100.628 93.0381
1317.188232 100.660 93.5906
1326.733154 100.692 94.1498
1336.347168 100.724 94.7167
1346.030884 100.756 95.2948
1355.784790 100.786 95.8877
1365.609375 100.816 96.4991
1375.505127 100.846 97.1335
1385.472656 100.877 97.7953
1395.512329 100.910 98.4846
1405.624756 100.948 99.1947
1415.810547 100.990 99.9130
1426.070068 101.036 100.6246
1436.403931 101.085 101.3201
1446.812744 101.135 101.9990
1457.296997 101.186 102.6669
1467.857178 101.237 103.3310
1478.493896 101.288 103.9962
1489.207642 101.338 104.6662
1499.999023 101.389 105.3439
1510.868652 101.440 106.0322
1521.817017 101.491 106.7333
1532.844727 101.543 107.4493
1543.952393 101.598 108.1821
1555.140503 101.655 108.9318
1566.409668 101.717 109.6934
1577.760498 101.784 110.4540
1589.193604 101.856 111.1976
1600.709595 101.931 111.9140
1612.308960 102.008 112.6031
1623.992432 102.085 113.2707
1635.760498 102.162 113.9241
1647.613892 102.238 114.5688
1659.553223 102.314 115.2086
1671.578979 102.390 115.8463
1683.691895 102.467 116.4829
1695.892578 102.544 117.1173
1708.181763 102.621 117.7477
1720.559937 102.699 118.3737
1733.027832 102.776 118.9973
1745.586060 102.853 119.6228
1758.235352 102.930 120.2577
1770.976196 103.009 120.9085
1783.809448 103.091 121.5747
1796.735718 103.178 122.2455
1809.755615 103.270 122.9044
1822.869873 103.366 123.5384
1836.079102 103.466 124.1420
1849.384033 103.566 124.7155
1862.785400 103.667 125.2618
1876.283936 103.768 125.7847
1889.880249 103.868 126.2892
1903.575073 103.966 126.7805
1917.369141 104.065 127.2635
1931.263184 104.164 127.7421
1945.257935 104.264 128.2148
1959.354126 104.367 128.6721
1973.552368 104.473 129.0992
1987.853516 104.579 129.4855
2002.258301 104.683 129.8279
2016.767456 104.785 130.1300
2031.381836 104.883 130.3992
2046.102051 104.975 130.6444
2060.928955 105.062 130.8736
2075.863281 105.144 131.0924
2090.905762 105.221 131.3060
2106.057373 105.291 131.5213
2121.318848 105.356 131.7480
2136.690918 105.416 131.9980
2152.174316 105.471 132.2815
2167.769775 105.525 132.6019
2183.478271 105.580 132.9532
2199.300537 105.635 133.3254
2215.237549 105.690 133.7132
2231.290039 105.746 134.1179
2247.458984 105.802 134.5453
2263.745117 105.859 135.0026
2280.149170 105.920 135.4946
2296.672119 105.987 136.0208
2313.314697 106.063 136.5717
2330.077881 106.152 137.1257
2346.962646 106.253 137.6486
2363.969727 106.367 138.1019
2381.100098 106.488 138.4544
2398.354492 106.611 138.6890
2415.733887 106.732 138.8034
2433.239258 106.844 138.8071
2450.871582 106.944 138.7182
2468.631592 107.030 138.5591
2486.520264 107.099 138.3564
2504.538574 107.150 138.1394
2522.687500 107.185 137.9390
2540.968018 107.205 137.7820
2559.380859 107.214 137.6849
2577.927246 107.216 137.6516
2596.607910 107.213 137.6783
2615.424072 107.207 137.7598
2634.376465 107.198 137.8917
2653.466309 107.188 138.0717
2672.694336 107.177 138.2999
2692.061768 107.167 138.5774
2711.569580 107.159 138.9023
2731.218750 107.155 139.2646
2751.010254 107.156 139.6488
2770.945312 107.162 140.0389
2791.024658 107.171 140.4238
2811.249512 107.182 140.7983
2831.621094 107.193 141.1620
2852.140137 107.205 141.5161
2872.807861 107.214 141.8645
2893.625488 107.221 142.2162
2914.593994 107.225 142.5847
2935.714355 107.227 142.9819
2956.987793 107.229 143.4111
2978.415283 107.232 143.8675
2999.998047 107.238 144.3440
3021.737305 107.245 144.8349
3043.634033 107.254 145.3391
3065.689453 107.265 145.8598
3087.904785 107.278 146.4014
3110.281006 107.295 146.9633
3132.819336 107.317 147.5360
3155.520996 107.345 148.1051
3178.387207 107.378 148.6566
3201.419189 107.416 149.1808
3224.617920 107.455 149.6713
3247.984863 107.495 150.1258
3271.520996 107.534 150.5474
3295.227783 107.570 150.9467
3319.106445 107.604 151.3369
3343.157959 107.635 151.7256
3367.383789 107.665 152.1125
3391.785156 107.695 152.4922
3416.363525 107.723 152.8602
3441.119873 107.750 153.2169
3466.055664 107.774 153.5683
3491.172119 107.796 153.9214
3516.470703 107.818 154.2780
3541.952393 107.839 154.6341
3567.618896 107.861 154.9828
3593.471436 107.882 155.3180
3619.511230 107.901 155.6346
3645.739746 107.918 155.9311
3672.158203 107.930 156.2120
3698.768066 107.938 156.4883
3725.570801 107.941 156.7701
3752.567871 107.940 157.0608
3779.760498 107.936 157.3580
3807.150146 107.928 157.6597
3834.738281 107.915 157.9699
3862.526367 107.897 158.2996
3890.515869 107.876 158.6599
3918.708252 107.853 159.0551
3947.104736 107.829 159.4821
3975.707031 107.806 159.9330
4004.516602 107.783 160.3971
4033.534912 107.761 160.8651
4062.763672 107.739 161.3341
4092.204102 107.714 161.8092
4121.857910 107.686 162.2974
4151.726562 107.657 162.8019
4181.811523 107.625 163.3228
4212.114746 107.590 163.8619
4242.637695 107.553 164.4274
4273.381836 107.513 165.0306
4304.348633 107.472 165.6787
4335.539551 107.432 166.3710
4366.956543 107.395 167.1006
4398.601074 107.360 167.8558
4430.475098 107.329 168.6259
4462.580078 107.299 169.4078
4494.917969 107.269 170.2062
4527.490234 107.240 171.0263
4560.298340 107.212 171.8696
4593.344238 107.185 172.7363
4626.629395 107.158 173.6323
4660.155762 107.132 174.5683
4693.925293 107.109 175.5532
4727.939453 107.090 176.5889
4762.200195 107.078 177.6693
4796.708984 107.074 178.7819
4831.467773 107.079 179.9143
4866.478516 107.090 -178.9399
4901.743164 107.110 -177.7819
4937.263184 107.138 -176.6138
4973.040527 107.174 -175.4392
5009.077148 107.218 -174.2589
5045.375000 107.270 -173.0678
5081.936035 107.332 -171.8606
5118.761719 107.407 -170.6382
5155.854492 107.498 -169.4124
5193.215820 107.605 -168.2058
5230.848145 107.730 -167.0460
5268.752930 107.873 -165.9588
5306.932617 108.031 -164.9686
5345.388672 108.203 -164.1000
5384.123535 108.386 -163.3747
5423.139160 108.574 -162.8041
5462.437500 108.765 -162.3895
5502.020508 108.954 -162.1258
5541.890625 109.139 -162.0068
5582.049316 109.318 -162.0284
5622.499023 109.488 -162.1858
5663.242188 109.646 -162.4707
5704.280273 109.791 -162.8713
5745.615723 109.919 -163.3754
5787.250977 110.030 -163.9685
5829.187988 110.121 -164.6300
5871.428711 110.191 -165.3344
5913.975586 110.241 -166.0556
5956.830566 110.272 -166.7722
5999.996094 110.287 -167.4704
6043.474609 110.287 -168.1411
6087.268066 110.274 -168.7791
6131.378906 110.251 -169.3830
6175.809570 110.217 -169.9545
6220.562012 110.173 -170.4926
6265.638672 110.120 -170.9922
6311.041992 110.058 -171.4446
6356.774414 109.989 -171.8429
6402.838379 109.915 -172.1847
6449.235840 109.838 -172.4709
6495.969727 109.759 -172.7061
6543.041992 109.680 -172.8985
6590.455566 109.602 -173.0577
6638.212891 109.524 -173.1902
6686.315918 109.447 -173.2983
6734.767578 109.372 -173.3830
6783.570312 109.300 -173.4475
6832.727051 109.231 -173.4986
6882.239746 109.167 -173.5470
6932.111328 109.110 -173.6088
6982.344238 109.057 -173.7025
7032.941406 109.010 -173.8440
7083.904785 108.965 -174.0440
7135.237793 108.921 -174.3096
7186.942871 108.877 -174.6468
7239.022461 108.832 -175.0619
7291.479492 108.782 -175.5630
7344.316406 108.728 -176.1607
7397.536133 108.664 -176.8634
7451.141602 108.587 -177.6724
7505.135742 108.494 -178.5798
7559.520996 108.379 -179.5705
7614.300293 108.240 179.3764
7669.476562 108.074 178.2840
7725.052734 107.881 177.1737
7781.031738 107.657 176.0662
7837.416504 107.401 174.9863
7894.209473 107.111 173.9677
7951.414062 106.785 173.0516
8009.033203 106.422 172.2877
8067.069824 106.024 171.7325
8125.527344 105.594 171.4491
8184.408203 105.135 171.5124
8243.715820 104.658 172.0190
8303.453125 104.176 173.0848
8363.623047 103.718 174.8041
8424.229492 103.323 177.1523
8485.275391 103.031 179.8556
8546.763672 102.849 -177.6132
8608.697266 102.737 -175.7452
8671.079102 102.624 -174.6208
8733.913086 102.460 -173.9228
8797.202148 102.234 -173.2438
8860.950195 101.963 -172.2926
8925.160156 101.676 -170.9371
8989.835938 101.401 -169.1711
9054.980469 101.161 -167.0632
9120.596680 100.971 -164.7159
9186.688477 100.837 -162.2369
9253.258789 100.765 -159.7270
9320.311523 100.755 -157.2812
9387.850586 100.805 -154.9939
9455.878906 100.909 -152.9566
9524.400391 101.059 -151.2507
9593.417969 101.244 -149.9388
9662.935547 101.450 -149.0596
9732.957031 101.663 -148.6306
9803.486328 101.869 -148.6504
9874.526367 102.054 -149.0972
9946.081055 102.203 -149.9252
10018.154297 102.305 -151.0628
10090.750000 102.351 -152.4180
10163.872070 102.339 -153.8911
10237.523438 102.269 -155.3886
10311.708984 102.145 -156.8304
10386.431641 101.973 -158.1513
10461.696289 101.762 -159.2990
10537.505859 101.518 -160.2353
10613.865234 101.253 -160.9405
10690.777344 100.975 -161.4142
10768.247070 100.692 -161.6710
10846.278320 100.409 -161.7304
10924.875000 100.132 -161.6115
11004.041016 99.863 -161.3339
11083.781250 99.607 -160.9192
11164.098633 99.365 -160.3880
11244.998047 99.139 -159.7534
11326.484375 98.929 -159.0205
11408.560547 98.741 -158.1973
11491.231445 98.578 -157.3065
11574.501953 98.444 -156.3897
11658.375977 98.340 -155.4962
11742.857422 98.266 -154.6716
11827.951172 98.220 -153.9538
11913.661133 98.197 -153.3746
11999.992188 98.194 -152.9590
12086.949219 98.205 -152.7215
12174.536133 98.226 -152.6662
12262.757812 98.254 -152.7924
12351.619141 98.284 -153.1000
12441.124023 98.313 -153.5885
12531.277344 98.339 -154.2518
12622.083984 98.356 -155.0783
12713.548828 98.364 -156.0550
12805.676758 98.359 -157.1708
12898.471680 98.339 -158.4130
12991.939453 98.303 -159.7639
13086.083984 98.248 -161.2023
13180.911133 98.175 -162.7093
13276.425781 98.084 -164.2681
13372.631836 97.973 -165.8607
13469.535156 97.843 -167.4667
13567.140625 97.695 -169.0665
13665.454102 97.531 -170.6441
13764.479492 97.352 -172.1840
13864.222656 97.161 -173.6687
13964.688477 96.960 -175.0827
14065.882812 96.754 -176.4170
14167.809570 96.548 -177.6685
14270.475586 96.345 -178.8361
14373.885742 96.151 -179.9227
14478.044922 95.973 179.0602
14582.958984 95.818 178.0919
14688.632812 95.692 177.1450
14795.072266 95.604 176.1801
14902.283203 95.562 175.1411
15010.271484 95.574 173.9529
15119.041992 95.645 172.5223
15228.600586 95.780 170.7374
15338.953125 95.975 168.4717
15450.105469 96.220 165.5961
15562.063477 96.497 161.9930
15674.833008 96.779 157.5711
15788.418945 97.029 152.2834
15902.828125 97.207 146.1463
16018.066406 97.273 139.2539
16134.139648 97.190 131.7812
16251.054688 96.931 123.9717
16368.816406 96.483 116.1103
16487.431641 95.848 108.4816
16606.906250 95.039 101.3283
16727.246094 94.083 94.8264
16848.458984 93.011 89.0776
16970.550781 91.856 84.1082
17093.527344 90.654 79.8730
17217.394531 89.438 76.2659
17342.158203 88.240 73.1300
17467.826172 87.083 70.2709
17594.404297 85.983 67.4771
17721.900391 84.944 64.5457
17850.320312 83.954 61.3070
17979.671875 82.992 57.6468
18109.960938 82.022 53.5261
18241.193359 81.006 48.9889
18373.376953 79.905 44.1565
18506.517578 78.685 39.2100
18640.623047 77.322 34.3650
18775.701172 75.799 29.8430
18911.757812 74.113 25.8553
19048.800781 72.267 22.6105
19186.835938 70.278 20.3779
19325.871094 68.190 19.7697
19465.914062 66.089 23.5554
19606.972656 64.137 89.4813
19749.052734 62.551 176.1081
19892.162109 61.507 -178.1185
20036.308594 61.019 -176.7223
