* Measurement data measured by REW V5.30 beta 5
* Source: EXCL: Microphone (Realtek(R) Audio), MICROPHONE (Master Volume), L, volume: 1.000
* Format: 256k Log Swept Sine, 1 sweep at -1.0 dBFS with no timing reference
* Dated: Dec 21, 2023 12:18:40 AM
* REW Settings:
*  C-weighting compensation: Off
*  Target level: 75.0 dB
* Note: AFUL MagicOne 10ohm L
* Measurement: L AFUL MagicOne 10ohm
* Smoothing: 1/12 octave
* Frequency Step: 96 ppo
* Start Frequency: 0.36621094 Hz
*
* Freq(Hz) SPL(dB) Phase(degrees)
0.366211 77.986 -51.6507
0.368865 77.986 -51.7294
0.371538 77.985 -51.8474
0.374230 77.984 -51.9955
0.376942 77.982 -52.1662
0.379673 77.981 -52.3536
0.382424 77.980 -52.5542
0.385196 77.978 -52.7656
0.387987 77.977 -52.9866
0.390798 77.976 -53.2164
0.393630 77.974 -53.4549
0.396483 77.973 -53.7018
0.399356 77.971 -53.9571
0.402250 77.970 -54.2210
0.405165 77.968 -54.4935
0.408101 77.967 -54.7747
0.411058 77.965 -55.0648
0.414037 77.964 -55.3638
0.417037 77.962 -55.6719
0.420059 77.961 -55.9891
0.423103 77.959 -56.3156
0.426169 77.958 -56.6516
0.429257 77.956 -56.9970
0.432367 77.955 -57.3521
0.435501 77.953 -57.7170
0.438656 77.951 -58.0917
0.441835 77.950 -58.4764
0.445037 77.948 -58.8711
0.448262 77.947 -59.2760
0.451510 77.945 -59.6912
0.454782 77.943 -60.1167
0.458077 77.942 -60.5527
0.461397 77.940 -60.9992
0.464740 77.938 -61.4564
0.468108 77.937 -61.9242
0.471500 77.935 -62.4028
0.474917 77.933 -62.8923
0.478358 77.931 -63.3926
0.481825 77.930 -63.9040
0.485316 77.928 -64.4263
0.488833 77.926 -64.9596
0.492375 77.924 -65.5041
0.495943 77.923 -66.0597
0.499537 77.921 -66.6264
0.503157 77.919 -67.2042
0.506803 77.917 -67.7931
0.510475 77.915 -68.3932
0.514174 77.913 -69.0044
0.517900 77.912 -69.6266
0.521653 77.910 -70.2599
0.525433 77.908 -70.9042
0.529241 77.906 -71.5594
0.533076 77.904 -72.2254
0.536939 77.902 -72.9022
0.540830 77.900 -73.5897
0.544749 77.898 -74.2878
0.548696 77.896 -74.9963
0.552673 77.894 -75.7151
0.556677 77.892 -76.4440
0.560711 77.890 -77.1830
0.564774 77.888 -77.9319
0.568867 77.886 -78.6904
0.572989 77.884 -79.4585
0.577141 77.882 -80.2359
0.581324 77.880 -81.0223
0.585536 77.877 -81.8177
0.589779 77.875 -82.6217
0.594053 77.873 -83.4342
0.598358 77.871 -84.2549
0.602694 77.869 -85.0836
0.607061 77.867 -85.9200
0.611460 77.864 -86.7639
0.615891 77.862 -87.6150
0.620354 77.860 -88.4731
0.624849 77.858 -89.3380
0.629377 77.855 -90.2093
0.633938 77.853 -91.0869
0.638532 77.851 -91.9705
0.643159 77.848 -92.8599
0.647819 77.846 -93.7548
0.652514 77.844 -94.6551
0.657242 77.841 -95.5604
0.662005 77.839 -96.4707
0.666802 77.836 -97.3857
0.671634 77.834 -98.3054
0.676501 77.832 -99.2294
0.681403 77.829 -100.1578
0.686341 77.827 -101.0904
0.691314 77.824 -102.0271
0.696324 77.822 -102.9680
0.701369 77.820 -103.9130
0.706452 77.819 -104.8624
0.711571 77.818 -105.8164
0.716727 77.820 -106.7756
0.721921 77.823 -107.7406
0.727153 77.831 -108.7127
0.732422 77.843 -109.6932
0.737729 77.861 -110.6837
0.743075 77.884 -111.6855
0.748460 77.913 -112.6998
0.753883 77.945 -113.7268
0.759346 77.980 -114.7666
0.764849 78.018 -115.8189
0.770391 78.058 -116.8830
0.775974 78.100 -117.9583
0.781597 78.145 -119.0438
0.787261 78.191 -120.1386
0.792965 78.239 -121.2419
0.798712 78.289 -122.3526
0.804499 78.342 -123.4697
0.810329 78.395 -124.5922
0.816201 78.451 -125.7191
0.822116 78.509 -126.8494
0.828073 78.568 -127.9821
0.834073 78.630 -129.1162
0.840118 78.693 -130.2506
0.846205 78.758 -131.3846
0.852337 78.824 -132.5170
0.858514 78.892 -133.6471
0.864735 78.962 -134.7740
0.871001 79.034 -135.8969
0.877313 79.107 -137.0150
0.883670 79.182 -138.1276
0.890074 79.258 -139.2341
0.896523 79.336 -140.3338
0.903020 79.415 -141.4261
0.909564 79.495 -142.5107
0.916155 79.577 -143.5870
0.922793 79.660 -144.6546
0.929480 79.745 -145.7133
0.936216 79.830 -146.7627
0.943000 79.917 -147.8026
0.949833 80.005 -148.8329
0.956716 80.094 -149.8534
0.963649 80.184 -150.8642
0.970632 80.274 -151.8650
0.977666 80.366 -152.8562
0.984750 80.458 -153.8376
0.991886 80.551 -154.8094
0.999074 80.644 -155.7719
1.006313 80.738 -156.7252
1.013605 80.832 -157.6696
1.020950 80.926 -158.6054
1.028349 81.020 -159.5329
1.035801 81.115 -160.4525
1.043306 81.209 -161.3648
1.050867 81.303 -162.2700
1.058482 81.397 -163.1689
1.066152 81.491 -164.0621
1.073878 81.584 -164.9505
1.081659 81.678 -165.8350
1.089498 81.770 -166.7168
1.097393 81.863 -167.5975
1.105345 81.956 -168.4785
1.113355 82.050 -169.3611
1.121422 82.145 -170.2462
1.129549 82.240 -171.1344
1.137734 82.337 -172.0257
1.145978 82.434 -172.9201
1.154283 82.533 -173.8171
1.162647 82.634 -174.7163
1.171072 82.735 -175.6172
1.179558 82.837 -176.5192
1.188106 82.941 -177.4218
1.196715 83.045 -178.3242
1.205387 83.151 -179.2261
1.214122 83.257 179.8733
1.222920 83.365 178.9745
1.231781 83.473 178.0781
1.240708 83.582 177.1846
1.249698 83.692 176.2947
1.258754 83.803 175.4089
1.267875 83.914 174.5276
1.277063 84.026 173.6514
1.286317 84.138 172.7808
1.295638 84.251 171.9163
1.305027 84.364 171.0584
1.314484 84.478 170.2074
1.324009 84.591 169.3639
1.333603 84.705 168.5281
1.343267 84.819 167.7005
1.353001 84.933 166.8815
1.362805 85.047 166.0714
1.372681 85.160 165.2704
1.382628 85.273 164.4788
1.392647 85.386 163.6970
1.402739 85.499 162.9249
1.412904 85.610 162.1628
1.423142 85.722 161.4106
1.433455 85.832 160.6680
1.443842 85.941 159.9344
1.454305 86.050 159.2092
1.464843 86.158 158.4910
1.475458 86.265 157.7783
1.486150 86.372 157.0699
1.496919 86.478 156.3645
1.507766 86.583 155.6614
1.518692 86.688 154.9602
1.529697 86.793 154.2606
1.540782 86.897 153.5627
1.551947 87.001 152.8664
1.563193 87.104 152.1718
1.574521 87.207 151.4792
1.585931 87.310 150.7886
1.597423 87.412 150.1002
1.608998 87.514 149.4141
1.620658 87.615 148.7305
1.632402 87.716 148.0494
1.644231 87.817 147.3712
1.656146 87.917 146.6957
1.668147 88.017 146.0233
1.680235 88.117 145.3540
1.692410 88.216 144.6879
1.704674 88.315 144.0251
1.717027 88.414 143.3657
1.729469 88.513 142.7097
1.742002 88.611 142.0573
1.754625 88.709 141.4083
1.767340 88.807 140.7629
1.780147 88.905 140.1208
1.793046 89.002 139.4818
1.806040 89.099 138.8455
1.819127 89.196 138.2111
1.832309 89.293 137.5779
1.845587 89.389 136.9448
1.858961 89.484 136.3109
1.872431 89.579 135.6757
1.886000 89.673 135.0389
1.899666 89.766 134.4004
1.913432 89.859 133.7604
1.927298 89.951 133.1192
1.941264 90.043 132.4772
1.955331 90.133 131.8349
1.969500 90.223 131.1926
1.983772 90.313 130.5509
1.998147 90.402 129.9102
2.012626 90.490 129.2711
2.027211 90.578 128.6339
2.041901 90.666 127.9992
2.056697 90.753 127.3675
2.071601 90.840 126.7392
2.086613 90.927 126.1147
2.101733 91.013 125.4946
2.116963 91.100 124.8791
2.132303 91.186 124.2686
2.147755 91.272 123.6631
2.163318 91.357 123.0627
2.178995 91.443 122.4670
2.194785 91.528 121.8755
2.210689 91.614 121.2872
2.226709 91.698 120.7014
2.242844 91.782 120.1171
2.259097 91.866 119.5339
2.275467 91.949 118.9516
2.291956 92.031 118.3701
2.308565 92.113 117.7893
2.325294 92.195 117.2095
2.342144 92.275 116.6308
2.359116 92.356 116.0535
2.376211 92.436 115.4779
2.393430 92.515 114.9042
2.410774 92.595 114.3326
2.428243 92.674 113.7635
2.445839 92.753 113.1972
2.463562 92.831 112.6340
2.481415 92.910 112.0740
2.499396 92.988 111.5175
2.517508 93.067 110.9646
2.535750 93.146 110.4153
2.554126 93.224 109.8696
2.572634 93.303 109.3270
2.591276 93.381 108.7872
2.610054 93.459 108.2498
2.628967 93.536 107.7144
2.648018 93.614 107.1807
2.667206 93.691 106.6486
2.686534 93.768 106.1177
2.706002 93.844 105.5881
2.725610 93.920 105.0596
2.745361 93.996 104.5322
2.765255 94.072 104.0057
2.785294 94.147 103.4802
2.805477 94.223 102.9555
2.825807 94.298 102.4316
2.846284 94.374 101.9085
2.866909 94.449 101.3861
2.887684 94.524 100.8643
2.908609 94.599 100.3430
2.929686 94.675 99.8221
2.950916 94.750 99.3015
2.972299 94.825 98.7810
2.993838 94.900 98.2606
3.015532 94.975 97.7402
3.037384 95.050 97.2197
3.059394 95.124 96.6991
3.081564 95.199 96.1784
3.103894 95.273 95.6575
3.126386 95.347 95.1364
3.149041 95.420 94.6149
3.171861 95.494 94.0931
3.194845 95.567 93.5708
3.217996 95.640 93.0478
3.241315 95.712 92.5240
3.264803 95.785 91.9992
3.288461 95.857 91.4730
3.312291 95.928 90.9453
3.336293 96.000 90.4159
3.360469 96.071 89.8845
3.384820 96.142 89.3513
3.409348 96.212 88.8162
3.434054 96.282 88.2796
3.458938 96.352 87.7415
3.484003 96.421 87.2021
3.509250 96.490 86.6616
3.534679 96.558 86.1200
3.560293 96.625 85.5775
3.586092 96.691 85.0339
3.612079 96.757 84.4889
3.638253 96.822 83.9422
3.664618 96.886 83.3932
3.691173 96.949 82.8413
3.717921 97.011 82.2862
3.744862 97.073 81.7278
3.771999 97.134 81.1663
3.799332 97.193 80.6025
3.826864 97.252 80.0370
3.854595 97.310 79.4707
3.882527 97.366 78.9045
3.910661 97.421 78.3392
3.938999 97.476 77.7752
3.967543 97.528 77.2130
3.996294 97.580 76.6524
4.025252 97.630 76.0929
4.054421 97.679 75.5338
4.083801 97.726 74.9745
4.113394 97.772 74.4145
4.143201 97.816 73.8541
4.173225 97.859 73.2942
4.203466 97.900 72.7357
4.233926 97.939 72.1801
4.264606 97.978 71.6286
4.295509 98.014 71.0824
4.326636 98.049 70.5426
4.357989 98.083 70.0096
4.389569 98.115 69.4835
4.421378 98.145 68.9637
4.453417 98.173 68.4496
4.485688 98.200 67.9409
4.518193 98.225 67.4379
4.550934 98.248 66.9413
4.583912 98.270 66.4521
4.617129 98.290 65.9719
4.650587 98.309 65.5020
4.684287 98.327 65.0438
4.718231 98.343 64.5984
4.752421 98.359 64.1664
4.786859 98.373 63.7480
4.821547 98.385 63.3430
4.856485 98.397 62.9513
4.891677 98.407 62.5727
4.927125 98.416 62.2075
4.962829 98.425 61.8560
4.998791 98.433 61.5188
5.035015 98.441 61.1967
5.071500 98.448 60.8905
5.108251 98.456 60.6009
5.145267 98.464 60.3286
5.182552 98.472 60.0737
5.220107 98.480 59.8362
5.257934 98.488 59.6156
5.296035 98.497 59.4109
5.334412 98.506 59.2212
5.373067 98.516 59.0455
5.412003 98.528 58.8830
5.451221 98.541 58.7334
5.490722 98.555 58.5966
5.530510 98.572 58.4726
5.570587 98.590 58.3614
5.610953 98.610 58.2621
5.651613 98.632 58.1735
5.692567 98.655 58.0934
5.733818 98.681 58.0197
5.775367 98.708 57.9502
5.817218 98.738 57.8834
5.859372 98.770 57.8182
5.901831 98.804 57.7541
5.944598 98.840 57.6906
5.987675 98.879 57.6272
6.031065 98.919 57.5623
6.074768 98.961 57.4942
6.118788 99.005 57.4212
6.163127 99.051 57.3413
6.207788 99.097 57.2534
6.252772 99.145 57.1566
6.298082 99.194 57.0508
6.343721 99.244 56.9357
6.389690 99.295 56.8115
6.435992 99.346 56.6779
6.482630 99.398 56.5345
6.529606 99.449 56.3810
6.576922 99.501 56.2172
6.624581 99.552 56.0427
6.672585 99.602 55.8580
6.720938 99.652 55.6635
6.769640 99.701 55.4601
6.818696 99.750 55.2489
6.868107 99.797 55.0308
6.917876 99.843 54.8066
6.968006 99.888 54.5770
7.018499 99.932 54.3423
7.069358 99.974 54.1032
7.120586 100.014 53.8605
7.172184 100.054 53.6155
7.224157 100.092 53.3694
7.276506 100.128 53.1235
7.329235 100.164 52.8785
7.382345 100.197 52.6352
7.435841 100.230 52.3937
7.489724 100.262 52.1547
7.543997 100.292 51.9185
7.598664 100.322 51.6860
7.653728 100.351 51.4575
7.709189 100.379 51.2335
7.765053 100.407 51.0141
7.821322 100.434 50.7992
7.877998 100.461 50.5885
7.935086 100.487 50.3817
7.992587 100.514 50.1783
8.050504 100.540 49.9783
8.108841 100.567 49.7812
8.167601 100.593 49.5866
8.226787 100.620 49.3939
8.286402 100.647 49.2024
8.346449 100.674 49.0113
8.406931 100.702 48.8199
8.467851 100.729 48.6277
8.529212 100.757 48.4343
8.591018 100.785 48.2392
8.653272 100.813 48.0421
8.715977 100.841 47.8424
8.779137 100.869 47.6397
8.842754 100.897 47.4339
8.906833 100.925 47.2249
8.971375 100.952 47.0126
9.036386 100.979 46.7973
9.101867 101.006 46.5790
9.167823 101.033 46.3578
9.234257 101.059 46.1339
9.301172 101.084 45.9076
9.368572 101.110 45.6790
9.436460 101.135 45.4484
9.504841 101.159 45.2161
9.573717 101.183 44.9822
9.643092 101.207 44.7469
9.712970 101.230 44.5101
9.783354 101.254 44.2716
9.854248 101.277 44.0315
9.925656 101.300 43.7895
9.997581 101.322 43.5455
10.070028 101.345 43.2990
10.143000 101.368 43.0496
10.216500 101.390 42.7968
10.290533 101.413 42.5403
10.365103 101.435 42.2798
10.440212 101.457 42.0147
10.515866 101.479 41.7451
10.592069 101.500 41.4706
10.668823 101.521 41.1911
10.746134 101.541 40.9069
10.824005 101.560 40.6184
10.902440 101.578 40.3261
10.981443 101.596 40.0308
11.061020 101.611 39.7334
11.141172 101.626 39.4348
11.221906 101.639 39.1366
11.303225 101.651 38.8401
11.385133 101.661 38.5471
11.467634 101.670 38.2589
11.550734 101.678 37.9770
11.634435 101.685 37.7032
11.718742 101.691 37.4389
11.803661 101.696 37.1855
11.889195 101.700 36.9438
11.975349 101.705 36.7147
12.062128 101.709 36.4985
12.149535 101.715 36.2955
12.237576 101.721 36.1052
12.326254 101.729 35.9267
12.415575 101.738 35.7590
12.505544 101.749 35.6005
12.596164 101.762 35.4494
12.687441 101.777 35.3036
12.779379 101.794 35.1606
12.871984 101.814 35.0180
12.965260 101.837 34.8734
13.059211 101.861 34.7247
13.153843 101.888 34.5695
13.249161 101.916 34.4059
13.345170 101.945 34.2325
13.441875 101.976 34.0482
13.539280 102.007 33.8523
13.637391 102.039 33.6444
13.736214 102.070 33.4249
13.835752 102.101 33.1944
13.936011 102.131 32.9537
14.036998 102.161 32.7043
14.138716 102.189 32.4475
14.241171 102.215 32.1852
14.344368 102.240 31.9190
14.448313 102.264 31.6508
14.553011 102.286 31.3822
14.658468 102.306 31.1151
14.764689 102.325 30.8506
14.871680 102.342 30.5903
14.979446 102.358 30.3351
15.087994 102.373 30.0859
15.197328 102.387 29.8434
15.307454 102.400 29.6081
15.418378 102.412 29.3802
15.530106 102.423 29.1601
15.642643 102.434 28.9478
15.755996 102.444 28.7434
15.870171 102.454 28.5470
15.985172 102.464 28.3586
16.101007 102.473 28.1783
16.217682 102.482 28.0061
16.335201 102.491 27.8422
16.453573 102.500 27.6863
16.572803 102.510 27.5385
16.692898 102.520 27.3986
16.813862 102.530 27.2658
16.935701 102.542 27.1396
17.058424 102.554 27.0190
17.182035 102.568 26.9026
17.306543 102.583 26.7887
17.431953 102.599 26.6754
17.558273 102.617 26.5605
17.685509 102.636 26.4415
17.813665 102.658 26.3163
17.942751 102.680 26.1821
18.072771 102.703 26.0371
18.203733 102.728 25.8792
18.335646 102.753 25.7071
18.468513 102.777 25.5199
18.602345 102.802 25.3175
18.737144 102.825 25.1005
18.872921 102.847 24.8700
19.009682 102.868 24.6281
19.147434 102.886 24.3768
19.286184 102.903 24.1195
19.425940 102.917 23.8589
19.566708 102.930 23.5981
19.708496 102.940 23.3401
19.851313 102.949 23.0871
19.995163 102.957 22.8410
20.140057 102.964 22.6028
20.285999 102.972 22.3727
20.433001 102.979 22.1503
20.581066 102.987 21.9341
20.730206 102.996 21.7224
20.880424 103.005 21.5133
21.031733 103.016 21.3047
21.184137 103.028 21.0950
21.337646 103.040 20.8831
21.492268 103.052 20.6685
21.648010 103.065 20.4517
21.804880 103.077 20.2336
21.962887 103.090 20.0159
22.122040 103.102 19.7999
22.282345 103.114 19.5874
22.443811 103.126 19.3792
22.606449 103.139 19.1753
22.770266 103.152 18.9752
22.935268 103.167 18.7772
23.101467 103.182 18.5789
23.268869 103.199 18.3774
23.437485 103.216 18.1707
23.607323 103.232 17.9568
23.778391 103.249 17.7354
23.950699 103.264 17.5076
24.124256 103.277 17.2766
24.299070 103.287 17.0466
24.475151 103.295 16.8235
24.652508 103.301 16.6128
24.831150 103.304 16.4199
25.011087 103.307 16.2485
25.192327 103.309 16.1001
25.374882 103.313 15.9730
25.558758 103.319 15.8630
25.743967 103.328 15.7627
25.930519 103.341 15.6636
26.118422 103.356 15.5563
26.307686 103.374 15.4326
26.498322 103.394 15.2864
26.690340 103.412 15.1147
26.883749 103.429 14.9188
27.078560 103.442 14.7028
27.274782 103.452 14.4741
27.472427 103.456 14.2417
27.671503 103.457 14.0148
27.872023 103.453 13.8013
28.073996 103.447 13.6067
28.277431 103.441 13.4331
28.482342 103.434 13.2791
28.688736 103.429 13.1398
28.896626 103.427 13.0084
29.106022 103.427 12.8771
29.316936 103.429 12.7386
29.529379 103.433 12.5876
29.743361 103.438 12.4213
29.958893 103.443 12.2396
30.175987 103.447 12.0453
30.394655 103.449 11.8425
30.614908 103.450 11.6364
30.836756 103.450 11.4318
31.060211 103.449 11.2323
31.285286 103.448 11.0403
31.511992 103.447 10.8569
31.740341 103.447 10.6816
31.970345 103.449 10.5132
32.202015 103.452 10.3497
32.435364 103.457 10.1888
32.670403 103.464 10.0280
32.907146 103.472 9.8643
33.145607 103.481 9.6956
33.385796 103.490 9.5206
33.627724 103.499 9.3401
33.871403 103.507 9.1570
34.116848 103.513 8.9774
34.364071 103.516 8.8088
34.613087 103.518 8.6595
34.863907 103.520 8.5353
35.116547 103.523 8.4374
35.371017 103.529 8.3601
35.627331 103.540 8.2909
35.885502 103.556 8.2120
36.145542 103.576 8.1047
36.407467 103.598 7.9540
36.671291 103.619 7.7532
36.937027 103.635 7.5060
37.204689 103.642 7.2266
37.474289 103.641 6.9359
37.745842 103.630 6.6568
38.019363 103.612 6.4086
38.294868 103.590 6.2023
38.572369 103.568 6.0385
38.851879 103.548 5.9083
39.133415 103.533 5.7958
39.416992 103.522 5.6842
39.702625 103.514 5.5596
39.990326 103.509 5.4155
40.280113 103.503 5.2534
40.571999 103.497 5.0820
40.866001 103.488 4.9141
41.162132 103.479 4.7616
41.460411 103.472 4.6317
41.760849 103.468 4.5229
42.063465 103.471 4.4244
42.368275 103.481 4.3170
42.675293 103.496 4.1797
42.984535 103.515 3.9961
43.296021 103.533 3.7609
43.609760 103.546 3.4824
43.925774 103.551 3.1812
44.244080 103.547 2.8837
44.564690 103.534 2.6151
44.887623 103.517 2.3916
45.212898 103.499 2.2174
45.540531 103.481 2.0857
45.870537 103.467 1.9827
46.202934 103.457 1.8934
46.537739 103.451 1.8052
46.874969 103.448 1.7087
47.214645 103.448 1.5979
47.556782 103.449 1.4685
47.901398 103.452 1.3185
48.248512 103.455 1.1484
48.598141 103.459 0.9618
48.950302 103.461 0.7644
49.305016 103.464 0.5616
49.662300 103.467 0.3572
50.022175 103.471 0.1519
50.384655 103.476 -0.0553
50.749763 103.482 -0.2664
51.117516 103.488 -0.4830
51.487934 103.493 -0.7076
51.861038 103.497 -0.9418
52.236843 103.498 -1.1854
52.615372 103.494 -1.4330
52.996643 103.482 -1.6716
53.380680 103.464 -1.8831
53.767498 103.440 -2.0503
54.157120 103.414 -2.1675
54.549564 103.391 -2.2456
54.944855 103.373 -2.3090
55.343006 103.359 -2.3845
55.744045 103.348 -2.4880
56.147991 103.336 -2.6179
56.554863 103.323 -2.7594
56.964684 103.311 -2.8957
57.377472 103.301 -3.0178
57.793251 103.297 -3.1268
58.212044 103.300 -3.2303
58.633873 103.309 -3.3369
59.058758 103.323 -3.4533
59.486721 103.341 -3.5839
59.917786 103.359 -3.7276
60.351974 103.373 -3.8762
60.789310 103.380 -4.0142
61.229816 103.378 -4.1234
61.673512 103.367 -4.1882
62.120422 103.348 -4.1964
62.570572 103.322 -4.1406
63.023983 103.294 -4.0248
63.480682 103.269 -3.8768
63.940689 103.252 -3.7535
64.404030 103.242 -3.7235
64.870728 103.234 -3.8325
65.340805 103.219 -4.0771
65.814293 103.196 -4.4088
66.291214 103.169 -4.7672
66.771591 103.149 -5.1125
67.255447 103.145 -5.4387
67.742805 103.164 -5.7610
68.233696 103.208 -6.0947
68.728142 103.275 -6.4402
69.226173 103.361 -6.7844
69.727814 103.463 -7.1191
70.233093 103.577 -7.4587
70.742035 103.690 -7.8366
71.254662 103.787 -8.2681
71.771004 103.849 -8.7081
72.291084 103.864 -9.0503
72.814934 103.835 -9.1827
73.342583 103.779 -9.0616
73.874054 103.711 -8.7419
74.409378 103.640 -8.3373
74.948578 103.567 -7.9512
75.491684 103.490 -7.6442
76.038727 103.409 -7.4469
76.589737 103.327 -7.3798
77.144737 103.247 -7.4531
77.703758 103.173 -7.6608
78.266830 103.109 -7.9866
78.833984 103.058 -8.4131
79.405251 103.020 -8.9171
79.980652 102.994 -9.4587
80.560226 102.975 -9.9828
81.143997 102.963 -10.4388
81.732002 102.956 -10.8003
82.324265 102.953 -11.0627
82.920822 102.949 -11.2322
83.521698 102.942 -11.3185
84.126930 102.930 -11.3385
84.736549 102.912 -11.3164
85.350586 102.888 -11.2743
85.969070 102.857 -11.2250
86.592041 102.823 -11.1726
87.219521 102.787 -11.1164
87.851547 102.755 -11.0551
88.488159 102.730 -10.9978
89.129379 102.715 -10.9717
89.775246 102.707 -11.0081
90.425797 102.698 -11.1133
91.081062 102.682 -11.2603
91.741074 102.657 -11.4117
92.405869 102.624 -11.5487
93.075478 102.588 -11.6747
93.749939 102.551 -11.8051
94.429291 102.516 -11.9562
95.113564 102.484 -12.1368
95.802795 102.456 -12.3403
96.497025 102.432 -12.5478
97.196281 102.413 -12.7390
97.900604 102.399 -12.8995
98.610031 102.387 -13.0211
99.324600 102.374 -13.0997
100.044350 102.357 -13.1379
100.769310 102.336 -13.1504
101.499527 102.308 -13.1666
102.235031 102.277 -13.2217
102.975868 102.243 -13.3439
103.722076 102.209 -13.5476
104.473686 102.178 -13.8284
105.230743 102.152 -14.1553
105.993286 102.132 -14.4708
106.761360 102.118 -14.7103
107.534996 102.112 -14.8300
108.314240 102.107 -14.8243
109.099129 102.099 -14.7194
109.889709 102.079 -14.5516
110.686012 102.044 -14.3600
111.488091 102.001 -14.2003
112.295982 101.969 -14.1575
113.109726 101.970 -14.3375
113.929367 102.028 -14.8225
114.754944 102.163 -15.6166
115.586502 102.384 -16.6466
116.424088 102.687 -17.8124
117.267746 103.040 -19.0260
118.117516 103.390 -20.2312
118.973442 103.668 -21.3613
119.835571 103.812 -22.2145
120.703949 103.800 -22.4690
121.578621 103.657 -21.9617
122.459633 103.433 -20.8757
123.347023 103.165 -19.5941
124.240845 102.886 -18.4922
125.141144 102.626 -17.8506
126.047966 102.425 -17.8280
126.961365 102.326 -18.4630
127.881378 102.358 -19.6573
128.808060 102.521 -21.2024
129.741455 102.776 -22.8705
130.681610 103.050 -24.4752
131.628586 103.255 -25.8391
132.582428 103.320 -26.6888
133.543182 103.223 -26.7173
134.510895 102.988 -25.8298
135.485611 102.650 -24.1462
136.467392 102.255 -21.8374
137.456284 101.859 -19.2339
138.452347 101.512 -16.9424
139.455627 101.226 -15.5626
140.466187 100.982 -15.2912
141.484070 100.759 -15.9089
142.509323 100.552 -17.0175
143.542007 100.369 -18.1698
144.582169 100.229 -18.9327
145.629868 100.169 -19.0485
146.685165 100.216 -18.6023
147.748108 100.362 -17.9030
148.818756 100.564 -17.1870
149.897156 100.773 -16.5234
150.983368 100.957 -15.9074
152.077454 101.098 -15.3502
153.179474 101.190 -14.9164
154.289474 101.234 -14.6765
155.407516 101.239 -14.6438
156.533661 101.217 -14.7770
157.667969 101.185 -14.9907
158.810501 101.160 -15.1945
159.961304 101.150 -15.3336
161.120453 101.157 -15.4147
162.287994 101.172 -15.4764
163.464005 101.181 -15.5482
164.648529 101.175 -15.6381
165.841644 101.149 -15.7355
167.043396 101.106 -15.8265
168.253860 101.054 -15.9025
169.473099 101.001 -15.9846
170.701172 100.951 -16.0869
171.938141 100.903 -16.1932
173.184082 100.858 -16.2691
174.439041 100.814 -16.2967
175.703094 100.771 -16.2876
176.976318 100.727 -16.2687
178.258759 100.683 -16.2808
179.550491 100.642 -16.3663
180.851593 100.609 -16.5598
182.162125 100.585 -16.8602
183.482147 100.571 -17.2264
184.811737 100.559 -17.6074
186.150955 100.542 -17.9767
187.499878 100.511 -18.3545
188.858582 100.463 -18.7946
190.227127 100.403 -19.3389
191.605591 100.342 -19.9545
192.994049 100.292 -20.4952
194.392563 100.264 -20.7664
195.801208 100.261 -20.6740
197.220062 100.271 -20.2906
198.649200 100.275 -19.7546
200.088699 100.262 -19.1938
201.538620 100.233 -18.7115
202.999054 100.203 -18.3694
204.470062 100.186 -18.1827
205.951736 100.188 -18.1438
207.444153 100.204 -18.2164
208.947372 100.224 -18.3461
210.461487 100.241 -18.4938
211.986572 100.247 -18.6375
213.522720 100.236 -18.7426
215.069992 100.200 -18.7399
216.628479 100.141 -18.5758
218.198257 100.067 -18.2885
219.779419 99.986 -17.9813
221.372025 99.909 -17.7524
222.976181 99.841 -17.6517
224.591965 99.782 -17.6671
226.219452 99.733 -17.7556
227.858734 99.689 -17.8755
229.509888 99.649 -17.9954
231.173004 99.611 -18.0898
232.848175 99.575 -18.1336
234.535492 99.538 -18.1100
236.235031 99.495 -18.0222
237.946884 99.447 -17.8853
239.671143 99.392 -17.7198
241.407898 99.336 -17.5482
243.157242 99.281 -17.3837
244.919266 99.229 -17.2325
246.694046 99.182 -17.1088
248.481689 99.137 -17.0242
250.282288 99.093 -16.9750
252.095932 99.051 -16.9489
253.922729 99.011 -16.9280
255.762756 98.973 -16.8919
257.616119 98.938 -16.8190
259.482910 98.906 -16.6943
261.363220 98.879 -16.5310
263.257172 98.855 -16.3641
265.164856 98.833 -16.2196
267.086365 98.814 -16.1130
269.021790 98.799 -16.0628
270.971222 98.787 -16.0563
272.934784 98.771 -16.0112
274.912567 98.748 -15.8159
276.904694 98.720 -15.4120
278.911255 98.694 -14.8472
280.932373 98.676 -14.2488
282.968140 98.663 -13.7152
285.018646 98.647 -13.2498
287.084015 98.627 -12.8042
289.164337 98.610 -12.3770
291.259735 98.601 -12.0340
293.370331 98.598 -11.8202
295.496216 98.596 -11.7034
297.637512 98.589 -11.6163
299.794312 98.579 -11.5143
301.966736 98.568 -11.3888
304.154907 98.558 -11.2548
306.358948 98.549 -11.1346
308.578949 98.540 -11.0487
310.815033 98.530 -11.0063
313.067322 98.516 -10.9963
315.335938 98.498 -10.9910
317.621002 98.476 -10.9603
319.922607 98.449 -10.8850
322.240906 98.420 -10.7628
324.575989 98.390 -10.6061
326.928009 98.360 -10.4336
329.297058 98.331 -10.2593
331.683289 98.305 -10.0905
334.086792 98.280 -9.9297
336.507721 98.257 -9.7787
338.946198 98.235 -9.6403
341.402344 98.213 -9.5166
343.876282 98.193 -9.4070
346.368164 98.175 -9.3082
348.878082 98.159 -9.2185
351.406189 98.146 -9.1368
353.952637 98.135 -9.0541
356.517517 98.122 -8.9508
359.100983 98.107 -8.8087
361.703186 98.089 -8.6268
364.324249 98.069 -8.4210
366.964294 98.049 -8.2085
369.623474 98.030 -8.0018
372.301910 98.011 -7.8096
374.999756 97.993 -7.6346
377.717163 97.975 -7.4718
380.454254 97.959 -7.3110
383.211182 97.944 -7.1437
385.988098 97.929 -6.9658
388.785126 97.913 -6.7788
391.602417 97.896 -6.5867
394.440125 97.878 -6.3941
397.298401 97.860 -6.2040
400.177399 97.843 -6.0172
403.077240 97.827 -5.8336
405.998108 97.811 -5.6531
408.940125 97.796 -5.4764
411.903473 97.781 -5.3026
414.888306 97.767 -5.1274
417.894745 97.753 -4.9452
420.922974 97.739 -4.7535
423.973145 97.726 -4.5525
427.045441 97.714 -4.3438
430.139984 97.704 -4.1307
433.256958 97.695 -3.9194
436.396515 97.687 -3.7148
439.558838 97.681 -3.5183
442.744049 97.675 -3.3265
445.952362 97.670 -3.1353
449.183929 97.665 -2.9458
452.438904 97.660 -2.7665
455.717468 97.653 -2.6060
459.019775 97.644 -2.4642
462.346008 97.632 -2.3325
465.696350 97.617 -2.1987
469.070984 97.600 -2.0548
472.470062 97.582 -1.8982
475.893768 97.565 -1.7301
479.342285 97.549 -1.5549
482.815796 97.532 -1.3778
486.314484 97.516 -1.2011
489.838531 97.498 -1.0214
493.388092 97.480 -0.8312
496.963379 97.461 -0.6245
500.564575 97.443 -0.4018
504.191864 97.427 -0.1703
507.845459 97.412 0.0610
511.525513 97.398 0.2869
515.232239 97.385 0.5074
518.965820 97.371 0.7268
522.726440 97.357 0.9508
526.514343 97.342 1.1846
530.329712 97.326 1.4295
534.172729 97.311 1.6822
538.043579 97.298 1.9369
541.942444 97.285 2.1904
545.869568 97.272 2.4438
549.825134 97.261 2.6982
553.809387 97.249 2.9521
557.822510 97.239 3.2026
561.864746 97.228 3.4479
565.936279 97.218 3.6897
570.037292 97.207 3.9327
574.168030 97.195 4.1818
578.328674 97.183 4.4390
582.519470 97.171 4.7047
586.740662 97.159 4.9783
590.992432 97.146 5.2604
595.275024 97.133 5.5509
599.588623 97.121 5.8477
603.933472 97.111 6.1470
608.309814 97.101 6.4458
612.717896 97.092 6.7439
617.157898 97.083 7.0444
621.630066 97.074 7.3535
626.134644 97.064 7.6777
630.671875 97.055 8.0190
635.242004 97.047 8.3723
639.845215 97.041 8.7302
644.481812 97.037 9.0902
649.151978 97.035 9.4531
653.856018 97.035 9.8184
658.594116 97.038 10.1796
663.366577 97.044 10.5259
668.173584 97.051 10.8494
673.015442 97.058 11.1514
677.892395 97.064 11.4414
682.804688 97.067 11.7283
687.752563 97.069 12.0176
692.736328 97.069 12.3135
697.756165 97.068 12.6212
702.812378 97.067 12.9438
707.905273 97.067 13.2802
713.035034 97.068 13.6261
718.201965 97.069 13.9778
723.406372 97.070 14.3339
728.648499 97.072 14.6943
733.928589 97.073 15.0591
739.246948 97.075 15.4283
744.603821 97.078 15.8025
749.999512 97.081 16.1821
755.434326 97.085 16.5677
760.908508 97.089 16.9598
766.422363 97.095 17.3583
771.976196 97.102 17.7628
777.570251 97.111 18.1726
783.204834 97.121 18.5873
788.880249 97.132 19.0077
794.596802 97.145 19.4360
800.354797 97.159 19.8746
806.154480 97.177 20.3220
811.996216 97.198 20.7722
817.880249 97.224 21.2161
823.806946 97.253 21.6438
829.776611 97.284 22.0481
835.789490 97.316 22.4277
841.845947 97.347 22.7894
847.946289 97.375 23.1436
854.090881 97.402 23.4977
860.279968 97.428 23.8562
866.513916 97.453 24.2218
872.793030 97.478 24.5976
879.117676 97.504 24.9823
885.488098 97.530 25.3711
891.904724 97.558 25.7599
898.367859 97.587 26.1490
904.877808 97.618 26.5414
911.434937 97.649 26.9379
918.039551 97.683 27.3365
924.692017 97.719 27.7348
931.392700 97.757 28.1291
938.141968 97.796 28.5156
944.940125 97.836 28.8922
951.787537 97.877 29.2603
958.684570 97.918 29.6228
965.631592 97.959 29.9825
972.628967 98.001 30.3419
979.677063 98.043 30.7013
986.776184 98.085 31.0591
993.926758 98.128 31.4147
1001.129150 98.171 31.7722
1008.383728 98.215 32.1367
1015.690918 98.262 32.5093
1023.051025 98.313 32.8868
1030.464478 98.366 33.2621
1037.931641 98.424 33.6227
1045.452881 98.483 33.9554
1053.028687 98.544 34.2537
1060.659424 98.602 34.5213
1068.345459 98.658 34.7672
1076.087158 98.711 35.0018
1083.884888 98.762 35.2330
1091.739136 98.811 35.4649
1099.650269 98.858 35.6993
1107.618774 98.904 35.9384
1115.645020 98.949 36.1843
1123.729492 98.993 36.4387
1131.872559 99.037 36.7042
1140.074585 99.080 36.9839
1148.336060 99.123 37.2812
1156.657349 99.168 37.5985
1165.038940 99.214 37.9382
1173.481323 99.263 38.3028
1181.984863 99.317 38.6914
1190.550049 99.379 39.0943
1199.177246 99.448 39.4928
1207.866943 99.524 39.8638
1216.619629 99.607 40.1891
1225.435791 99.692 40.4606
1234.315796 99.778 40.6783
1243.260132 99.863 40.8460
1252.269287 99.945 40.9701
1261.343750 100.023 41.0582
1270.484009 100.096 41.1187
1279.690430 100.163 41.1629
1288.963623 100.226 41.2031
1298.303955 100.283 41.2488
1307.712036 100.337 41.3054
1317.188232 100.388 41.3746
1326.733154 100.435 41.4566
1336.347168 100.480 41.5523
1346.030884 100.523 41.6633
1355.784790 100.564 41.7926
1365.609375 100.604 41.9435
1375.505127 100.643 42.1204
1385.472656 100.683 42.3272
1395.512329 100.725 42.5639
1405.624756 100.771 42.8237
1415.810547 100.823 43.0940
1426.070068 100.879 43.3596
1436.403931 100.939 43.6106
1446.812744 101.000 43.8458
1457.296997 101.061 44.0698
1467.857178 101.123 44.2879
1478.493896 101.184 44.5038
1489.207642 101.245 44.7207
1499.999023 101.306 44.9421
1510.868652 101.367 45.1717
1521.817017 101.430 45.4128
1532.844727 101.494 45.6667
1543.952393 101.560 45.9339
1555.140503 101.630 46.2133
1566.409668 101.705 46.4998
1577.760498 101.785 46.7820
1589.193604 101.870 47.0457
1600.709595 101.958 47.2818
1612.308960 102.047 47.4891
1623.992432 102.138 47.6723
1635.760498 102.228 47.8383
1647.613892 102.318 47.9921
1659.553223 102.409 48.1370
1671.578979 102.500 48.2748
1683.691895 102.592 48.4049
1695.892578 102.685 48.5247
1708.181763 102.780 48.6314
1720.559937 102.875 48.7250
1733.027832 102.971 48.8080
1745.586060 103.067 48.8852
1758.235352 103.163 48.9625
1770.976196 103.262 49.0441
1783.809448 103.363 49.1275
1796.735718 103.469 49.2021
1809.755615 103.580 49.2525
1822.869873 103.694 49.2670
1836.079102 103.810 49.2408
1849.384033 103.925 49.1745
1862.785400 104.041 49.0713
1876.283936 104.155 48.9355
1889.880249 104.267 48.7729
1903.575073 104.377 48.5893
1917.369141 104.485 48.3901
1931.263184 104.592 48.1785
1945.257935 104.699 47.9528
1959.354126 104.807 47.7040
1973.552368 104.915 47.4197
1987.853516 105.022 47.0919
2002.258301 105.125 46.7210
2016.767456 105.224 46.3132
2031.381836 105.316 45.8776
2046.102051 105.402 45.4245
2060.928955 105.481 44.9640
2075.863281 105.553 44.5046
2090.905762 105.620 44.0534
2106.057373 105.681 43.6188
2121.318848 105.737 43.2104
2136.690918 105.791 42.8381
2152.174316 105.845 42.5075
2167.769775 105.902 42.2138
2183.478271 105.964 41.9388
2199.300537 106.035 41.6562
2215.237549 106.111 41.3403
2231.290039 106.190 40.9723
2247.458984 106.269 40.5424
2263.745117 106.345 40.0514
2280.149170 106.414 39.5104
2296.672119 106.474 38.9373
2313.314697 106.526 38.3517
2330.077881 106.570 37.7685
2346.962646 106.609 37.1919
2363.969727 106.643 36.6181
2381.100098 106.672 36.0433
2398.354492 106.696 35.4672
2415.733887 106.714 34.8940
2433.239258 106.725 34.3311
2450.871582 106.730 33.7868
2468.631592 106.728 33.2686
2486.520264 106.722 32.7838
2504.538574 106.711 32.3404
2522.687500 106.697 31.9463
2540.968018 106.684 31.6048
2559.380859 106.674 31.3088
2577.927246 106.669 31.0395
2596.607910 106.669 30.7743
2615.424072 106.672 30.4944
2634.376465 106.677 30.1902
2653.466309 106.679 29.8628
2672.694336 106.676 29.5239
2692.061768 106.668 29.1910
2711.569580 106.656 28.8809
2731.218750 106.641 28.6020
2751.010254 106.625 28.3546
2770.945312 106.609 28.1356
2791.024658 106.593 27.9419
2811.249512 106.579 27.7719
2831.621094 106.566 27.6238
2852.140137 106.555 27.4948
2872.807861 106.547 27.3818
2893.625488 106.540 27.2843
2914.593994 106.536 27.2046
2935.714355 106.535 27.1428
2956.987793 106.540 27.0914
2978.415283 106.550 27.0364
2999.998047 106.565 26.9626
3021.737305 106.583 26.8599
3043.634033 106.601 26.7258
3065.689453 106.619 26.5662
3087.904785 106.634 26.3922
3110.281006 106.647 26.2122
3132.819336 106.660 26.0281
3155.520996 106.671 25.8375
3178.387207 106.683 25.6380
3201.419189 106.693 25.4288
3224.617920 106.701 25.2098
3247.984863 106.707 24.9812
3271.520996 106.709 24.7468
3295.227783 106.706 24.5165
3319.106445 106.699 24.3036
3343.157959 106.689 24.1176
3367.383789 106.678 23.9599
3391.785156 106.667 23.8274
3416.363525 106.657 23.7155
3441.119873 106.647 23.6229
3466.055664 106.638 23.5513
3491.172119 106.632 23.5015
3516.470703 106.630 23.4669
3541.952393 106.632 23.4352
3567.618896 106.638 23.3921
3593.471436 106.647 23.3259
3619.511230 106.657 23.2286
3645.739746 106.667 23.0981
3672.158203 106.672 22.9407
3698.768066 106.673 22.7708
3725.570801 106.668 22.6038
3752.567871 106.659 22.4493
3779.760498 106.647 22.3109
3807.150146 106.632 22.1901
3834.738281 106.614 22.0919
3862.526367 106.594 22.0247
3890.515869 106.574 21.9951
3918.708252 106.556 22.0018
3947.104736 106.540 22.0359
3975.707031 106.530 22.0840
4004.516602 106.523 22.1311
4033.534912 106.520 22.1644
4062.763672 106.518 22.1782
4092.204102 106.515 22.1755
4121.857910 106.511 22.1624
4151.726562 106.505 22.1422
4181.811523 106.496 22.1165
4212.114746 106.484 22.0900
4242.637695 106.466 22.0747
4273.381836 106.445 22.0866
4304.348633 106.421 22.1377
4335.539551 106.397 22.2323
4366.956543 106.374 22.3665
4398.601074 106.354 22.5306
4430.475098 106.337 22.7135
4462.580078 106.322 22.9097
4494.917969 106.310 23.1199
4527.490234 106.299 23.3450
4560.298340 106.289 23.5831
4593.344238 106.281 23.8328
4626.629395 106.273 24.0985
4660.155762 106.265 24.3909
4693.925293 106.258 24.7201
4727.939453 106.254 25.0907
4762.200195 106.255 25.5002
4796.708984 106.262 25.9412
4831.467773 106.276 26.4055
4866.478516 106.296 26.8903
4901.743164 106.323 27.3959
4937.263184 106.357 27.9206
4973.040527 106.400 28.4590
5009.077148 106.452 29.0074
5045.375000 106.513 29.5673
5081.936035 106.584 30.1408
5118.761719 106.668 30.7250
5155.854492 106.768 31.3075
5193.215820 106.885 31.8658
5230.848145 107.019 32.3731
5268.752930 107.169 32.8048
5306.932617 107.335 33.1384
5345.388672 107.513 33.3515
5384.123535 107.700 33.4250
5423.139160 107.893 33.3487
5462.437500 108.086 33.1222
5502.020508 108.277 32.7507
5541.890625 108.464 32.2402
5582.049316 108.644 31.5949
5622.499023 108.815 30.8195
5663.242188 108.973 29.9227
5704.280273 109.117 28.9173
5745.615723 109.244 27.8163
5787.250977 109.352 26.6349
5829.187988 109.440 25.3937
5871.428711 109.507 24.1178
5913.975586 109.553 22.8328
5956.830566 109.581 21.5591
5999.996094 109.592 20.3102
6043.474609 109.588 19.0944
6087.268066 109.571 17.9167
6131.378906 109.543 16.7781
6175.809570 109.505 15.6776
6220.562012 109.456 14.6165
6265.638672 109.398 13.6007
6311.041992 109.330 12.6395
6356.774414 109.254 11.7401
6402.838379 109.173 10.9058
6449.235840 109.087 10.1366
6495.969727 108.999 9.4297
6543.041992 108.910 8.7782
6590.455566 108.821 8.1741
6638.212891 108.732 7.6125
6686.315918 108.643 7.0930
6734.767578 108.554 6.6165
6783.570312 108.467 6.1824
6832.727051 108.384 5.7872
6882.239746 108.305 5.4235
6932.111328 108.231 5.0786
6982.344238 108.163 4.7374
7032.941406 108.100 4.3873
7083.904785 108.041 4.0200
7135.237793 107.986 3.6306
7186.942871 107.932 3.2144
7239.022461 107.880 2.7668
7291.479492 107.830 2.2817
7344.316406 107.780 1.7501
7397.536133 107.728 1.1631
7451.141602 107.674 0.5145
7505.135742 107.613 -0.1978
7559.520996 107.544 -0.9725
7614.300293 107.465 -1.8051
7669.476562 107.374 -2.6897
7725.052734 107.268 -3.6221
7781.031738 107.145 -4.5983
7837.416504 107.001 -5.6080
7894.209473 106.832 -6.6306
7951.414062 106.635 -7.6351
8009.033203 106.407 -8.5807
8067.069824 106.146 -9.4182
8125.527344 105.852 -10.0916
8184.408203 105.527 -10.5312
8243.715820 105.175 -10.6415
8303.453125 104.805 -10.2921
8363.623047 104.439 -9.3326
8424.229492 104.115 -7.6547
8485.275391 103.881 -5.3273
8546.763672 103.778 -2.7454
8608.697266 103.795 -0.5674
8671.079102 103.864 0.6956
8733.913086 103.901 1.0660
8797.202148 103.858 0.9799
8860.950195 103.737 0.9070
8925.160156 103.568 1.1448
8989.835938 103.388 1.8019
9054.980469 103.230 2.8530
9120.596680 103.115 4.2009
9186.688477 103.055 5.7231
9253.258789 103.057 7.2988
9320.311523 103.119 8.8154
9387.850586 103.239 10.1685
9455.878906 103.409 11.2653
9524.400391 103.618 12.0304
9593.417969 103.854 12.4119
9662.935547 104.104 12.3821
9732.957031 104.355 11.9333
9803.486328 104.593 11.0725
9874.526367 104.807 9.8230
9946.081055 104.984 8.2267
10018.154297 105.114 6.3461
10090.750000 105.190 4.2592
10163.872070 105.209 2.0485
10237.523438 105.173 -0.2100
10311.708984 105.084 -2.4512
10386.431641 104.944 -4.6199
10461.696289 104.760 -6.6679
10537.505859 104.538 -8.5551
10613.865234 104.283 -10.2543
10690.777344 104.005 -11.7539
10768.247070 103.708 -13.0552
10846.278320 103.398 -14.1637
10924.875000 103.080 -15.0849
11004.041016 102.755 -15.8239
11083.781250 102.429 -16.3878
11164.098633 102.104 -16.7849
11244.998047 101.783 -17.0206
11326.484375 101.469 -17.0992
11408.560547 101.167 -17.0322
11491.231445 100.881 -16.8477
11574.501953 100.616 -16.5889
11658.375977 100.371 -16.3019
11742.857422 100.146 -16.0237
11827.951172 99.936 -15.7797
11913.661133 99.739 -15.5875
11999.992188 99.551 -15.4601
12086.949219 99.368 -15.4025
12174.536133 99.187 -15.4114
12262.757812 99.006 -15.4796
12351.619141 98.822 -15.6025
12441.124023 98.635 -15.7775
12531.277344 98.442 -15.9989
12622.083984 98.243 -16.2567
12713.548828 98.036 -16.5399
12805.676758 97.821 -16.8411
12898.471680 97.598 -17.1549
12991.939453 97.365 -17.4728
13086.083984 97.121 -17.7838
13180.911133 96.868 -18.0788
13276.425781 96.605 -18.3507
13372.631836 96.333 -18.5905
13469.535156 96.051 -18.7855
13567.140625 95.760 -18.9239
13665.454102 95.462 -18.9968
13764.479492 95.157 -18.9962
13864.222656 94.848 -18.9104
13964.688477 94.536 -18.7279
14065.882812 94.223 -18.4420
14167.809570 93.914 -18.0501
14270.475586 93.611 -17.5498
14373.885742 93.317 -16.9396
14478.044922 93.037 -16.2234
14582.958984 92.775 -15.4100
14688.632812 92.535 -14.5095
14795.072266 92.323 -13.5356
14902.283203 92.143 -12.5106
15010.271484 92.001 -11.4652
15119.041992 91.904 -10.4380
15228.600586 91.859 -9.4811
15338.953125 91.871 -8.6650
15450.105469 91.948 -8.0790
15562.063477 92.092 -7.8289
15674.833008 92.302 -8.0363
15788.418945 92.572 -8.8326
15902.828125 92.886 -10.3474
16018.066406 93.222 -12.6904
16134.139648 93.548 -15.9355
16251.054688 93.828 -20.1039
16368.816406 94.022 -25.1467
16487.431641 94.092 -30.9371
16606.906250 94.006 -37.2740
16727.246094 93.742 -43.8999
16848.458984 93.291 -50.5311
16970.550781 92.661 -56.9002
17093.527344 91.869 -62.7924
17217.394531 90.942 -68.0640
17342.158203 89.911 -72.6508
17467.826172 88.808 -76.5667
17594.404297 87.664 -79.8960
17721.900391 86.505 -82.7789
17850.320312 85.350 -85.3934
17979.671875 84.208 -87.9299
18109.960938 83.076 -90.5570
18241.193359 81.938 -93.3894
18373.376953 80.768 -96.4628
18506.517578 79.533 -99.7166
18640.623047 78.196 -102.9893
18775.701172 76.730 -106.0129
18911.757812 75.114 -108.3795
19048.800781 73.348 -109.4151
19186.835938 71.458 -107.7166
19325.871094 69.521 -99.0992
19465.914062 67.686 -66.2583
19606.972656 66.169 -5.5576
19749.052734 65.146 17.8155
19892.162109 64.616 25.2274
20036.308594 64.419 27.7816
