* Measurement data measured by REW V5.31
* Source: EXCL: Microphone (USB Sound Device        ), MICROPHONE (Master Volume), L, volume: 0.390
* Format: 256k Log Swept Sine, 1 sweep at -15.0 dBFS with no timing reference
* Dated: Nov 25, 2024 11:50:22 PM
* REW Settings:
*  C-weighting compensation: Off
*  Target level: 75.0 dB
* Note: Agasound AgaOne L
* Measurement: L Agasound AgaOne
* Smoothing: 1/12 octave
* Frequency Step: 96 ppo
* Start Frequency: 0.36621094 Hz
*
* Freq(Hz)	SPL(dB)	Phase(degrees)
0.366211	77.958	-177.5892
0.368865	77.957	-177.5978
0.371538	77.956	-177.6105
0.374230	77.955	-177.6264
0.376942	77.953	-177.6446
0.379673	77.952	-177.6642
0.382424	77.950	-177.6851
0.385196	77.948	-177.7068
0.387987	77.946	-177.7292
0.390798	77.945	-177.7522
0.393630	77.943	-177.7758
0.396483	77.941	-177.8000
0.399356	77.939	-177.8247
0.402250	77.937	-177.8500
0.405165	77.935	-177.8759
0.408101	77.933	-177.9023
0.411058	77.932	-177.9294
0.414037	77.930	-177.9570
0.417037	77.928	-177.9852
0.420059	77.926	-178.0140
0.423103	77.924	-178.0434
0.426169	77.922	-178.0734
0.429257	77.920	-178.1041
0.432368	77.918	-178.1354
0.435501	77.916	-178.1673
0.438656	77.914	-178.1999
0.441835	77.912	-178.2332
0.445037	77.910	-178.2671
0.448262	77.908	-178.3017
0.451510	77.906	-178.3370
0.454782	77.904	-178.3730
0.458077	77.902	-178.4096
0.461397	77.899	-178.4470
0.464740	77.897	-178.4851
0.468108	77.895	-178.5240
0.471500	77.893	-178.5636
0.474917	77.891	-178.6039
0.478358	77.889	-178.6451
0.481825	77.886	-178.6869
0.485316	77.884	-178.7296
0.488833	77.882	-178.7731
0.492375	77.880	-178.8173
0.495943	77.877	-178.8624
0.499537	77.875	-178.9083
0.503157	77.873	-178.9550
0.506803	77.870	-179.0027
0.510475	77.868	-179.0511
0.514175	77.866	-179.1004
0.517900	77.863	-179.1507
0.521653	77.861	-179.2018
0.525434	77.859	-179.2538
0.529241	77.856	-179.3068
0.533076	77.854	-179.3607
0.536939	77.851	-179.4155
0.540830	77.849	-179.4714
0.544749	77.846	-179.5282
0.548696	77.844	-179.5860
0.552673	77.841	-179.6448
0.556677	77.839	-179.7047
0.560711	77.836	-179.7656
0.564774	77.833	-179.8276
0.568867	77.831	-179.8907
0.572989	77.828	-179.9548
0.577141	77.825	179.9799
0.581324	77.823	179.9135
0.585536	77.820	179.8459
0.589779	77.817	179.7771
0.594053	77.815	179.7071
0.598358	77.812	179.6359
0.602694	77.809	179.5634
0.607061	77.806	179.4896
0.611460	77.804	179.4146
0.615891	77.801	179.3382
0.620354	77.798	179.2604
0.624849	77.795	179.1813
0.629377	77.792	179.1008
0.633938	77.789	179.0188
0.638532	77.786	178.9353
0.643159	77.783	178.8503
0.647819	77.780	178.7638
0.652514	77.777	178.6757
0.657242	77.774	178.5859
0.662005	77.771	178.4945
0.666802	77.768	178.4014
0.671634	77.765	178.3065
0.676501	77.762	178.2098
0.681403	77.759	178.1113
0.686341	77.756	178.0109
0.691314	77.752	177.9085
0.696324	77.749	177.8041
0.701370	77.745	177.6976
0.706452	77.742	177.5889
0.711571	77.737	177.4778
0.716728	77.733	177.3643
0.721921	77.726	177.2481
0.727153	77.719	177.1290
0.732422	77.709	177.0065
0.737729	77.697	176.8802
0.743075	77.682	176.7497
0.748460	77.666	176.6147
0.753883	77.649	176.4750
0.759346	77.631	176.3303
0.764849	77.613	176.1805
0.770391	77.594	176.0255
0.775974	77.575	175.8654
0.781597	77.556	175.7001
0.787261	77.536	175.5295
0.792966	77.516	175.3536
0.798712	77.496	175.1725
0.804500	77.476	174.9861
0.810329	77.455	174.7943
0.816201	77.434	174.5974
0.822116	77.412	174.3951
0.828073	77.390	174.1875
0.834074	77.367	173.9746
0.840118	77.343	173.7564
0.846206	77.319	173.5330
0.852338	77.295	173.3042
0.858514	77.269	173.0702
0.864735	77.243	172.8309
0.871001	77.215	172.5864
0.877313	77.187	172.3366
0.883670	77.158	172.0816
0.890074	77.127	171.8214
0.896524	77.096	171.5560
0.903020	77.063	171.2855
0.909564	77.029	171.0098
0.916155	76.994	170.7289
0.922794	76.957	170.4430
0.929481	76.918	170.1519
0.936216	76.878	169.8558
0.943000	76.836	169.5547
0.949834	76.792	169.2485
0.956717	76.747	168.9374
0.963649	76.699	168.6213
0.970632	76.649	168.3003
0.977666	76.597	167.9744
0.984750	76.543	167.6436
0.991886	76.486	167.3080
0.999074	76.426	166.9675
1.006314	76.364	166.6222
1.013606	76.299	166.2720
1.020951	76.231	165.9171
1.028349	76.160	165.5575
1.035801	76.086	165.1930
1.043307	76.009	164.8236
1.050867	75.927	164.4493
1.058482	75.842	164.0698
1.066152	75.753	163.6849
1.073878	75.660	163.2938
1.081660	75.562	162.8958
1.089498	75.458	162.4892
1.097393	75.347	162.0721
1.105345	75.229	161.6419
1.113355	75.103	161.1958
1.121423	74.967	160.7312
1.129549	74.822	160.2458
1.137734	74.666	159.7379
1.145979	74.501	159.2057
1.154283	74.326	158.6479
1.162647	74.142	158.0632
1.171072	73.949	157.4503
1.179558	73.747	156.8078
1.188106	73.537	156.1344
1.196715	73.320	155.4284
1.205387	73.096	154.6884
1.214122	72.866	153.9125
1.222920	72.631	153.0990
1.231782	72.390	152.2457
1.240708	72.146	151.3504
1.249699	71.899	150.4108
1.258754	71.649	149.4242
1.267876	71.397	148.3877
1.277063	71.145	147.2982
1.286318	70.893	146.1524
1.295639	70.642	144.9464
1.305027	70.394	143.6761
1.314484	70.150	142.3371
1.324009	69.909	140.9243
1.333604	69.675	139.4322
1.343268	69.448	137.8547
1.353002	69.229	136.1853
1.362806	69.020	134.4163
1.372681	68.823	132.5397
1.382628	68.638	130.5463
1.392647	68.468	128.4260
1.402739	68.314	126.1674
1.412904	68.177	123.7575
1.423142	68.060	121.1819
1.433455	67.964	118.4233
1.443843	67.891	115.4621
1.454305	67.841	112.2749
1.464844	67.815	108.8358
1.475459	67.814	105.1177
1.486150	67.837	101.0973
1.496920	67.884	96.7598
1.507767	67.954	92.1048
1.518693	68.046	87.1504
1.529698	68.160	81.9355
1.540783	68.295	76.5203
1.551948	68.449	70.9830
1.563194	68.622	65.4138
1.574521	68.813	59.9049
1.585931	69.021	54.5423
1.597423	69.245	49.3967
1.608999	69.483	44.5198
1.620658	69.734	39.9433
1.632402	69.998	35.6808
1.644232	70.272	31.7309
1.656146	70.556	28.0822
1.668147	70.848	24.7162
1.680235	71.146	21.6105
1.692411	71.449	18.7415
1.704675	71.756	16.0852
1.717028	72.065	13.6190
1.729470	72.374	11.3215
1.742003	72.682	9.1731
1.754626	72.987	7.1559
1.767341	73.288	5.2540
1.780147	73.583	3.4530
1.793047	73.873	1.7401
1.806040	74.157	0.1038
1.819128	74.436	-1.4656
1.832310	74.711	-2.9763
1.845587	74.984	-4.4349
1.858961	75.259	-5.8462
1.872432	75.535	-7.2135
1.886001	75.815	-8.5389
1.899667	76.098	-9.8243
1.913433	76.385	-11.0710
1.927299	76.675	-12.2803
1.941265	76.968	-13.4536
1.955332	77.264	-14.5923
1.969501	77.561	-15.6979
1.983773	77.860	-16.7718
1.998148	78.160	-17.8157
2.012627	78.459	-18.8310
2.027212	78.758	-19.8195
2.041902	79.055	-20.7827
2.056698	79.350	-21.7224
2.071602	79.641	-22.6400
2.086614	79.929	-23.5374
2.101734	80.213	-24.4161
2.116964	80.491	-25.2781
2.132304	80.762	-26.1252
2.147756	81.027	-26.9594
2.163320	81.284	-27.7832
2.178996	81.534	-28.5990
2.194786	81.775	-29.4096
2.210690	82.009	-30.2177
2.226710	82.235	-31.0253
2.242845	82.453	-31.8335
2.259098	82.665	-32.6426
2.275468	82.870	-33.4521
2.291957	83.068	-34.2610
2.308566	83.261	-35.0680
2.325295	83.448	-35.8720
2.342145	83.629	-36.6716
2.359117	83.806	-37.4656
2.376212	83.978	-38.2529
2.393431	84.146	-39.0327
2.410775	84.311	-39.8038
2.428244	84.472	-40.5657
2.445840	84.630	-41.3177
2.463564	84.786	-42.0596
2.481416	84.940	-42.7912
2.499397	85.092	-43.5128
2.517509	85.243	-44.2253
2.535752	85.392	-44.9301
2.554127	85.539	-45.6294
2.572635	85.685	-46.3259
2.591277	85.827	-47.0226
2.610055	85.967	-47.7213
2.628968	86.103	-48.4232
2.648019	86.236	-49.1283
2.667208	86.365	-49.8358
2.686535	86.490	-50.5446
2.706003	86.612	-51.2531
2.725612	86.730	-51.9594
2.745363	86.846	-52.6619
2.765257	86.958	-53.3586
2.785295	87.068	-54.0480
2.805478	87.176	-54.7281
2.825808	87.281	-55.3978
2.846285	87.385	-56.0557
2.866910	87.486	-56.7012
2.887685	87.586	-57.3341
2.908611	87.684	-57.9554
2.929688	87.779	-58.5667
2.950917	87.873	-59.1705
2.972301	87.963	-59.7692
2.993839	88.051	-60.3644
3.015534	88.136	-60.9571
3.037386	88.218	-61.5471
3.059396	88.298	-62.1339
3.081565	88.374	-62.7163
3.103896	88.449	-63.2928
3.126388	88.521	-63.8618
3.149043	88.591	-64.4214
3.171862	88.659	-64.9700
3.194847	88.726	-65.5057
3.217998	88.792	-66.0272
3.241317	88.856	-66.5331
3.264805	88.919	-67.0231
3.288463	88.981	-67.4971
3.312293	89.041	-67.9560
3.336295	89.100	-68.4012
3.360471	89.156	-68.8340
3.384822	89.211	-69.2553
3.409350	89.264	-69.6657
3.434056	89.315	-70.0654
3.458940	89.365	-70.4542
3.484005	89.413	-70.8318
3.509252	89.461	-71.1976
3.534681	89.509	-71.5509
3.560295	89.556	-71.8909
3.586094	89.603	-72.2168
3.612081	89.651	-72.5276
3.638255	89.699	-72.8227
3.664620	89.747	-73.1014
3.691175	89.796	-73.3633
3.717923	89.844	-73.6088
3.744864	89.893	-73.8381
3.772001	89.942	-74.0527
3.799335	89.990	-74.2535
3.826866	90.040	-74.4421
3.854597	90.089	-74.6200
3.882529	90.140	-74.7888
3.910664	90.192	-74.9496
3.939002	90.245	-75.1037
3.967546	90.300	-75.2518
3.996296	90.356	-75.3940
4.025255	90.415	-75.5300
4.054423	90.475	-75.6593
4.083804	90.537	-75.7811
4.113396	90.601	-75.8956
4.143204	90.667	-76.0038
4.173227	90.735	-76.1073
4.203468	90.804	-76.2083
4.233928	90.875	-76.3093
4.264609	90.947	-76.4127
4.295512	91.021	-76.5209
4.326639	91.096	-76.6357
4.357992	91.172	-76.7585
4.389572	91.250	-76.8898
4.421380	91.330	-77.0292
4.453419	91.411	-77.1761
4.485691	91.494	-77.3303
4.518196	91.578	-77.4918
4.550936	91.663	-77.6612
4.583914	91.749	-77.8393
4.617131	91.836	-78.0273
4.650589	91.923	-78.2264
4.684289	92.010	-78.4379
4.718233	92.096	-78.6627
4.752424	92.183	-78.9014
4.786862	92.269	-79.1542
4.821549	92.354	-79.4209
4.856488	92.440	-79.7008
4.891680	92.525	-79.9929
4.927127	92.609	-80.2961
4.962831	92.692	-80.6097
4.998794	92.775	-80.9326
5.035017	92.856	-81.2642
5.071503	92.935	-81.6041
5.108253	93.013	-81.9524
5.145270	93.089	-82.3093
5.182555	93.163	-82.6750
5.220110	93.236	-83.0491
5.257937	93.306	-83.4305
5.296038	93.375	-83.8179
5.334415	93.442	-84.2092
5.373071	93.507	-84.6025
5.412006	93.570	-84.9963
5.451224	93.632	-85.3893
5.490725	93.691	-85.7808
5.530514	93.749	-86.1710
5.570590	93.804	-86.5598
5.610957	93.858	-86.9471
5.651616	93.909	-87.3321
5.692570	93.960	-87.7136
5.733821	94.009	-88.0903
5.775370	94.056	-88.4607
5.817221	94.103	-88.8235
5.859375	94.149	-89.1781
5.901834	94.193	-89.5241
5.944602	94.237	-89.8618
5.987679	94.281	-90.1915
6.031068	94.323	-90.5135
6.074771	94.366	-90.8280
6.118792	94.408	-91.1352
6.163131	94.450	-91.4351
6.207792	94.493	-91.7274
6.252776	94.537	-92.0122
6.298086	94.581	-92.2897
6.343725	94.626	-92.5608
6.389694	94.671	-92.8264
6.435996	94.717	-93.0881
6.482634	94.765	-93.3474
6.529610	94.813	-93.6055
6.576926	94.862	-93.8635
6.624585	94.913	-94.1220
6.672590	94.965	-94.3815
6.720942	95.018	-94.6426
6.769645	95.072	-94.9066
6.818700	95.127	-95.1746
6.868111	95.183	-95.4481
6.917881	95.239	-95.7285
6.968010	95.296	-96.0165
7.018504	95.354	-96.3124
7.069362	95.412	-96.6166
7.120590	95.470	-96.9288
7.172189	95.528	-97.2493
7.224161	95.586	-97.5781
7.276511	95.644	-97.9152
7.329239	95.701	-98.2609
7.382350	95.757	-98.6149
7.435845	95.813	-98.9769
7.489729	95.868	-99.3460
7.544002	95.922	-99.7212
7.598669	95.975	-100.1014
7.653732	96.026	-100.4855
7.709194	96.077	-100.8730
7.765058	96.126	-101.2632
7.821327	96.174	-101.6555
7.878004	96.220	-102.0487
7.935091	96.266	-102.4418
7.992592	96.310	-102.8334
8.050510	96.354	-103.2227
8.108847	96.397	-103.6090
8.167607	96.438	-103.9919
8.226793	96.479	-104.3713
8.286408	96.520	-104.7466
8.346454	96.560	-105.1177
8.406936	96.600	-105.4842
8.467856	96.640	-105.8461
8.529218	96.680	-106.2035
8.591024	96.720	-106.5569
8.653278	96.761	-106.9070
8.715983	96.801	-107.2544
8.779143	96.843	-107.5998
8.842760	96.885	-107.9437
8.906839	96.927	-108.2869
8.971381	96.970	-108.6299
9.036392	97.013	-108.9738
9.101873	97.057	-109.3194
9.167829	97.102	-109.6675
9.234263	97.147	-110.0186
9.301178	97.192	-110.3730
9.368578	97.237	-110.7312
9.436467	97.282	-111.0931
9.504847	97.327	-111.4592
9.573723	97.371	-111.8295
9.643099	97.415	-112.2036
9.712976	97.457	-112.5813
9.783361	97.498	-112.9620
9.854255	97.535	-113.3453
9.925663	97.571	-113.7304
9.997588	97.603	-114.1170
10.070035	97.632	-114.5043
10.143007	97.658	-114.8917
10.216507	97.683	-115.2784
10.290540	97.705	-115.6638
10.365109	97.726	-116.0475
10.440219	97.745	-116.4292
10.515873	97.763	-116.8085
10.592076	97.780	-117.1853
10.668830	97.798	-117.5594
10.746141	97.814	-117.9310
10.824012	97.831	-118.3001
10.902447	97.848	-118.6672
10.981451	97.864	-119.0326
11.061027	97.881	-119.3965
11.141180	97.898	-119.7596
11.221913	97.915	-120.1221
11.303232	97.931	-120.4844
11.385140	97.948	-120.8470
11.467641	97.965	-121.2103
11.550741	97.982	-121.5742
11.634442	97.999	-121.9388
11.718750	98.016	-122.3043
11.803669	98.033	-122.6707
11.889203	98.050	-123.0375
11.975357	98.067	-123.4047
12.062136	98.084	-123.7719
12.149543	98.101	-124.1389
12.237583	98.118	-124.5051
12.326262	98.134	-124.8706
12.415583	98.151	-125.2349
12.505552	98.167	-125.5977
12.596172	98.182	-125.9591
12.687449	98.198	-126.3190
12.779387	98.213	-126.6774
12.871992	98.228	-127.0345
12.965268	98.243	-127.3906
13.059220	98.257	-127.7457
13.153852	98.272	-128.1003
13.249170	98.287	-128.4546
13.345179	98.302	-128.8088
13.441884	98.318	-129.1632
13.539289	98.333	-129.5179
13.637401	98.348	-129.8729
13.736223	98.363	-130.2282
13.835761	98.378	-130.5837
13.936021	98.393	-130.9392
14.037007	98.407	-131.2944
14.138725	98.420	-131.6491
14.241180	98.433	-132.0030
14.344377	98.446	-132.3558
14.448323	98.458	-132.7073
14.553021	98.470	-133.0576
14.658478	98.481	-133.4063
14.764700	98.493	-133.7538
14.871691	98.504	-134.1001
14.979457	98.515	-134.4455
15.088005	98.526	-134.7903
15.197339	98.538	-135.1349
15.307465	98.549	-135.4796
15.418389	98.560	-135.8246
15.530117	98.572	-136.1702
15.642655	98.582	-136.5166
15.756008	98.593	-136.8637
15.870182	98.603	-137.2114
15.985184	98.613	-137.5596
16.101019	98.622	-137.9079
16.217694	98.631	-138.2560
16.335214	98.639	-138.6036
16.453586	98.648	-138.9503
16.572815	98.655	-139.2960
16.692909	98.663	-139.6404
16.813872	98.671	-139.9835
16.935713	98.680	-140.3254
17.058436	98.688	-140.6664
17.182048	98.696	-141.0065
17.306556	98.705	-141.3462
17.431967	98.714	-141.6859
17.558286	98.723	-142.0256
17.685521	98.731	-142.3658
17.813677	98.739	-142.7064
17.942762	98.748	-143.0476
18.072783	98.755	-143.3891
18.203746	98.763	-143.7307
18.335658	98.770	-144.0721
18.468526	98.777	-144.4131
18.602356	98.784	-144.7534
18.737156	98.790	-145.0925
18.872934	98.797	-145.4305
19.009695	98.803	-145.7671
19.147447	98.810	-146.1024
19.286197	98.817	-146.4366
19.425953	98.823	-146.7697
19.566721	98.830	-147.1019
19.708510	98.837	-147.4333
19.851326	98.843	-147.7642
19.995177	98.849	-148.0945
20.140070	98.855	-148.4242
20.286013	98.861	-148.7532
20.433014	98.866	-149.0814
20.581080	98.871	-149.4086
20.730219	98.876	-149.7349
20.880439	98.881	-150.0599
21.031747	98.885	-150.3838
21.184152	98.890	-150.7065
21.337661	98.895	-151.0282
21.492282	98.900	-151.3489
21.648024	98.905	-151.6687
21.804895	98.909	-151.9877
21.962902	98.914	-152.3060
22.122054	98.919	-152.6234
22.282360	98.923	-152.9401
22.443827	98.927	-153.2559
22.606464	98.930	-153.5709
22.770280	98.934	-153.8850
22.935283	98.937	-154.1983
23.101481	98.940	-154.5110
23.268884	98.942	-154.8231
23.437500	98.945	-155.1348
23.607338	98.947	-155.4462
23.778406	98.948	-155.7573
23.950714	98.949	-156.0680
24.124271	98.950	-156.3783
24.299086	98.950	-156.6880
24.475167	98.949	-156.9968
24.652524	98.948	-157.3046
24.831166	98.947	-157.6112
25.011103	98.946	-157.9167
25.192344	98.945	-158.2213
25.374898	98.943	-158.5250
25.558775	98.941	-158.8281
25.743984	98.940	-159.1309
25.930536	98.938	-159.4333
26.118439	98.935	-159.7357
26.307704	98.933	-160.0378
26.498341	98.930	-160.3397
26.690359	98.928	-160.6409
26.883768	98.924	-160.9413
27.078579	98.921	-161.2406
27.274801	98.918	-161.5387
27.472446	98.914	-161.8355
27.671522	98.910	-162.1309
27.872042	98.906	-162.4250
28.074014	98.902	-162.7179
28.277450	98.898	-163.0096
28.482360	98.894	-163.3005
28.688755	98.889	-163.5907
28.896645	98.885	-163.8802
29.106042	98.880	-164.1694
29.316957	98.876	-164.4583
29.529400	98.872	-164.7471
29.743382	98.867	-165.0355
29.958915	98.862	-165.3238
30.176009	98.858	-165.6116
30.394677	98.853	-165.8987
30.614929	98.848	-166.1850
30.836778	98.843	-166.4705
31.060234	98.838	-166.7551
31.285309	98.833	-167.0389
31.512015	98.828	-167.3222
31.740364	98.823	-167.6051
31.970368	98.817	-167.8878
32.202039	98.812	-168.1703
32.435388	98.806	-168.4526
32.670428	98.800	-168.7347
32.907171	98.794	-169.0166
33.145630	98.787	-169.2983
33.385817	98.781	-169.5798
33.627745	98.774	-169.8612
33.871425	98.767	-170.1425
34.116871	98.759	-170.4235
34.364096	98.752	-170.7041
34.613113	98.744	-170.9841
34.863934	98.735	-171.2632
35.116572	98.727	-171.5412
35.371041	98.718	-171.8181
35.627354	98.709	-172.0938
35.885525	98.699	-172.3685
36.145566	98.690	-172.6423
36.407492	98.680	-172.9152
36.671316	98.670	-173.1873
36.937051	98.660	-173.4581
37.204712	98.649	-173.7276
37.474313	98.639	-173.9956
37.745867	98.628	-174.2620
38.019389	98.617	-174.5267
38.294893	98.606	-174.7902
38.572394	98.595	-175.0524
38.851905	98.584	-175.3137
39.133442	98.573	-175.5741
39.417019	98.562	-175.8336
39.702651	98.550	-176.0922
39.990353	98.539	-176.3497
40.280140	98.527	-176.6064
40.572026	98.515	-176.8622
40.866028	98.504	-177.1172
41.162160	98.492	-177.3716
41.460438	98.479	-177.6255
41.760877	98.467	-177.8787
42.063494	98.454	-178.1310
42.368303	98.441	-178.3822
42.675322	98.428	-178.6323
42.984565	98.414	-178.8810
43.296048	98.401	-179.1285
43.609789	98.387	-179.3747
43.925804	98.372	-179.6198
44.244108	98.358	-179.8640
44.564719	98.344	179.8925
44.887654	98.329	179.6490
45.212928	98.315	179.4052
45.540560	98.300	179.1609
45.870565	98.285	178.9164
46.202962	98.269	178.6726
46.537768	98.253	178.4305
46.875000	98.236	178.1910
47.214676	98.220	177.9544
47.556813	98.204	177.7203
47.901429	98.188	177.4877
48.248542	98.172	177.2557
48.598171	98.156	177.0239
48.950334	98.141	176.7925
49.305048	98.125	176.5619
49.662333	98.109	176.3329
50.022206	98.092	176.1058
50.384688	98.076	175.8809
50.749796	98.059	175.6580
51.117550	98.043	175.4366
51.487969	98.027	175.2164
51.861072	98.010	174.9970
52.236879	97.994	174.7782
52.615409	97.977	174.5604
52.996681	97.960	174.3441
53.380717	97.943	174.1301
53.767536	97.926	173.9187
54.157158	97.909	173.7096
54.549603	97.893	173.5020
54.944892	97.877	173.2948
55.343045	97.861	173.0873
55.744084	97.845	172.8787
56.148028	97.829	172.6685
56.554900	97.814	172.4562
56.964720	97.798	172.2411
57.377510	97.782	172.0228
57.793291	97.766	171.8015
58.212085	97.749	171.5782
58.633914	97.732	171.3540
59.058799	97.714	171.1298
59.486764	97.696	170.9061
59.917829	97.677	170.6831
60.352019	97.657	170.4608
60.789354	97.637	170.2394
61.229859	97.617	170.0191
61.673556	97.596	169.8000
62.120468	97.575	169.5823
62.570618	97.553	169.3664
63.024031	97.530	169.1530
63.480729	97.508	168.9427
63.940736	97.485	168.7360
64.404077	97.462	168.5322
64.870776	97.439	168.3303
65.340856	97.416	168.1293
65.814343	97.393	167.9289
66.291261	97.369	167.7296
66.771635	97.345	167.5322
67.255489	97.321	167.3371
67.742850	97.297	167.1444
68.233743	97.273	166.9536
68.728193	97.249	166.7642
69.226226	97.225	166.5760
69.727867	97.200	166.3892
70.233144	97.176	166.2035
70.742083	97.152	166.0188
71.254709	97.127	165.8350
71.771050	97.103	165.6519
72.291132	97.078	165.4698
72.814984	97.053	165.2886
73.342631	97.029	165.1086
73.874102	97.003	164.9300
74.409424	96.978	164.7531
74.948626	96.953	164.5779
75.491734	96.927	164.4044
76.038779	96.902	164.2317
76.589787	96.877	164.0590
77.144788	96.852	163.8854
77.703811	96.828	163.7103
78.266885	96.803	163.5330
78.834039	96.778	163.3527
79.405303	96.753	163.1693
79.980706	96.728	162.9825
80.560280	96.703	162.7924
81.144053	96.676	162.5987
81.732056	96.649	162.4016
82.324320	96.620	162.2022
82.920876	96.589	162.0031
83.521755	96.557	161.8079
84.126988	96.522	161.6207
84.736607	96.486	161.4452
85.350643	96.448	161.2842
85.969129	96.410	161.1398
86.592097	96.373	161.0129
87.219579	96.335	160.9032
87.851608	96.299	160.8091
88.488217	96.265	160.7276
89.129439	96.233	160.6552
89.775308	96.204	160.5891
90.425856	96.176	160.5273
91.081119	96.151	160.4676
91.741131	96.129	160.4064
92.405925	96.109	160.3384
93.075536	96.091	160.2570
93.750000	96.075	160.1566
94.429351	96.059	160.0345
95.113625	96.042	159.8922
95.802858	96.023	159.7344
96.497085	96.002	159.5662
97.196342	95.979	159.3924
97.900667	95.954	159.2172
98.610096	95.926	159.0451
99.324665	95.897	158.8806
100.044413	95.866	158.7264
100.769376	95.835	158.5829
101.499592	95.804	158.4486
102.235100	95.773	158.3215
102.975938	95.743	158.1991
103.722144	95.713	158.0786
104.473757	95.683	157.9577
105.230817	95.653	157.8350
105.993363	95.623	157.7092
106.761435	95.593	157.5796
107.535072	95.563	157.4458
108.314315	95.533	157.3081
109.099206	95.502	157.1674
109.889783	95.470	157.0241
110.686090	95.437	156.8788
111.488167	95.404	156.7321
112.296056	95.369	156.5848
113.109800	95.333	156.4390
113.929440	95.295	156.2982
114.755020	95.255	156.1670
115.586582	95.213	156.0505
116.424170	95.171	155.9528
117.267827	95.128	155.8750
118.117598	95.086	155.8151
118.973527	95.045	155.7681
119.835658	95.007	155.7272
120.704037	94.969	155.6870
121.578708	94.934	155.6441
122.459718	94.899	155.5970
123.347111	94.865	155.5453
124.240935	94.832	155.4897
125.141236	94.799	155.4310
126.048061	94.766	155.3705
126.961458	94.733	155.3090
127.881473	94.701	155.2469
128.808154	94.668	155.1849
129.741551	94.635	155.1232
130.681712	94.601	155.0612
131.628686	94.567	154.9984
132.582521	94.533	154.9345
133.543269	94.498	154.8701
134.510979	94.462	154.8063
135.485701	94.426	154.7443
136.467486	94.389	154.6852
137.456386	94.351	154.6298
138.452451	94.313	154.5781
139.455735	94.275	154.5297
140.466288	94.236	154.4840
141.484165	94.198	154.4406
142.509418	94.160	154.3993
143.542100	94.122	154.3602
144.582265	94.084	154.3238
145.629968	94.045	154.2902
146.685262	94.007	154.2599
147.748204	93.967	154.2331
148.818849	93.927	154.2107
149.897251	93.885	154.1936
150.983469	93.843	154.1833
152.077557	93.800	154.1825
153.179574	93.757	154.1935
154.289576	93.715	154.2181
155.407622	93.674	154.2550
156.533770	93.635	154.3000
157.668078	93.598	154.3475
158.810606	93.562	154.3910
159.961413	93.527	154.4260
161.120559	93.492	154.4504
162.288105	93.456	154.4642
163.464112	93.421	154.4694
164.648640	93.385	154.4687
165.841752	93.348	154.4661
167.043510	93.311	154.4661
168.253976	93.273	154.4724
169.473213	93.234	154.4872
170.701286	93.195	154.5096
171.938258	93.157	154.5364
173.184194	93.120	154.5631
174.439158	93.083	154.5865
175.703216	93.046	154.6055
176.976434	93.010	154.6206
178.258878	92.973	154.6332
179.550615	92.937	154.6444
180.851713	92.900	154.6548
182.162239	92.863	154.6649
183.482262	92.826	154.6753
184.811850	92.789	154.6864
186.151073	92.751	154.6984
187.500000	92.713	154.7118
188.858702	92.675	154.7270
190.227250	92.637	154.7447
191.605715	92.600	154.7659
192.994169	92.562	154.7918
194.392685	92.525	154.8235
195.801334	92.488	154.8611
197.220191	92.450	154.9043
198.649330	92.411	154.9536
200.088825	92.371	155.0116
201.538751	92.331	155.0801
202.999184	92.292	155.1571
204.470200	92.255	155.2367
205.951875	92.219	155.3132
207.444287	92.183	155.3826
208.947514	92.148	155.4442
210.461634	92.111	155.4996
211.986726	92.073	155.5527
213.522869	92.034	155.6083
215.070144	91.992	155.6721
216.628631	91.950	155.7485
218.198411	91.907	155.8398
219.779567	91.866	155.9445
221.372180	91.825	156.0571
222.976334	91.786	156.1717
224.592112	91.748	156.2835
226.219600	91.711	156.3905
227.858880	91.674	156.4929
229.510039	91.637	156.5917
231.173164	91.600	156.6888
232.848340	91.563	156.7859
234.535655	91.526	156.8837
236.235197	91.489	156.9816
237.947054	91.451	157.0783
239.671317	91.413	157.1735
241.408074	91.374	157.2678
243.157416	91.334	157.3638
244.919435	91.292	157.4648
246.694223	91.250	157.5745
248.481871	91.207	157.6967
250.282473	91.164	157.8341
252.096123	91.122	157.9884
253.922915	91.082	158.1578
255.762945	91.044	158.3362
257.616309	91.009	158.5139
259.483103	90.976	158.6807
261.363424	90.945	158.8313
263.257372	90.913	158.9675
265.165043	90.880	159.0963
267.086538	90.845	159.2258
269.021957	90.809	159.3631
270.971401	90.772	159.5122
272.934972	90.736	159.6736
274.912771	90.700	159.8456
276.904902	90.666	160.0256
278.911469	90.633	160.2109
280.932577	90.602	160.3990
282.968330	90.572	160.5862
285.018835	90.545	160.7668
287.084199	90.519	160.9342
289.164530	90.495	161.0829
291.259935	90.469	161.2118
293.370525	90.442	161.3261
295.496408	90.411	161.4354
297.637697	90.378	161.5491
299.794503	90.343	161.6733
301.966937	90.306	161.8096
304.155114	90.269	161.9565
306.359147	90.232	162.1115
308.579152	90.196	162.2720
310.815244	90.159	162.4361
313.067539	90.122	162.6025
315.336156	90.085	162.7721
317.621211	90.047	162.9479
319.922826	90.008	163.1340
322.241118	89.969	163.3326
324.576210	89.931	163.5425
326.928223	89.894	163.7604
329.297280	89.858	163.9823
331.683504	89.824	164.2044
334.087019	89.790	164.4240
336.507952	89.757	164.6394
338.946427	89.724	164.8511
341.402572	89.690	165.0610
343.876516	89.656	165.2723
346.368387	89.622	165.4875
348.878315	89.587	165.7081
351.406431	89.552	165.9338
353.952867	89.517	166.1637
356.517756	89.482	166.3969
359.101230	89.448	166.6325
361.703426	89.413	166.8702
364.324478	89.379	167.1100
366.964523	89.345	167.3528
369.623699	89.310	167.5991
372.302145	89.277	167.8490
375.000000	89.243	168.1024
377.717405	89.210	168.3590
380.454501	89.177	168.6186
383.211431	89.145	168.8812
385.988339	89.113	169.1469
388.785369	89.081	169.4157
391.602668	89.049	169.6873
394.440383	89.018	169.9615
397.298660	88.987	170.2383
400.177650	88.957	170.5172
403.077502	88.927	170.7974
405.998368	88.898	171.0772
408.940400	88.869	171.3557
411.903750	88.839	171.6337
414.888575	88.809	171.9144
417.895028	88.779	172.2021
420.923268	88.748	172.4998
423.973452	88.718	172.8086
427.045738	88.689	173.1274
430.140287	88.662	173.4523
433.257261	88.636	173.7787
436.396822	88.613	174.1028
439.559133	88.590	174.4236
442.744360	88.569	174.7405
445.952668	88.549	175.0517
449.184225	88.530	175.3527
452.439199	88.511	175.6378
455.717760	88.492	175.9042
459.020079	88.471	176.1557
462.346327	88.446	176.4028
465.696680	88.419	176.6575
469.071310	88.390	176.9276
472.470394	88.361	177.2145
475.894109	88.331	177.5154
479.342634	88.302	177.8243
482.816148	88.274	178.1360
486.314833	88.245	178.4486
489.838871	88.215	178.7666
493.388445	88.185	179.0973
496.963741	88.155	179.4445
500.564945	88.127	179.8049
504.192245	88.100	-179.8292
507.845830	88.076	-179.4650
511.525890	88.052	-179.1060
515.232618	88.028	-178.7518
518.966206	88.003	-178.3986
522.726849	87.978	-178.0407
526.514743	87.952	-177.6729
530.330086	87.927	-177.2925
534.173076	87.903	-176.9020
538.043915	87.880	-176.5067
541.942803	87.857	-176.1096
545.869944	87.836	-175.7105
549.825542	87.816	-175.3083
553.809805	87.796	-174.9044
557.822939	87.778	-174.5017
561.865154	87.760	-174.1023
565.936660	87.742	-173.7057
570.037671	87.724	-173.3091
574.168399	87.706	-172.9087
578.329060	87.687	-172.5026
582.519870	87.668	-172.0910
586.741049	87.649	-171.6744
590.992817	87.630	-171.2507
595.275394	87.612	-170.8175
599.589005	87.594	-170.3757
603.933874	87.578	-169.9293
608.310228	87.562	-169.4822
612.718295	87.547	-169.0355
617.158304	87.532	-168.5864
621.630488	87.516	-168.1287
626.135079	87.501	-167.6559
630.672311	87.487	-167.1659
635.242423	87.475	-166.6633
639.845651	87.465	-166.1548
644.482237	87.457	-165.6433
649.152421	87.452	-165.1281
653.856447	87.449	-164.6102
658.594560	87.450	-164.0964
663.367008	87.453	-163.5968
668.174039	87.457	-163.1194
673.015903	87.461	-162.6640
677.892854	87.463	-162.2227
682.805145	87.463	-161.7859
687.753032	87.462	-161.3465
692.736774	87.458	-160.8988
697.756631	87.454	-160.4382
702.812863	87.449	-159.9631
707.905735	87.446	-159.4758
713.035511	87.443	-158.9805
718.202461	87.441	-158.4812
723.406852	87.441	-157.9792
728.648956	87.440	-157.4738
733.929047	87.441	-156.9641
739.247399	87.441	-156.4491
744.604290	87.443	-155.9283
750.000000	87.445	-155.4013
755.434809	87.448	-154.8676
760.909001	87.452	-154.3273
766.422861	87.457	-153.7811
771.976677	87.464	-153.2299
777.570739	87.471	-152.6747
783.205337	87.480	-152.1158
788.880766	87.490	-151.5519
794.597321	87.501	-150.9799
800.355301	87.513	-150.3976
806.155005	87.529	-149.8065
811.996736	87.548	-149.2129
817.880799	87.571	-148.6257
823.807501	87.598	-148.0543
829.777150	87.626	-147.5067
835.790057	87.655	-146.9849
841.846536	87.682	-146.4822
847.946903	87.707	-145.9873
854.091476	87.731	-145.4916
860.280575	87.752	-144.9900
866.514523	87.773	-144.4786
872.793644	87.793	-143.9528
879.118267	87.814	-143.4113
885.488720	87.837	-142.8569
891.905336	87.862	-142.2931
898.368450	87.889	-141.7216
904.878398	87.920	-141.1442
911.435520	87.954	-140.5659
918.040157	87.991	-139.9954
924.692655	88.032	-139.4403
931.393359	88.075	-138.9052
938.142619	88.120	-138.3909
944.940787	88.164	-137.8945
951.788218	88.208	-137.4100
958.685268	88.251	-136.9310
965.632296	88.294	-136.4529
972.629666	88.336	-135.9727
979.677741	88.378	-135.4903
986.776890	88.420	-135.0074
993.927482	88.463	-134.5240
1001.129891	88.505	-134.0360
1008.384491	88.548	-133.5389
1015.691660	88.593	-133.0321
1023.051781	88.640	-132.5182
1030.465236	88.691	-132.0015
1037.932411	88.745	-131.4897
1045.453698	88.803	-130.9928
1053.029486	88.863	-130.5168
1060.660172	88.924	-130.0621
1068.346153	88.985	-129.6262
1076.087829	89.046	-129.2050
1083.885605	89.106	-128.7955
1091.739887	89.167	-128.3965
1099.651084	89.226	-128.0070
1107.619609	89.285	-127.6249
1115.645878	89.343	-127.2472
1123.730308	89.400	-126.8707
1131.873321	89.456	-126.4929
1140.075341	89.512	-126.1112
1148.336797	89.568	-125.7241
1156.658119	89.624	-125.3307
1165.039741	89.681	-124.9297
1173.482099	89.740	-124.5201
1181.985634	89.802	-124.1031
1190.550789	89.868	-123.6859
1199.178011	89.938	-123.2815
1207.867749	90.011	-122.9037
1216.620457	90.086	-122.5601
1225.436590	90.161	-122.2484
1234.316609	90.233	-121.9608
1243.260976	90.302	-121.6880
1252.270157	90.369	-121.4214
1261.344623	90.433	-121.1556
1270.484846	90.495	-120.8877
1279.691303	90.555	-120.6146
1288.964474	90.614	-120.3336
1298.304842	90.672	-120.0437
1307.712894	90.731	-119.7467
1317.189120	90.790	-119.4458
1326.734016	90.849	-119.1427
1336.348077	90.908	-118.8365
1346.031806	90.968	-118.5240
1355.785708	91.029	-118.2011
1365.610290	91.092	-117.8639
1375.506065	91.157	-117.5078
1385.473549	91.224	-117.1281
1395.513261	91.295	-116.7241
1405.625726	91.371	-116.3019
1415.811469	91.452	-115.8739
1426.071023	91.538	-115.4554
1436.404921	91.628	-115.0563
1446.813703	91.719	-114.6774
1457.297912	91.810	-114.3137
1467.858093	91.901	-113.9595
1478.494798	91.991	-113.6108
1489.208581	92.080	-113.2649
1500.000000	92.167	-112.9191
1510.869618	92.252	-112.5709
1521.818002	92.335	-112.2183
1532.845723	92.415	-111.8595
1543.953355	92.494	-111.4937
1555.141477	92.573	-111.1213
1566.410674	92.654	-110.7479
1577.761531	92.738	-110.3851
1589.194642	92.826	-110.0480
1600.710601	92.916	-109.7465
1612.310010	93.007	-109.4819
1623.993473	93.096	-109.2492
1635.761599	93.185	-109.0413
1647.615002	93.272	-108.8519
1659.554299	93.358	-108.6760
1671.580114	93.443	-108.5095
1683.693072	93.528	-108.3513
1695.893807	93.612	-108.2029
1708.182952	93.696	-108.0655
1720.561150	93.778	-107.9381
1733.029045	93.858	-107.8167
1745.587288	93.935	-107.6953
1758.236533	94.010	-107.5664
1770.977440	94.085	-107.4242
1783.810673	94.161	-107.2689
1796.736900	94.241	-107.1093
1809.756796	94.323	-106.9593
1822.871040	94.409	-106.8296
1836.080315	94.495	-106.7240
1849.385310	94.582	-106.6413
1862.786718	94.670	-106.5781
1876.285239	94.757	-106.5296
1889.881575	94.845	-106.4904
1903.576436	94.935	-106.4546
1917.370535	95.028	-106.4172
1931.264593	95.126	-106.3752
1945.259332	95.230	-106.3303
1959.355483	95.340	-106.2914
1973.553781	95.456	-106.2725
1987.854965	95.575	-106.2840
2002.259781	95.695	-106.3296
2016.768981	95.814	-106.4067
2031.383320	95.932	-106.5101
2046.103561	96.047	-106.6330
2060.930471	96.159	-106.7698
2075.864823	96.269	-106.9167
2090.907395	96.376	-107.0715
2106.058972	96.481	-107.2297
2121.320344	96.581	-107.3838
2136.692305	96.679	-107.5232
2152.175658	96.775	-107.6377
2167.771210	96.871	-107.7233
2183.479774	96.971	-107.7864
2199.302169	97.074	-107.8401
2215.239219	97.183	-107.8982
2231.291755	97.296	-107.9714
2247.460615	97.414	-108.0682
2263.746641	97.535	-108.1948
2280.150683	97.659	-108.3542
2296.673595	97.785	-108.5475
2313.316238	97.915	-108.7750
2330.079481	98.047	-109.0405
2346.964198	98.183	-109.3542
2363.971268	98.321	-109.7296
2381.101578	98.460	-110.1774
2398.356022	98.596	-110.7021
2415.735498	98.729	-111.3025
2433.240913	98.856	-111.9730
2450.873180	98.976	-112.7062
2468.633217	99.088	-113.4940
2486.521951	99.192	-114.3271
2504.540314	99.286	-115.1940
2522.689246	99.371	-116.0813
2540.969692	99.449	-116.9771
2559.382606	99.519	-117.8766
2577.928947	99.585	-118.7836
2596.609683	99.645	-119.7046
2615.425787	99.699	-120.6436
2634.378241	99.745	-121.5993
2653.468031	99.782	-122.5648
2672.696154	99.810	-123.5276
2692.063613	99.829	-124.4726
2711.571415	99.840	-125.3870
2731.220579	99.846	-126.2656
2751.012130	99.847	-127.1103
2770.947098	99.845	-127.9250
2791.026522	99.839	-128.7122
2811.251451	99.829	-129.4720
2831.622938	99.816	-130.2032
2852.142045	99.799	-130.9047
2872.809842	99.780	-131.5750
2893.627406	99.758	-132.2103
2914.595823	99.734	-132.8048
2935.716186	99.709	-133.3545
2956.989596	99.685	-133.8631
2978.417161	99.663	-134.3409
3000.000000	99.644	-134.8002
3021.739237	99.626	-135.2508
3043.636005	99.609	-135.6961
3065.691446	99.590	-136.1324
3087.906710	99.571	-136.5518
3110.282955	99.551	-136.9480
3132.821347	99.532	-137.3214
3155.523062	99.514	-137.6769
3178.389283	99.498	-138.0198
3201.421202	99.482	-138.3537
3224.620020	99.466	-138.6802
3247.986946	99.449	-138.9989
3271.523198	99.430	-139.3054
3295.230004	99.410	-139.5895
3319.108599	99.389	-139.8384
3343.160228	99.368	-140.0438
3367.386145	99.349	-140.2043
3391.787613	99.334	-140.3245
3416.365904	99.325	-140.4101
3441.122300	99.320	-140.4648
3466.058091	99.322	-140.4890
3491.174576	99.331	-140.4839
3516.473066	99.349	-140.4573
3541.954880	99.377	-140.4228
3567.621345	99.414	-140.3965
3593.473800	99.459	-140.3929
3619.513592	99.512	-140.4235
3645.742080	99.570	-140.4954
3672.160630	99.632	-140.6078
3698.770620	99.696	-140.7538
3725.573436	99.764	-140.9260
3752.570477	99.835	-141.1227
3779.763150	99.911	-141.3483
3807.152872	99.989	-141.6091
3834.741071	100.071	-141.9088
3862.529185	100.155	-142.2469
3890.518664	100.243	-142.6240
3918.710966	100.335	-143.0462
3947.107561	100.433	-143.5263
3975.709929	100.536	-144.0803
4004.519563	100.644	-144.7256
4033.537962	100.755	-145.4778
4062.766641	100.867	-146.3466
4092.207123	100.977	-147.3350
4121.860942	101.085	-148.4438
4151.729646	101.188	-149.6762
4181.814790	101.284	-151.0362
4212.117944	101.371	-152.5244
4242.640687	101.446	-154.1340
4273.384610	101.507	-155.8528
4304.351317	101.552	-157.6688
4335.542421	101.582	-159.5728
4366.959549	101.595	-161.5580
4398.604338	101.589	-163.6193
4430.478438	101.563	-165.7491
4462.583511	101.515	-167.9331
4494.921231	101.443	-170.1495
4527.493283	101.346	-172.3741
4560.301365	101.224	-174.5838
4593.347189	101.076	-176.7552
4626.632476	100.902	-178.8616
4660.158962	100.702	179.1270
4693.928395	100.479	177.2385
4727.942535	100.235	175.4945
4762.203156	99.974	173.9072
4796.712043	99.700	172.4789
4831.470996	99.414	171.2058
4866.481826	99.120	170.0847
4901.746360	98.819	169.1127
4937.266434	98.513	168.2846
4973.043902	98.203	167.5928
5009.080628	97.890	167.0319
5045.378492	97.574	166.6025
5081.939384	97.256	166.3093
5118.765212	96.938	166.1550
5155.857894	96.622	166.1373
5193.219366	96.311	166.2458
5230.851574	96.005	166.4667
5268.756481	95.706	166.7877
5306.936062	95.414	167.1989
5345.392309	95.129	167.6894
5384.127225	94.850	168.2498
5423.142830	94.576	168.8774
5462.441159	94.306	169.5784
5502.024259	94.039	170.3638
5541.894195	93.778	171.2443
5582.053045	93.523	172.2250
5622.502902	93.279	173.3048
5663.245876	93.048	174.4771
5704.284090	92.835	175.7236
5745.619684	92.641	177.0082
5787.254813	92.466	178.2831
5829.191647	92.305	179.5117
5871.432373	92.153	-179.3098
5913.979192	92.005	-178.1548
5956.834323	91.858	-176.9870
6000.000000	91.714	-175.7794
6043.478473	91.575	-174.5189
6087.272010	91.445	-173.2045
6131.382892	91.324	-171.8445
6175.813420	91.215	-170.4511
6220.565910	91.116	-169.0334
6265.642695	91.028	-167.5931
6311.046124	90.950	-166.1267
6356.778566	90.884	-164.6306
6402.842404	90.829	-163.1052
6449.240040	90.788	-161.5534
6495.973891	90.760	-159.9810
6543.046396	90.748	-158.3975
6590.460007	90.751	-156.8118
6638.217197	90.769	-155.2284
6686.320456	90.802	-153.6459
6734.772290	90.851	-152.0615
6783.575226	90.916	-150.4745
6832.731809	91.000	-148.8881
6882.244600	91.102	-147.3103
6932.116181	91.225	-145.7546
6982.349153	91.368	-144.2371
7032.946133	91.533	-142.7708
7083.909760	91.721	-141.3643
7135.242690	91.933	-140.0259
7186.947600	92.172	-138.7677
7239.027185	92.440	-137.6082
7291.484160	92.741	-136.5755
7344.321260	93.075	-135.7083
7397.541239	93.444	-135.0511
7451.146872	93.846	-134.6501
7505.140954	94.281	-134.5536
7559.526299	94.745	-134.8148
7614.305743	95.233	-135.4935
7669.482141	95.740	-136.6550
7725.058371	96.254	-138.3672
7781.037328	96.761	-140.6902
7837.421932	97.241	-143.6633
7894.215122	97.675	-147.2945
7951.419859	98.040	-151.5538
8009.039125	98.317	-156.3694
8067.075924	98.489	-161.6261
8125.533282	98.542	-167.1715
8184.414245	98.470	-172.8256
8243.721885	98.270	-178.3939
8303.459292	97.947	176.3142
8363.629581	97.513	171.4665
8424.235888	96.984	167.1937
8485.281374	96.380	163.5803
8546.769221	95.722	160.6610
8608.702634	95.032	158.4279
8671.084842	94.329	156.8429
8733.919097	93.629	155.8507
8797.208675	92.944	155.3896
8860.956876	92.283	155.3978
8925.167022	91.655	155.8130
8989.842461	91.065	156.5717
9054.986566	90.516	157.6132
9120.602731	90.008	158.8849
9186.694378	89.541	160.3467
9253.264952	89.115	161.9721
9320.317925	88.727	163.7416
9387.856790	88.380	165.6345
9455.885071	88.072	167.6278
9524.406312	87.804	169.6992
9593.424086	87.576	171.8326
9662.941992	87.388	174.0208
9732.963653	87.241	176.2582
9803.492719	87.136	178.5346
9874.532869	87.075	-179.1669
9946.087805	87.060	-176.8660
10018.161257	87.091	-174.5786
10090.756983	87.173	-172.3166
10163.878768	87.308	-170.0964
10237.530423	87.503	-167.9479
10311.715789	87.763	-165.9163
10386.438732	88.095	-164.0593
10461.703149	88.504	-162.4459
10537.512962	88.995	-161.1635
10613.872125	89.571	-160.3269
10690.784618	90.227	-160.0794
10768.254450	90.951	-160.5800
10846.285661	91.722	-161.9841
10924.882318	92.508	-164.4275
11004.048518	93.272	-168.0106
11083.788390	93.968	-172.7806
11164.106090	94.548	-178.7075
11245.005805	94.962	174.3424
11326.491752	95.168	166.6214
11408.568180	95.139	158.4921
11491.239368	94.864	150.3831
11574.509626	94.353	142.7156
11658.383294	93.632	135.8377
11742.864745	92.738	129.9886
11827.958384	91.711	125.2978
11913.668646	90.595	121.7992
12000.000000	89.430	119.4521
12086.956947	88.254	118.1639
12174.544019	87.099	117.8115
12262.765784	85.989	118.2568
12351.626840	84.943	119.3566
12441.131819	83.970	120.9730
12531.285389	83.077	122.9852
12622.092249	82.261	125.2974
12713.557132	81.520	127.8344
12805.684808	80.850	130.5343
12898.480079	80.242	133.3478
12991.947783	79.692	136.2431
13086.092792	79.192	139.2087
13180.920015	78.739	142.2462
13276.434395	78.330	145.3599
13372.640911	77.965	148.5460
13469.544580	77.643	151.7866
13567.150452	77.366	155.0552
13665.463617	77.132	158.3267
13764.489200	76.940	161.5866
13864.232362	76.788	164.8327
13964.698305	76.679	168.0665
14065.892266	76.614	171.2841
14167.819519	76.597	174.4757
14270.485380	76.631	177.6288
14373.895200	76.723	-179.2758
14478.054370	76.879	-176.2693
14582.968320	77.104	-173.3928
14688.642520	77.407	-170.6965
14795.082478	77.796	-168.2459
14902.293745	78.276	-166.1305
15010.281908	78.852	-164.4615
15119.052599	79.523	-163.3672
15228.611486	80.280	-162.9894
15338.964283	81.105	-163.4739
15450.116741	81.972	-164.9538
15562.074656	82.844	-167.5336
15674.843864	83.679	-171.2725
15788.430244	84.430	-176.1674
15902.839718	85.051	177.8663
16018.078250	85.501	171.0070
16134.151848	85.748	163.5245
16251.066563	85.774	155.7582
16368.828491	85.580	148.0728
16487.443769	85.186	140.7996
16606.918584	84.626	134.1860
16727.259161	83.945	128.3734
16848.471777	83.190	123.3967
16970.562748	82.410	119.1932
17093.538442	81.646	115.6180
17217.405268	80.934	112.4691
17342.169684	80.293	109.5148
17467.838194	79.726	106.5247
17594.417350	79.218	103.3043
17721.913751	78.739	99.7252
17850.334044	78.249	95.7440
17979.684923	77.708	91.4100
18109.973131	77.078	86.8580
18241.205462	76.332	82.2857
18373.388756	75.455	77.9199
18506.529905	74.445	73.9850
18640.635849	73.308	70.6774
18775.713581	72.061	68.1497
18911.770141	70.723	66.5096
19048.812624	69.315	65.8185
19186.848172	67.860	66.0895
19325.883983	66.382	67.2881
19465.927305	64.913	69.3234
19606.985439	63.500	72.0132
19749.065738	62.226	75.0104
19892.175609	61.221	77.7274
20036.322514	60.653	79.3927
