* Measurement data measured by REW V5.31
* Source: EXCL: Microphone (USB Sound Device        ), MICROPHONE (Master Volume), R, volume: 0.390
* Format: 256k Log Swept Sine, 1 sweep at -15.0 dBFS with no timing reference
* Dated: Dec 22, 2024 11:47:36 PM
* REW Settings:
*  C-weighting compensation: Off
*  Target level: 75.0 dB
* Note: BLON BL03 II R
* Measurement: R BLON BL03 II
* Smoothing: 1/12 octave
* Frequency Step: 96 ppo
* Start Frequency: 0.36621094 Hz
*
* Freq(Hz) SPL(dB) Phase(degrees)
0.366211 95.501 158.8764
0.368865 95.495 158.8542
0.371538 95.487 158.8210
0.374230 95.476 158.7793
0.376942 95.464 158.7312
0.379673 95.451 158.6784
0.382424 95.437 158.6218
0.385196 95.423 158.5622
0.387987 95.409 158.4998
0.390798 95.395 158.4349
0.393630 95.380 158.3675
0.396483 95.366 158.2978
0.399356 95.351 158.2256
0.402250 95.336 158.1511
0.405165 95.321 158.0741
0.408101 95.306 157.9947
0.411058 95.291 157.9128
0.414037 95.276 157.8285
0.417037 95.260 157.7416
0.420059 95.245 157.6522
0.423103 95.229 157.5602
0.426169 95.213 157.4657
0.429257 95.197 157.3686
0.432368 95.181 157.2688
0.435501 95.165 157.1664
0.438656 95.149 157.0614
0.441835 95.133 156.9536
0.445037 95.116 156.8431
0.448262 95.100 156.7299
0.451510 95.083 156.6140
0.454782 95.066 156.4953
0.458077 95.049 156.3737
0.461397 95.032 156.2494
0.464740 95.015 156.1223
0.468108 94.998 155.9923
0.471500 94.981 155.8595
0.474917 94.963 155.7237
0.478358 94.945 155.5851
0.481825 94.928 155.4436
0.485316 94.910 155.2992
0.488833 94.892 155.1519
0.492375 94.873 155.0016
0.495943 94.855 154.8484
0.499537 94.837 154.6922
0.503157 94.818 154.5331
0.506803 94.799 154.3710
0.510475 94.780 154.2060
0.514175 94.761 154.0380
0.517900 94.742 153.8670
0.521653 94.723 153.6931
0.525434 94.704 153.5162
0.529241 94.684 153.3364
0.533076 94.664 153.1536
0.536939 94.645 152.9679
0.540830 94.625 152.7793
0.544749 94.604 152.5877
0.548696 94.584 152.3933
0.552673 94.564 152.1960
0.556677 94.543 151.9959
0.560711 94.523 151.7930
0.564774 94.502 151.5872
0.568867 94.481 151.3788
0.572989 94.459 151.1676
0.577141 94.438 150.9537
0.581324 94.417 150.7372
0.585536 94.395 150.5181
0.589779 94.373 150.2965
0.594053 94.351 150.0724
0.598358 94.329 149.8459
0.602694 94.307 149.6170
0.607061 94.285 149.3859
0.611460 94.262 149.1526
0.615891 94.239 148.9171
0.620354 94.216 148.6796
0.624849 94.193 148.4401
0.629377 94.170 148.1989
0.633938 94.147 147.9558
0.638532 94.123 147.7111
0.643159 94.099 147.4649
0.647819 94.075 147.2173
0.652514 94.051 146.9685
0.657242 94.027 146.7185
0.662005 94.002 146.4676
0.666802 93.978 146.2158
0.671634 93.953 145.9634
0.676501 93.928 145.7105
0.681403 93.903 145.4573
0.686341 93.877 145.2040
0.691314 93.852 144.9508
0.696324 93.826 144.6978
0.701370 93.800 144.4452
0.706452 93.773 144.1932
0.711571 93.746 143.9418
0.716728 93.719 143.6911
0.721921 93.690 143.4407
0.727153 93.659 143.1903
0.732422 93.627 142.9391
0.737729 93.592 142.6861
0.743075 93.556 142.4304
0.748460 93.518 142.1711
0.753883 93.478 141.9075
0.759346 93.438 141.6392
0.764849 93.396 141.3658
0.770391 93.354 141.0871
0.775974 93.312 140.8029
0.781597 93.269 140.5131
0.787261 93.225 140.2177
0.792966 93.181 139.9165
0.798712 93.136 139.6095
0.804500 93.091 139.2967
0.810329 93.045 138.9779
0.816201 92.998 138.6532
0.822116 92.951 138.3225
0.828073 92.903 137.9858
0.834074 92.854 137.6429
0.840118 92.805 137.2940
0.846206 92.754 136.9390
0.852338 92.703 136.5778
0.858514 92.651 136.2104
0.864735 92.599 135.8370
0.871001 92.545 135.4573
0.877313 92.490 135.0716
0.883670 92.435 134.6797
0.890074 92.378 134.2818
0.896524 92.320 133.8779
0.903020 92.261 133.4681
0.909564 92.201 133.0524
0.916155 92.140 132.6309
0.922794 92.078 132.2038
0.929481 92.014 131.7711
0.936216 91.949 131.3331
0.943000 91.882 130.8898
0.949834 91.814 130.4415
0.956717 91.745 129.9884
0.963649 91.674 129.5307
0.970632 91.601 129.0687
0.977666 91.527 128.6027
0.984750 91.451 128.1330
0.991886 91.374 127.6600
0.999074 91.294 127.1840
1.006314 91.213 126.7055
1.013606 91.129 126.2250
1.020951 91.044 125.7429
1.028349 90.956 125.2598
1.035801 90.866 124.7764
1.043307 90.774 124.2931
1.050867 90.680 123.8108
1.058482 90.583 123.3300
1.066152 90.484 122.8515
1.073878 90.382 122.3758
1.081660 90.278 121.9034
1.089498 90.171 121.4345
1.097393 90.062 120.9691
1.105345 89.951 120.5066
1.113355 89.837 120.0466
1.121423 89.722 119.5882
1.129549 89.604 119.1307
1.137734 89.484 118.6737
1.145979 89.362 118.2164
1.154283 89.239 117.7584
1.162647 89.113 117.2993
1.171072 88.985 116.8385
1.179558 88.854 116.3757
1.188106 88.721 115.9104
1.196715 88.586 115.4421
1.205387 88.448 114.9702
1.214122 88.308 114.4943
1.222920 88.164 114.0138
1.231782 88.018 113.5280
1.240708 87.869 113.0364
1.249699 87.717 112.5382
1.258754 87.561 112.0328
1.267876 87.403 111.5194
1.277063 87.240 110.9972
1.286318 87.074 110.4654
1.295639 86.905 109.9231
1.305027 86.731 109.3692
1.314484 86.554 108.8029
1.324009 86.373 108.2231
1.333604 86.187 107.6286
1.343268 85.997 107.0183
1.353002 85.802 106.3909
1.362806 85.602 105.7451
1.372681 85.398 105.0797
1.382628 85.188 104.3932
1.392647 84.973 103.6842
1.402739 84.753 102.9513
1.412904 84.526 102.1932
1.423142 84.293 101.4086
1.433455 84.054 100.5963
1.443843 83.806 99.7554
1.454305 83.548 98.8850
1.464844 83.280 97.9846
1.475459 82.997 97.0532
1.486150 82.699 96.0895
1.496920 82.383 95.0914
1.507767 82.049 94.0557
1.518693 81.697 92.9783
1.529698 81.326 91.8539
1.540783 80.937 90.6765
1.551948 80.533 89.4386
1.563194 80.114 88.1317
1.574521 79.682 86.7457
1.585931 79.238 85.2687
1.597423 78.785 83.6868
1.608999 78.325 81.9834
1.620658 77.860 80.1389
1.632402 77.392 78.1302
1.644232 76.923 75.9295
1.656146 76.457 73.5040
1.668147 75.996 70.8148
1.680235 75.543 67.8164
1.692411 75.101 64.4560
1.704675 74.674 60.6744
1.717028 74.265 56.4077
1.729470 73.878 51.5930
1.742003 73.517 46.1766
1.754626 73.186 40.1300
1.767341 72.891 33.4685
1.780147 72.634 26.2708
1.793047 72.422 18.6877
1.806040 72.260 10.9301
1.819128 72.150 3.2324
1.832310 72.097 -4.1941
1.845587 72.104 -11.1961
1.858961 72.170 -17.6882
1.872432 72.294 -23.6407
1.886001 72.476 -29.0623
1.899667 72.711 -33.9834
1.913433 72.995 -38.4452
1.927299 73.325 -42.4921
1.941265 73.696 -46.1674
1.955332 74.102 -49.5116
1.969501 74.539 -52.5613
1.983773 75.002 -55.3483
1.998148 75.485 -57.9006
2.012627 75.983 -60.2424
2.027212 76.491 -62.3942
2.041902 77.003 -64.3738
2.056698 77.514 -66.1962
2.071602 78.019 -67.8744
2.086614 78.512 -69.4195
2.101734 78.988 -70.8414
2.116964 79.444 -72.1487
2.132304 79.873 -73.3499
2.147756 80.273 -74.4535
2.163320 80.642 -75.4689
2.178996 80.978 -76.4069
2.194786 81.283 -77.2801
2.210690 81.560 -78.1023
2.226710 81.811 -78.8865
2.242845 82.040 -79.6431
2.259098 82.250 -80.3793
2.275468 82.442 -81.0991
2.291957 82.619 -81.8042
2.308566 82.782 -82.4949
2.325295 82.933 -83.1703
2.342145 83.071 -83.8289
2.359117 83.198 -84.4687
2.376212 83.316 -85.0872
2.393431 83.425 -85.6818
2.410775 83.527 -86.2497
2.428244 83.622 -86.7879
2.445840 83.713 -87.2932
2.463564 83.800 -87.7626
2.481416 83.884 -88.1931
2.499397 83.966 -88.5822
2.517509 84.047 -88.9281
2.535752 84.127 -89.2301
2.554127 84.205 -89.4890
2.572635 84.281 -89.7072
2.591277 84.352 -89.8882
2.610055 84.419 -90.0355
2.628968 84.479 -90.1520
2.648019 84.533 -90.2397
2.667208 84.580 -90.3001
2.686535 84.622 -90.3336
2.706003 84.659 -90.3406
2.725612 84.692 -90.3208
2.745363 84.721 -90.2740
2.765257 84.749 -90.1997
2.785295 84.774 -90.0974
2.805478 84.800 -89.9665
2.825808 84.827 -89.8063
2.846285 84.855 -89.6160
2.866910 84.887 -89.3948
2.887685 84.921 -89.1415
2.908611 84.960 -88.8545
2.929688 85.002 -88.5323
2.950917 85.046 -88.1731
2.972301 85.094 -87.7760
2.993839 85.143 -87.3413
3.015534 85.194 -86.8703
3.037386 85.246 -86.3659
3.059396 85.300 -85.8317
3.081565 85.356 -85.2721
3.103896 85.414 -84.6919
3.126388 85.475 -84.0964
3.149043 85.539 -83.4909
3.171862 85.607 -82.8809
3.194847 85.680 -82.2713
3.217998 85.757 -81.6668
3.241317 85.840 -81.0705
3.264805 85.929 -80.4843
3.288463 86.024 -79.9081
3.312293 86.125 -79.3402
3.336295 86.234 -78.7787
3.360471 86.349 -78.2226
3.384822 86.471 -77.6729
3.409350 86.598 -77.1323
3.434056 86.731 -76.6048
3.458940 86.867 -76.0950
3.484005 87.007 -75.6083
3.509252 87.150 -75.1495
3.534681 87.294 -74.7236
3.560295 87.439 -74.3348
3.586094 87.584 -73.9866
3.612081 87.729 -73.6814
3.638255 87.874 -73.4204
3.664620 88.018 -73.2030
3.691175 88.162 -73.0275
3.717923 88.306 -72.8913
3.744864 88.451 -72.7915
3.772001 88.596 -72.7258
3.799335 88.741 -72.6918
3.826866 88.886 -72.6876
3.854597 89.029 -72.7116
3.882529 89.171 -72.7624
3.910664 89.310 -72.8389
3.939002 89.446 -72.9405
3.967546 89.579 -73.0667
3.996296 89.708 -73.2178
4.025255 89.832 -73.3941
4.054423 89.953 -73.5963
4.083804 90.069 -73.8242
4.113396 90.181 -74.0768
4.143204 90.289 -74.3522
4.173227 90.393 -74.6476
4.203468 90.494 -74.9595
4.233928 90.590 -75.2846
4.264609 90.683 -75.6196
4.295512 90.771 -75.9616
4.326639 90.855 -76.3086
4.357992 90.935 -76.6596
4.389572 91.011 -77.0149
4.421380 91.082 -77.3755
4.453419 91.148 -77.7427
4.485691 91.210 -78.1168
4.518196 91.267 -78.4967
4.550936 91.320 -78.8803
4.583914 91.368 -79.2646
4.617131 91.413 -79.6461
4.650589 91.455 -80.0212
4.684289 91.494 -80.3868
4.718233 91.529 -80.7406
4.752424 91.561 -81.0812
4.786862 91.591 -81.4085
4.821549 91.617 -81.7234
4.856488 91.640 -82.0266
4.891680 91.660 -82.3184
4.927127 91.677 -82.5987
4.962831 91.693 -82.8669
4.998794 91.707 -83.1219
5.035017 91.720 -83.3623
5.071503 91.733 -83.5868
5.108253 91.746 -83.7941
5.145270 91.759 -83.9833
5.182555 91.772 -84.1543
5.220110 91.784 -84.3079
5.257937 91.798 -84.4455
5.296038 91.811 -84.5695
5.334415 91.826 -84.6823
5.373071 91.842 -84.7866
5.412006 91.860 -84.8845
5.451224 91.880 -84.9776
5.490725 91.903 -85.0665
5.530514 91.929 -85.1517
5.570590 91.958 -85.2335
5.610957 91.989 -85.3134
5.651616 92.023 -85.3940
5.692570 92.059 -85.4787
5.733821 92.098 -85.5714
5.775370 92.139 -85.6758
5.817221 92.183 -85.7948
5.859375 92.229 -85.9302
5.901834 92.278 -86.0831
5.944602 92.328 -86.2536
5.987679 92.381 -86.4422
6.031068 92.436 -86.6497
6.074771 92.491 -86.8774
6.118792 92.548 -87.1269
6.163131 92.605 -87.3996
6.207792 92.661 -87.6968
6.252776 92.718 -88.0192
6.298086 92.774 -88.3667
6.343725 92.830 -88.7381
6.389694 92.886 -89.1320
6.435996 92.940 -89.5464
6.482634 92.993 -89.9795
6.529610 93.044 -90.4300
6.576926 93.094 -90.8970
6.624585 93.141 -91.3799
6.672590 93.186 -91.8780
6.720942 93.229 -92.3900
6.769645 93.270 -92.9135
6.818700 93.309 -93.4457
6.868111 93.346 -93.9835
6.917881 93.381 -94.5245
6.968010 93.414 -95.0671
7.018504 93.445 -95.6104
7.069362 93.474 -96.1533
7.120590 93.502 -96.6948
7.172189 93.528 -97.2330
7.224161 93.554 -97.7658
7.276511 93.578 -98.2914
7.329239 93.603 -98.8081
7.382350 93.627 -99.3152
7.435845 93.651 -99.8126
7.489729 93.676 -100.3005
7.544002 93.701 -100.7791
7.598669 93.727 -101.2487
7.653732 93.755 -101.7095
7.709194 93.784 -102.1614
7.765058 93.816 -102.6048
7.821327 93.849 -103.0408
7.878004 93.885 -103.4707
7.935091 93.923 -103.8964
7.992592 93.963 -104.3196
8.050510 94.006 -104.7419
8.108847 94.051 -105.1641
8.167607 94.099 -105.5874
8.226793 94.149 -106.0127
8.286408 94.201 -106.4414
8.346454 94.255 -106.8748
8.406936 94.311 -107.3142
8.467856 94.368 -107.7602
8.529218 94.427 -108.2131
8.591024 94.487 -108.6725
8.653278 94.547 -109.1382
8.715983 94.608 -109.6099
8.779143 94.669 -110.0872
8.842760 94.730 -110.5694
8.906839 94.791 -111.0558
8.971381 94.851 -111.5450
9.036392 94.911 -112.0355
9.101873 94.970 -112.5256
9.167829 95.028 -113.0140
9.234263 95.085 -113.4995
9.301178 95.141 -113.9808
9.368578 95.197 -114.4566
9.436467 95.251 -114.9254
9.504847 95.305 -115.3858
9.573723 95.357 -115.8370
9.643099 95.409 -116.2781
9.712976 95.459 -116.7089
9.783361 95.507 -117.1290
9.854255 95.553 -117.5381
9.925663 95.597 -117.9361
9.997588 95.638 -118.3232
10.070035 95.678 -118.6999
10.143007 95.716 -119.0670
10.216507 95.752 -119.4251
10.290540 95.787 -119.7751
10.365109 95.821 -120.1175
10.440219 95.854 -120.4534
10.515873 95.887 -120.7835
10.592076 95.919 -121.1088
10.668830 95.951 -121.4300
10.746141 95.983 -121.7476
10.824012 96.014 -122.0620
10.902447 96.045 -122.3738
10.981451 96.075 -122.6831
11.061027 96.104 -122.9901
11.141180 96.132 -123.2949
11.221913 96.160 -123.5974
11.303232 96.186 -123.8975
11.385140 96.211 -124.1951
11.467641 96.235 -124.4899
11.550741 96.258 -124.7820
11.634442 96.280 -125.0713
11.718750 96.301 -125.3576
11.803669 96.322 -125.6411
11.889203 96.341 -125.9218
11.975357 96.360 -126.2001
12.062136 96.378 -126.4761
12.149543 96.396 -126.7504
12.237583 96.413 -127.0231
12.326262 96.429 -127.2948
12.415583 96.444 -127.5660
12.505552 96.458 -127.8371
12.596172 96.471 -128.1085
12.687449 96.483 -128.3805
12.779387 96.494 -128.6535
12.871992 96.503 -128.9279
12.965268 96.512 -129.2037
13.059220 96.520 -129.4812
13.153852 96.528 -129.7606
13.249170 96.534 -130.0420
13.345179 96.540 -130.3257
13.441884 96.546 -130.6118
13.539289 96.551 -130.9006
13.637401 96.556 -131.1925
13.736223 96.560 -131.4879
13.835761 96.564 -131.7871
13.936021 96.568 -132.0909
14.037007 96.571 -132.3996
14.138725 96.574 -132.7138
14.241180 96.577 -133.0341
14.344377 96.579 -133.3607
14.448323 96.581 -133.6942
14.553021 96.583 -134.0346
14.658478 96.584 -134.3819
14.764700 96.586 -134.7361
14.871691 96.587 -135.0967
14.979457 96.588 -135.4632
15.088005 96.588 -135.8351
15.197339 96.589 -136.2116
15.307465 96.590 -136.5921
15.418389 96.590 -136.9756
15.530117 96.591 -137.3616
15.642655 96.592 -137.7494
15.756008 96.593 -138.1385
15.870182 96.595 -138.5287
15.985184 96.597 -138.9197
16.101019 96.600 -139.3114
16.217694 96.604 -139.7040
16.335214 96.609 -140.0974
16.453586 96.615 -140.4917
16.572815 96.622 -140.8871
16.692909 96.630 -141.2833
16.813872 96.639 -141.6802
16.935713 96.648 -142.0773
17.058436 96.659 -142.4741
17.182048 96.671 -142.8699
17.306556 96.683 -143.2638
17.431967 96.696 -143.6549
17.558286 96.708 -144.0423
17.685521 96.721 -144.4251
17.813677 96.735 -144.8026
17.942762 96.748 -145.1741
18.072783 96.762 -145.5391
18.203746 96.776 -145.8974
18.335658 96.790 -146.2489
18.468526 96.804 -146.5936
18.602356 96.819 -146.9316
18.737156 96.834 -147.2632
18.872934 96.849 -147.5884
19.009695 96.864 -147.9077
19.147447 96.879 -148.2212
19.286197 96.894 -148.5291
19.425953 96.909 -148.8316
19.566721 96.923 -149.1290
19.708510 96.936 -149.4215
19.851326 96.949 -149.7093
19.995177 96.961 -149.9929
20.140070 96.972 -150.2725
20.286013 96.982 -150.5488
20.433014 96.992 -150.8221
20.581080 97.000 -151.0928
20.730219 97.007 -151.3616
20.880439 97.014 -151.6288
21.031747 97.019 -151.8949
21.184152 97.024 -152.1601
21.337661 97.028 -152.4250
21.492282 97.031 -152.6899
21.648024 97.033 -152.9554
21.804895 97.034 -153.2220
21.962902 97.035 -153.4903
22.122054 97.035 -153.7610
22.282360 97.035 -154.0349
22.443827 97.034 -154.3125
22.606464 97.032 -154.5945
22.770280 97.030 -154.8810
22.935283 97.028 -155.1724
23.101481 97.025 -155.4686
23.268884 97.021 -155.7694
23.437500 97.017 -156.0745
23.607338 97.013 -156.3836
23.778406 97.009 -156.6962
23.950714 97.004 -157.0122
24.124271 97.000 -157.3312
24.299086 96.996 -157.6533
24.475167 96.993 -157.9781
24.652524 96.989 -158.3057
24.831166 96.987 -158.6355
25.011103 96.984 -158.9673
25.192344 96.983 -159.3004
25.374898 96.981 -159.6338
25.558775 96.980 -159.9666
25.743984 96.980 -160.2978
25.930536 96.980 -160.6265
26.118439 96.980 -160.9518
26.307704 96.981 -161.2729
26.498341 96.982 -161.5894
26.690359 96.983 -161.9010
26.883768 96.985 -162.2075
27.078579 96.987 -162.5088
27.274801 96.989 -162.8049
27.472446 96.992 -163.0959
27.671522 96.994 -163.3819
27.872042 96.996 -163.6630
28.074014 96.998 -163.9395
28.277450 96.999 -164.2115
28.482360 97.000 -164.4796
28.688755 97.000 -164.7442
28.896645 96.999 -165.0055
29.106042 96.998 -165.2641
29.316957 96.996 -165.5203
29.529400 96.993 -165.7747
29.743382 96.989 -166.0276
29.958915 96.985 -166.2797
30.176009 96.980 -166.5316
30.394677 96.975 -166.7840
30.614929 96.969 -167.0375
30.836778 96.963 -167.2927
31.060234 96.955 -167.5499
31.285309 96.948 -167.8095
31.512015 96.940 -168.0715
31.740364 96.932 -168.3360
31.970368 96.923 -168.6033
32.202039 96.915 -168.8734
32.435388 96.907 -169.1469
32.670428 96.899 -169.4239
32.907171 96.891 -169.7047
33.145630 96.884 -169.9893
33.385817 96.876 -170.2771
33.627745 96.869 -170.5675
33.871425 96.862 -170.8592
34.116871 96.855 -171.1512
34.364096 96.848 -171.4423
34.613113 96.841 -171.7317
34.863934 96.834 -172.0190
35.116572 96.828 -172.3038
35.371041 96.822 -172.5861
35.627354 96.816 -172.8656
35.885525 96.809 -173.1423
36.145566 96.803 -173.4156
36.407492 96.796 -173.6852
36.671316 96.789 -173.9507
36.937051 96.781 -174.2120
37.204712 96.774 -174.4694
37.474313 96.765 -174.7234
37.745867 96.757 -174.9747
38.019389 96.748 -175.2242
38.294893 96.739 -175.4724
38.572394 96.729 -175.7200
38.851905 96.719 -175.9670
39.133442 96.709 -176.2139
39.417019 96.698 -176.4607
39.702651 96.686 -176.7079
39.990353 96.675 -176.9560
40.280140 96.663 -177.2052
40.572026 96.651 -177.4559
40.866028 96.638 -177.7079
41.162160 96.626 -177.9604
41.460438 96.613 -178.2126
41.760877 96.600 -178.4637
42.063494 96.587 -178.7131
42.368303 96.574 -178.9607
42.675322 96.561 -179.2068
42.984565 96.548 -179.4519
43.296048 96.536 -179.6965
43.609789 96.523 -179.9408
43.925804 96.511 179.8149
44.244108 96.498 179.5710
44.564719 96.485 179.3278
44.887654 96.472 179.0857
45.212928 96.458 178.8450
45.540560 96.444 178.6060
45.870565 96.429 178.3688
46.202962 96.415 178.1334
46.537768 96.400 177.8994
46.875000 96.385 177.6666
47.214676 96.370 177.4344
47.556813 96.355 177.2027
47.901429 96.340 176.9711
48.248542 96.325 176.7397
48.598171 96.310 176.5085
48.950334 96.295 176.2777
49.305048 96.280 176.0473
49.662333 96.265 175.8176
50.022206 96.250 175.5889
50.384688 96.234 175.3617
50.749796 96.219 175.1362
51.117550 96.204 174.9125
51.487969 96.188 174.6909
51.861072 96.172 174.4712
52.236879 96.156 174.2537
52.615409 96.140 174.0386
52.996681 96.124 173.8261
53.380717 96.108 173.6163
53.767536 96.091 173.4086
54.157158 96.075 173.2023
54.549603 96.060 172.9964
54.944892 96.044 172.7899
55.343045 96.029 172.5818
55.744084 96.014 172.3715
56.148028 96.000 172.1581
56.554900 95.985 171.9412
56.964720 95.971 171.7202
57.377510 95.956 171.4955
57.793291 95.941 171.2679
58.212085 95.926 171.0389
58.633914 95.909 170.8101
59.058799 95.893 170.5828
59.486764 95.875 170.3580
59.917829 95.857 170.1356
60.352019 95.838 169.9155
60.789354 95.818 169.6971
61.229859 95.798 169.4800
61.673556 95.777 169.2641
62.120468 95.756 169.0492
62.570618 95.733 168.8353
63.024031 95.711 168.6227
63.480729 95.687 168.4112
63.940736 95.664 168.2010
64.404077 95.640 167.9920
64.870776 95.616 167.7841
65.340856 95.593 167.5770
65.814343 95.569 167.3708
66.291261 95.546 167.1653
66.771635 95.523 166.9611
67.255489 95.500 166.7585
67.742850 95.477 166.5580
68.233743 95.454 166.3600
68.728193 95.431 166.1644
69.226226 95.408 165.9709
69.727867 95.385 165.7794
70.233144 95.362 165.5896
70.742083 95.338 165.4013
71.254709 95.314 165.2142
71.771050 95.289 165.0278
72.291132 95.265 164.8418
72.814984 95.240 164.6559
73.342631 95.215 164.4704
73.874102 95.190 164.2850
74.409424 95.164 164.0997
74.948626 95.139 163.9143
75.491734 95.114 163.7289
76.038779 95.089 163.5439
76.589787 95.065 163.3596
77.144788 95.040 163.1762
77.703811 95.016 162.9935
78.266885 94.991 162.8106
78.834039 94.967 162.6264
79.405303 94.943 162.4396
79.980706 94.919 162.2490
80.560280 94.894 162.0539
81.144053 94.869 161.8542
81.732056 94.842 161.6498
82.324320 94.815 161.4405
82.920876 94.786 161.2262
83.521755 94.755 161.0079
84.126988 94.723 160.7884
84.736607 94.689 160.5716
85.350643 94.654 160.3613
85.969129 94.618 160.1606
86.592097 94.581 159.9712
87.219579 94.544 159.7938
87.851608 94.507 159.6282
88.488217 94.471 159.4729
89.129439 94.435 159.3254
89.775308 94.399 159.1836
90.425856 94.364 159.0452
91.081119 94.328 158.9091
91.741131 94.292 158.7745
92.405925 94.256 158.6418
93.075536 94.219 158.5115
93.750000 94.182 158.3846
94.429351 94.146 158.2620
95.113625 94.109 158.1449
95.802858 94.073 158.0349
96.497085 94.036 157.9344
97.196342 93.999 157.8457
97.900667 93.960 157.7710
98.610096 93.920 157.7122
99.324665 93.878 157.6718
100.044413 93.835 157.6511
100.769376 93.791 157.6494
101.499592 93.749 157.6625
102.235100 93.710 157.6829
102.975938 93.675 157.7008
103.722144 93.644 157.7081
104.473757 93.617 157.7021
105.230817 93.592 157.6865
105.993363 93.570 157.6682
106.761435 93.550 157.6529
107.535072 93.530 157.6440
108.314315 93.510 157.6425
109.099206 93.490 157.6469
109.889783 93.471 157.6509
110.686090 93.454 157.6412
111.488167 93.440 157.6027
112.296056 93.428 157.5252
113.109800 93.419 157.4083
113.929440 93.414 157.2604
114.755020 93.411 157.0944
115.586582 93.412 156.9258
116.424170 93.414 156.7683
117.267827 93.418 156.6252
118.117598 93.421 156.4809
118.973527 93.420 156.3066
119.835658 93.405 156.0883
120.704037 93.372 155.8500
121.578708 93.321 155.6341
122.459718 93.258 155.4620
123.347111 93.192 155.3269
124.240935 93.129 155.2102
125.141236 93.073 155.0948
126.048061 93.023 154.9721
126.961458 92.980 154.8431
127.881473 92.941 154.7143
128.808154 92.905 154.5926
129.741551 92.870 154.4807
130.681712 92.835 154.3769
131.628686 92.798 154.2775
132.582521 92.760 154.1792
133.543269 92.721 154.0802
134.510979 92.681 153.9805
135.485701 92.642 153.8816
136.467486 92.602 153.7854
137.456386 92.563 153.6951
138.452451 92.524 153.6138
139.455735 92.484 153.5431
140.466288 92.443 153.4819
141.484165 92.402 153.4274
142.509418 92.360 153.3764
143.542100 92.319 153.3264
144.582265 92.278 153.2770
145.629968 92.236 153.2293
146.685262 92.194 153.1846
147.748204 92.152 153.1440
148.818849 92.109 153.1082
149.897251 92.065 153.0780
150.983469 92.020 153.0547
152.077557 91.975 153.0402
153.179574 91.930 153.0363
154.289576 91.886 153.0447
155.407622 91.844 153.0656
156.533770 91.803 153.0968
157.668078 91.765 153.1329
158.810606 91.728 153.1664
159.961413 91.693 153.1906
161.120559 91.659 153.2026
162.288105 91.626 153.2020
163.464112 91.592 153.1899
164.648640 91.558 153.1689
165.841752 91.522 153.1436
167.043510 91.484 153.1191
168.253976 91.444 153.0990
169.473213 91.403 153.0847
170.701286 91.361 153.0765
171.938258 91.319 153.0733
173.184194 91.278 153.0734
174.439158 91.237 153.0749
175.703216 91.196 153.0762
176.976434 91.156 153.0764
178.258878 91.115 153.0748
179.550615 91.075 153.0718
180.851713 91.034 153.0683
182.162239 90.993 153.0649
183.482262 90.952 153.0623
184.811850 90.911 153.0607
186.151073 90.870 153.0601
187.500000 90.828 153.0605
188.858702 90.786 153.0623
190.227250 90.743 153.0666
191.605715 90.700 153.0749
192.994169 90.657 153.0889
194.392685 90.614 153.1095
195.801334 90.570 153.1371
197.220191 90.526 153.1724
198.649330 90.483 153.2157
200.088825 90.439 153.2673
201.538751 90.396 153.3264
202.999184 90.354 153.3910
204.470200 90.313 153.4577
205.951875 90.274 153.5225
207.444287 90.235 153.5822
208.947514 90.196 153.6360
210.461634 90.155 153.6857
211.986726 90.113 153.7349
213.522869 90.069 153.7890
215.070144 90.023 153.8530
216.628631 89.976 153.9308
218.198411 89.929 154.0236
219.779567 89.883 154.1288
221.372180 89.838 154.2407
222.976334 89.794 154.3534
224.592112 89.752 154.4629
226.219600 89.710 154.5683
227.858880 89.668 154.6709
229.510039 89.627 154.7726
231.173164 89.585 154.8748
232.848340 89.543 154.9780
234.535655 89.501 155.0815
236.235197 89.459 155.1843
237.947054 89.417 155.2851
239.671317 89.374 155.3843
241.408074 89.330 155.4836
243.157416 89.285 155.5858
244.919435 89.239 155.6938
246.694223 89.193 155.8106
248.481871 89.146 155.9392
250.282473 89.099 156.0831
252.096123 89.053 156.2444
253.922915 89.008 156.4221
255.762945 88.967 156.6097
257.616309 88.928 156.7969
259.483103 88.891 156.9732
261.363424 88.855 157.1335
263.257372 88.819 157.2799
265.165043 88.781 157.4196
267.086538 88.742 157.5609
269.021957 88.701 157.7104
270.971401 88.660 157.8719
272.934972 88.619 158.0461
274.912771 88.579 158.2315
276.904902 88.540 158.4254
278.911469 88.503 158.6253
280.932577 88.467 158.8286
282.968330 88.433 159.0315
285.018835 88.402 159.2288
287.084199 88.372 159.4132
289.164530 88.343 159.5791
291.259935 88.314 159.7252
293.370525 88.282 159.8571
295.496408 88.248 159.9850
297.637697 88.211 160.1187
299.794503 88.172 160.2643
301.966937 88.131 160.4238
304.155114 88.090 160.5960
306.359147 88.049 160.7780
308.579152 88.008 160.9663
310.815244 87.968 161.1577
313.067539 87.927 161.3503
315.336156 87.885 161.5447
317.621211 87.843 161.7448
319.922826 87.801 161.9547
322.241118 87.758 162.1773
324.576210 87.716 162.4116
326.928223 87.675 162.6549
329.297280 87.636 162.9040
331.683504 87.598 163.1558
334.087019 87.561 163.4073
336.507952 87.524 163.6561
338.946427 87.487 163.9014
341.402572 87.451 164.1445
343.876516 87.413 164.3882
346.368387 87.375 164.6356
348.878315 87.337 164.8882
351.406431 87.299 165.1467
353.952867 87.260 165.4106
356.517756 87.222 165.6791
359.101230 87.184 165.9517
361.703426 87.147 166.2281
364.324478 87.110 166.5081
366.964523 87.073 166.7919
369.623699 87.037 167.0796
372.302145 87.001 167.3713
375.000000 86.965 167.6674
377.717405 86.930 167.9675
380.454501 86.895 168.2714
383.211431 86.860 168.5790
385.988339 86.826 168.8900
388.785369 86.793 169.2045
391.602668 86.760 169.5229
394.440383 86.727 169.8449
397.298660 86.696 170.1699
400.177650 86.664 170.4970
403.077502 86.634 170.8249
405.998368 86.604 171.1525
408.940400 86.573 171.4794
411.903750 86.543 171.8074
414.888575 86.512 172.1396
417.895028 86.481 172.4803
420.923268 86.451 172.8325
423.973452 86.421 173.1974
427.045738 86.393 173.5731
430.140287 86.366 173.9550
433.257261 86.342 174.3377
436.396822 86.319 174.7176
439.559133 86.298 175.0942
442.744360 86.278 175.4679
445.952668 86.260 175.8368
449.184225 86.243 176.1959
452.439199 86.227 176.5394
455.717760 86.210 176.8636
459.020079 86.191 177.1721
462.346327 86.169 177.4755
465.696680 86.145 177.7863
469.071310 86.119 178.1126
472.470394 86.093 178.4566
475.894109 86.067 178.8154
479.342634 86.042 179.1831
482.816148 86.018 179.5536
486.314833 85.994 179.9247
489.838871 85.969 -179.6987
493.388445 85.944 -179.3091
496.963741 85.919 -178.9029
500.564945 85.896 -178.4837
504.192245 85.876 -178.0592
507.845830 85.857 -177.6366
511.525890 85.839 -177.2191
515.232618 85.822 -176.8059
518.966206 85.804 -176.3934
522.726849 85.786 -175.9766
526.514743 85.768 -175.5509
530.330086 85.751 -175.1143
534.173076 85.735 -174.6697
538.043915 85.721 -174.2224
541.942803 85.708 -173.7755
545.869944 85.697 -173.3282
549.825542 85.686 -172.8791
553.809805 85.677 -172.4294
557.822939 85.669 -171.9819
561.865154 85.661 -171.5390
565.936660 85.654 -171.1002
570.037671 85.646 -170.6628
574.168399 85.639 -170.2232
578.329060 85.631 -169.7793
582.519870 85.624 -169.3310
586.741049 85.617 -168.8787
590.992817 85.610 -168.4204
595.275394 85.604 -167.9543
599.589005 85.598 -167.4816
603.933874 85.594 -167.0071
608.310228 85.592 -166.5352
612.718295 85.590 -166.0674
617.158304 85.588 -165.6007
621.630488 85.586 -165.1282
626.135079 85.584 -164.6426
630.672311 85.583 -164.1414
635.242423 85.585 -163.6287
639.845651 85.588 -163.1115
644.482237 85.594 -162.5925
649.152421 85.602 -162.0712
653.856447 85.612 -161.5490
658.594560 85.626 -161.0323
663.367008 85.642 -160.5315
668.174039 85.659 -160.0544
673.015903 85.676 -159.6001
677.892854 85.691 -159.1601
682.805145 85.703 -158.7246
687.753032 85.714 -158.2859
692.736774 85.723 -157.8377
697.756631 85.731 -157.3746
702.812863 85.739 -156.8940
707.905735 85.749 -156.3980
713.035511 85.761 -155.8916
718.202461 85.774 -155.3799
723.406852 85.790 -154.8660
728.648956 85.808 -154.3523
733.929047 85.829 -153.8417
739.247399 85.850 -153.3374
744.604290 85.873 -152.8421
750.000000 85.897 -152.3570
755.434809 85.920 -151.8810
760.909001 85.943 -151.4111
766.422861 85.965 -150.9440
771.976677 85.987 -150.4762
777.570739 86.007 -150.0052
783.205337 86.026 -149.5285
788.880766 86.045 -149.0422
794.597321 86.064 -148.5411
800.355301 86.083 -148.0207
806.155005 86.105 -147.4806
811.996736 86.129 -146.9252
817.880799 86.156 -146.3614
823.807501 86.187 -145.7970
829.777150 86.221 -145.2379
835.790057 86.256 -144.6845
841.846536 86.292 -144.1291
847.946903 86.329 -143.5624
854.091476 86.369 -142.9799
860.280575 86.413 -142.3845
866.514523 86.461 -141.7831
872.793644 86.516 -141.1850
879.118267 86.577 -140.6037
885.488720 86.645 -140.0557
891.905336 86.716 -139.5532
898.368450 86.789 -139.1000
904.878398 86.862 -138.6924
911.435520 86.933 -138.3228
918.040157 87.001 -137.9832
924.692655 87.067 -137.6655
931.393359 87.129 -137.3628
938.142619 87.189 -137.0709
944.940787 87.246 -136.7858
951.788218 87.301 -136.5028
958.685268 87.353 -136.2170
965.632296 87.404 -135.9250
972.629666 87.454 -135.6241
979.677741 87.504 -135.3141
986.776890 87.553 -134.9963
993.927482 87.603 -134.6703
1001.129891 87.653 -134.3327
1008.384491 87.704 -133.9804
1015.691660 87.758 -133.6152
1023.051781 87.815 -133.2430
1030.465236 87.876 -132.8724
1037.932411 87.942 -132.5156
1045.453698 88.010 -132.1853
1053.029486 88.079 -131.8871
1060.660172 88.148 -131.6179
1068.346153 88.215 -131.3690
1076.087829 88.280 -131.1313
1083.885605 88.344 -130.8988
1091.739887 88.406 -130.6697
1099.651084 88.468 -130.4441
1107.619609 88.529 -130.2213
1115.645878 88.589 -130.0001
1123.730308 88.649 -129.7791
1131.873321 88.709 -129.5572
1140.075341 88.768 -129.3335
1148.336797 88.827 -129.1077
1156.658119 88.887 -128.8792
1165.039741 88.947 -128.6470
1173.482099 89.008 -128.4099
1181.985634 89.071 -128.1685
1190.550789 89.137 -127.9293
1199.178011 89.207 -127.7034
1207.867749 89.279 -127.5024
1216.620457 89.352 -127.3320
1225.436590 89.424 -127.1887
1234.316609 89.493 -127.0636
1243.260976 89.559 -126.9477
1252.270157 89.623 -126.8330
1261.344623 89.685 -126.7155
1270.484846 89.745 -126.5939
1279.691303 89.804 -126.4670
1288.964474 89.863 -126.3332
1298.304842 89.922 -126.1929
1307.712894 89.981 -126.0484
1317.189120 90.041 -125.9034
1326.734016 90.102 -125.7603
1336.348077 90.163 -125.6189
1346.031806 90.224 -125.4761
1355.785708 90.286 -125.3283
1365.610290 90.350 -125.1714
1375.506065 90.415 -125.0011
1385.473549 90.483 -124.8125
1395.513261 90.554 -124.6045
1405.625726 90.630 -124.3826
1415.811469 90.710 -124.1589
1426.071023 90.795 -123.9481
1436.404921 90.883 -123.7599
1446.813703 90.971 -123.5953
1457.297912 91.060 -123.4496
1467.858093 91.148 -123.3176
1478.494798 91.234 -123.1959
1489.208581 91.318 -123.0822
1500.000000 91.400 -122.9738
1510.869618 91.479 -122.8682
1521.818002 91.554 -122.7625
1532.845723 91.626 -122.6543
1543.953355 91.695 -122.5412
1555.141477 91.763 -122.4225
1566.410674 91.831 -122.3018
1577.761531 91.902 -122.1898
1589.194642 91.975 -122.1001
1600.710601 92.049 -122.0416
1612.310010 92.123 -122.0152
1623.993473 92.196 -122.0158
1635.761599 92.267 -122.0365
1647.615002 92.336 -122.0714
1659.554299 92.404 -122.1161
1671.580114 92.471 -122.1672
1683.693072 92.539 -122.2244
1695.893807 92.606 -122.2899
1708.182952 92.672 -122.3660
1720.561150 92.738 -122.4531
1733.029045 92.801 -122.5482
1745.587288 92.862 -122.6462
1758.236533 92.921 -122.7408
1770.977440 92.981 -122.8270
1783.810673 93.041 -122.9058
1796.736900 93.105 -122.9868
1809.756796 93.172 -123.0845
1822.871040 93.241 -123.2104
1836.080315 93.312 -123.3689
1849.385310 93.382 -123.5588
1862.786718 93.452 -123.7771
1876.285239 93.522 -124.0192
1889.881575 93.591 -124.2797
1903.576436 93.661 -124.5530
1917.370535 93.733 -124.8342
1931.264593 93.808 -125.1203
1945.259332 93.889 -125.4127
1959.355483 93.973 -125.7199
1973.553781 94.062 -126.0552
1987.854965 94.153 -126.4288
2002.259781 94.244 -126.8442
2016.768981 94.332 -127.2991
2031.383320 94.417 -127.7885
2046.103561 94.498 -128.3068
2060.930471 94.574 -128.8492
2075.864823 94.646 -129.4129
2090.907395 94.713 -129.9967
2106.058972 94.774 -130.5975
2121.320344 94.829 -131.2094
2136.692305 94.878 -131.8235
2152.175658 94.921 -132.4311
2167.771210 94.959 -133.0283
2183.479774 94.995 -133.6199
2199.302169 95.029 -134.2160
2215.239219 95.059 -134.8243
2231.291755 95.086 -135.4484
2247.460615 95.108 -136.0871
2263.746641 95.124 -136.7355
2280.150683 95.135 -137.3859
2296.673595 95.140 -138.0285
2313.316238 95.140 -138.6552
2330.079481 95.136 -139.2624
2346.964198 95.131 -139.8553
2363.971268 95.125 -140.4438
2381.101578 95.116 -141.0359
2398.356022 95.104 -141.6346
2415.735498 95.087 -142.2381
2433.240913 95.065 -142.8420
2450.873180 95.037 -143.4414
2468.633217 95.003 -144.0323
2486.521951 94.964 -144.6101
2504.540314 94.917 -145.1672
2522.689246 94.865 -145.6927
2540.969692 94.807 -146.1759
2559.382606 94.745 -146.6121
2577.928947 94.682 -147.0048
2596.609683 94.617 -147.3616
2615.425787 94.552 -147.6885
2634.378241 94.485 -147.9881
2653.468031 94.416 -148.2583
2672.696154 94.344 -148.4925
2692.063613 94.271 -148.6825
2711.571415 94.198 -148.8232
2731.220579 94.127 -148.9182
2751.012130 94.059 -148.9786
2770.947098 93.995 -149.0170
2791.026522 93.933 -149.0431
2811.251451 93.872 -149.0618
2831.622938 93.812 -149.0746
2852.142045 93.751 -149.0813
2872.809842 93.689 -149.0788
2893.627406 93.624 -149.0595
2914.595823 93.557 -149.0110
2935.716186 93.487 -148.9213
2956.989596 93.417 -148.7857
2978.417161 93.348 -148.6064
3000.000000 93.282 -148.3882
3021.739237 93.216 -148.1340
3043.636005 93.152 -147.8414
3065.691446 93.090 -147.5025
3087.906710 93.030 -147.1067
3110.282955 92.975 -146.6480
3132.821347 92.926 -146.1291
3155.523062 92.886 -145.5593
3178.389283 92.856 -144.9504
3201.421202 92.837 -144.3139
3224.620020 92.829 -143.6615
3247.986946 92.832 -143.0059
3271.523198 92.847 -142.3580
3295.230004 92.872 -141.7249
3319.108599 92.907 -141.1122
3343.160228 92.953 -140.5300
3367.386145 93.009 -139.9936
3391.787613 93.073 -139.5188
3416.365904 93.143 -139.1149
3441.122300 93.216 -138.7806
3466.058091 93.290 -138.5038
3491.174576 93.363 -138.2684
3516.473066 93.436 -138.0624
3541.954880 93.509 -137.8805
3567.621345 93.582 -137.7217
3593.473800 93.657 -137.5868
3619.513592 93.731 -137.4778
3645.742080 93.805 -137.3958
3672.160630 93.877 -137.3372
3698.770620 93.948 -137.2929
3725.573436 94.018 -137.2547
3752.570477 94.087 -137.2195
3779.763150 94.157 -137.1898
3807.152872 94.227 -137.1682
3834.741071 94.296 -137.1529
3862.529185 94.365 -137.1369
3890.518664 94.435 -137.1143
3918.710966 94.508 -137.0865
3947.107561 94.587 -137.0621
3975.709929 94.671 -137.0546
4004.519563 94.762 -137.0793
4033.537962 94.859 -137.1504
4062.766641 94.960 -137.2761
4092.207123 95.063 -137.4569
4121.860942 95.169 -137.6919
4151.729646 95.277 -137.9839
4181.814790 95.387 -138.3382
4212.117944 95.496 -138.7583
4242.640687 95.605 -139.2419
4273.384610 95.711 -139.7840
4304.351317 95.817 -140.3833
4335.542421 95.923 -141.0452
4366.959549 96.028 -141.7805
4398.604338 96.132 -142.6035
4430.478438 96.233 -143.5271
4462.583511 96.329 -144.5573
4494.921231 96.416 -145.6927
4527.493283 96.493 -146.9294
4560.301365 96.559 -148.2636
4593.347189 96.609 -149.6889
4626.632476 96.642 -151.1917
4660.158962 96.657 -152.7519
4693.928395 96.651 -154.3478
4727.942535 96.627 -155.9613
4762.203156 96.585 -157.5790
4796.712043 96.524 -159.1924
4831.470996 96.446 -160.7939
4866.481826 96.349 -162.3717
4901.746360 96.234 -163.9110
4937.266434 96.101 -165.3983
4973.043902 95.950 -166.8221
5009.080628 95.781 -168.1692
5045.378492 95.596 -169.4226
5081.939384 95.395 -170.5637
5118.765212 95.181 -171.5784
5155.857894 94.957 -172.4600
5193.219366 94.726 -173.2111
5230.851574 94.491 -173.8391
5268.756481 94.253 -174.3509
5306.936062 94.014 -174.7525
5345.392309 93.773 -175.0514
5384.127225 93.531 -175.2546
5423.142830 93.288 -175.3634
5462.441159 93.042 -175.3719
5502.024259 92.796 -175.2707
5541.894195 92.550 -175.0527
5582.053045 92.307 -174.7174
5622.502902 92.071 -174.2711
5663.245876 91.843 -173.7232
5704.284090 91.625 -173.0874
5745.619684 91.420 -172.3837
5787.254813 91.226 -171.6343
5829.191647 91.043 -170.8540
5871.432373 90.868 -170.0449
5913.979192 90.700 -169.1987
5956.834323 90.538 -168.3047
6000.000000 90.384 -167.3568
6043.478473 90.239 -166.3538
6087.272010 90.105 -165.2988
6131.382892 89.983 -164.2002
6175.813420 89.872 -163.0694
6220.565910 89.774 -161.9145
6265.642695 89.686 -160.7374
6311.046124 89.609 -159.5351
6356.778566 89.543 -158.3050
6402.842404 89.490 -157.0473
6449.240040 89.451 -155.7655
6495.973891 89.426 -154.4654
6543.046396 89.417 -153.1569
6590.460007 89.424 -151.8496
6638.217197 89.445 -150.5491
6686.320456 89.483 -149.2552
6734.772290 89.536 -147.9661
6783.575226 89.606 -146.6827
6832.731809 89.696 -145.4094
6882.244600 89.805 -144.1555
6932.116181 89.935 -142.9364
6982.349153 90.086 -141.7704
7032.946133 90.261 -140.6743
7083.909760 90.460 -139.6624
7135.242690 90.686 -138.7505
7186.947600 90.939 -137.9599
7239.027185 91.224 -137.3201
7291.484160 91.541 -136.8717
7344.321260 91.891 -136.6664
7397.541239 92.271 -136.7613
7451.146872 92.677 -137.2131
7505.140954 93.103 -138.0760
7559.526299 93.541 -139.4023
7614.305743 93.981 -141.2396
7669.482141 94.410 -143.6278
7725.058371 94.811 -146.5936
7781.037328 95.168 -150.1409
7837.421932 95.459 -154.2394
7894.215122 95.665 -158.8179
7951.419859 95.770 -163.7651
8009.039125 95.761 -168.9360
8067.075924 95.634 -174.1638
8125.533282 95.389 -179.2783
8184.414245 95.032 175.8776
8243.721885 94.574 171.4370
8303.459292 94.030 167.5031
8363.629581 93.414 164.1460
8424.235888 92.746 161.4044
8485.281374 92.044 159.2867
8546.769221 91.324 157.7721
8608.702634 90.602 156.8163
8671.084842 89.891 156.3628
8733.919097 89.200 156.3522
8797.208675 88.536 156.7301
8860.956876 87.903 157.4488
8925.167022 87.303 158.4638
8989.842461 86.740 159.7292
9054.986566 86.213 161.2008
9120.602731 85.724 162.8405
9186.694378 85.269 164.6207
9253.264952 84.847 166.5261
9320.317925 84.457 168.5468
9387.856790 84.100 170.6699
9455.885071 83.773 172.8797
9524.406312 83.478 175.1606
9593.424086 83.213 177.5031
9662.941992 82.977 179.9066
9732.963653 82.771 -177.6260
9803.492719 82.596 -175.0962
9874.532869 82.451 -172.5105
9946.087805 82.338 -169.8765
10018.161257 82.256 -167.1957
10090.756983 82.205 -164.4614
10163.878768 82.188 -161.6663
10237.530423 82.207 -158.8085
10311.715789 82.266 -155.8921
10386.438732 82.368 -152.9215
10461.703149 82.519 -149.8957
10537.512962 82.727 -146.8146
10613.872125 83.001 -143.6911
10690.784618 83.353 -140.5612
10768.254450 83.794 -137.4877
10846.285661 84.333 -134.5598
10924.882318 84.975 -131.8987
11004.048518 85.722 -129.6619
11083.788390 86.564 -128.0343
11164.106090 87.480 -127.2037
11245.005805 88.443 -127.3271
11326.491752 89.420 -128.5101
11408.568180 90.377 -130.7999
11491.239368 91.280 -134.1886
11574.509626 92.098 -138.6185
11658.383294 92.803 -143.9852
11742.864745 93.372 -150.1437
11827.958384 93.788 -156.9138
11913.668646 94.037 -164.0857
12000.000000 94.113 -171.4255
12086.956947 94.015 -178.6855
12174.544019 93.754 174.3765
12262.765784 93.346 167.9716
12351.626840 92.817 162.2593
12441.131819 92.194 157.3408
12531.285389 91.508 153.2645
12622.092249 90.788 150.0342
12713.557132 90.063 147.6160
12805.684808 89.359 145.9424
12898.480079 88.700 144.9211
12991.947783 88.105 144.4455
13086.092792 87.589 144.4003
13180.920015 87.166 144.6608
13276.434395 86.844 145.0936
13372.640911 86.628 145.5608
13469.544580 86.521 145.9226
13567.150452 86.520 146.0326
13665.463617 86.622 145.7378
13764.489200 86.811 144.8869
13864.232362 87.071 143.3434
13964.698305 87.375 140.9955
14065.892266 87.690 137.7676
14167.819519 87.978 133.6368
14270.485380 88.199 128.6491
14373.895200 88.316 122.9260
14478.054370 88.296 116.6604
14582.968320 88.120 110.1034
14688.642520 87.778 103.5359
14795.082478 87.279 97.2282
14902.293745 86.643 91.4034
15010.281908 85.901 86.2162
15119.052599 85.091 81.7423
15228.611486 84.256 77.9715
15338.964283 83.447 74.8033
15450.116741 82.709 72.0510
15562.074656 82.085 69.4531
15674.843864 81.602 66.6969
15788.430244 81.261 63.4562
15902.839718 81.038 59.4422
16018.078250 80.879 54.4536
16134.151848 80.713 48.4147
16251.066563 80.465 41.4003
16368.828491 80.065 33.6406
16487.443769 79.462 25.4934
16606.918584 78.630 17.3765
16727.259161 77.569 9.6877
16848.471777 76.293 2.7485
16970.562748 74.831 -3.2159
17093.538442 73.214 -8.0704
17217.405268 71.474 -11.7522
17342.169684 69.643 -14.2576
17467.838194 67.749 -15.6317
17594.417350 65.822 -15.9571
17721.913751 63.887 -15.3411
17850.334044 61.966 -13.9058
17979.684923 60.079 -11.7795
18109.973131 58.241 -9.0898
18241.205462 56.460 -5.9551
18373.388756 54.742 -2.4757
18506.529905 53.087 1.2766
18640.635849 51.493 5.2580
18775.713581 49.959 9.4324
18911.770141 48.483 13.7622
19048.812624 47.068 18.2180
19186.848172 45.730 22.7760
19325.883983 44.517 27.4079
19465.927305 43.515 32.0903
19606.985439 42.834 36.8328
19749.065738 42.526 41.5551
19892.175609 42.499 45.7930
20036.322514 42.559 48.4847
