* Measurement data measured by REW V5.31
* Source: EXCL: Microphone (USB Sound Device        ), MICROPHONE (Master Volume), L, volume: 0.390
* Format: 256k Log Swept Sine, 1 sweep at -15.0 dBFS with no timing reference
* Dated: Nov 24, 2024 1:41:21 PM
* REW Settings:
*  C-weighting compensation: Off
*  Target level: 75.0 dB
* Note: Celest Relentless L
* Measurement: L Celest Relentless
* Smoothing: 1/12 octave
* Frequency Step: 96 ppo
* Start Frequency: 0.36621094 Hz
*
* Freq(Hz)	SPL(dB)	Phase(degrees)
0.366211	91.187	156.4181
0.368865	91.181	156.3936
0.371538	91.172	156.3568
0.374230	91.161	156.3105
0.376942	91.148	156.2572
0.379673	91.135	156.1985
0.382424	91.120	156.1358
0.385196	91.106	156.0695
0.387987	91.091	156.0002
0.390798	91.076	155.9280
0.393630	91.061	155.8531
0.396483	91.045	155.7755
0.399356	91.030	155.6952
0.402250	91.014	155.6122
0.405165	90.998	155.5264
0.408101	90.983	155.4380
0.411058	90.967	155.3467
0.414037	90.951	155.2526
0.417037	90.935	155.1557
0.420059	90.918	155.0560
0.423103	90.902	154.9533
0.426169	90.885	154.8478
0.429257	90.869	154.7393
0.432368	90.852	154.6278
0.435501	90.835	154.5134
0.438656	90.818	154.3959
0.441835	90.801	154.2754
0.445037	90.784	154.1518
0.448262	90.766	154.0252
0.451510	90.749	153.8954
0.454782	90.731	153.7625
0.458077	90.714	153.6264
0.461397	90.696	153.4872
0.464740	90.678	153.3447
0.468108	90.660	153.1991
0.471500	90.641	153.0502
0.474917	90.623	152.8980
0.478358	90.604	152.7426
0.481825	90.586	152.5838
0.485316	90.567	152.4218
0.488833	90.548	152.2565
0.492375	90.529	152.0878
0.495943	90.510	151.9158
0.499537	90.490	151.7404
0.503157	90.471	151.5617
0.506803	90.451	151.3796
0.510475	90.432	151.1942
0.514175	90.412	151.0054
0.517900	90.392	150.8132
0.521653	90.371	150.6177
0.525434	90.351	150.4188
0.529241	90.330	150.2165
0.533076	90.310	150.0109
0.536939	90.289	149.8020
0.540830	90.268	149.5897
0.544749	90.247	149.3742
0.548696	90.226	149.1553
0.552673	90.204	148.9333
0.556677	90.183	148.7079
0.560711	90.161	148.4794
0.564774	90.139	148.2477
0.568867	90.117	148.0129
0.572989	90.095	147.7750
0.577141	90.073	147.5341
0.581324	90.050	147.2902
0.585536	90.027	147.0433
0.589779	90.005	146.7936
0.594053	89.982	146.5410
0.598358	89.958	146.2858
0.602694	89.935	146.0278
0.607061	89.912	145.7673
0.611460	89.888	145.5043
0.615891	89.864	145.2388
0.620354	89.840	144.9711
0.624849	89.816	144.7012
0.629377	89.791	144.4292
0.633938	89.767	144.1552
0.638532	89.742	143.8794
0.643159	89.717	143.6019
0.647819	89.692	143.3228
0.652514	89.667	143.0423
0.657242	89.641	142.7606
0.662005	89.616	142.4778
0.666802	89.590	142.1941
0.671634	89.564	141.9097
0.676501	89.538	141.6248
0.681403	89.511	141.3396
0.686341	89.485	141.0543
0.691314	89.458	140.7691
0.696324	89.431	140.4843
0.701370	89.403	140.2000
0.706452	89.376	139.9164
0.711571	89.347	139.6336
0.716728	89.318	139.3515
0.721921	89.288	139.0699
0.727153	89.256	138.7883
0.732422	89.222	138.5058
0.737729	89.185	138.2213
0.743075	89.147	137.9337
0.748460	89.107	137.6420
0.753883	89.065	137.3454
0.759346	89.023	137.0434
0.764849	88.979	136.7354
0.770391	88.935	136.4214
0.775974	88.890	136.1010
0.781597	88.845	135.7743
0.787261	88.799	135.4409
0.792966	88.753	135.1009
0.798712	88.706	134.7542
0.804500	88.658	134.4007
0.810329	88.610	134.0403
0.816201	88.561	133.6730
0.822116	88.511	133.2988
0.828073	88.461	132.9174
0.834074	88.410	132.5290
0.840118	88.358	132.1334
0.846206	88.305	131.7307
0.852338	88.252	131.3207
0.858514	88.197	130.9035
0.864735	88.142	130.4792
0.871001	88.086	130.0476
0.877313	88.028	129.6088
0.883670	87.970	129.1628
0.890074	87.910	128.7097
0.896524	87.849	128.2495
0.903020	87.787	127.7822
0.909564	87.724	127.3081
0.916155	87.660	126.8271
0.922794	87.594	126.3394
0.929481	87.527	125.8452
0.936216	87.458	125.3446
0.943000	87.388	124.8378
0.949834	87.316	124.3251
0.956717	87.243	123.8066
0.963649	87.168	123.2827
0.970632	87.091	122.7537
0.977666	87.013	122.2200
0.984750	86.932	121.6818
0.991886	86.850	121.1397
0.999074	86.765	120.5941
1.006314	86.679	120.0456
1.013606	86.590	119.4946
1.020951	86.499	118.9419
1.028349	86.406	118.3879
1.035801	86.310	117.8336
1.043307	86.212	117.2795
1.050867	86.111	116.7266
1.058482	86.008	116.1755
1.066152	85.902	115.6271
1.073878	85.793	115.0821
1.081660	85.681	114.5410
1.089498	85.566	114.0040
1.097393	85.448	113.4709
1.105345	85.326	112.9412
1.113355	85.202	112.4139
1.121423	85.074	111.8881
1.129549	84.942	111.3629
1.137734	84.808	110.8374
1.145979	84.670	110.3109
1.154283	84.528	109.7827
1.162647	84.383	109.2521
1.171072	84.235	108.7186
1.179558	84.083	108.1815
1.188106	83.928	107.6402
1.196715	83.770	107.0939
1.205387	83.608	106.5421
1.214122	83.443	105.9839
1.222920	83.275	105.4185
1.231782	83.103	104.8452
1.240708	82.929	104.2630
1.249699	82.751	103.6711
1.258754	82.570	103.0684
1.267876	82.386	102.4540
1.277063	82.198	101.8267
1.286318	82.008	101.1854
1.295639	81.815	100.5288
1.305027	81.619	99.8557
1.314484	81.420	99.1647
1.324009	81.219	98.4544
1.333604	81.014	97.7233
1.343268	80.807	96.9699
1.353002	80.598	96.1925
1.362806	80.386	95.3894
1.372681	80.171	94.5591
1.382628	79.954	93.6997
1.392647	79.735	92.8097
1.402739	79.514	91.8872
1.412904	79.290	90.9309
1.423142	79.064	89.9393
1.433455	78.835	88.9111
1.443843	78.602	87.8452
1.454305	78.365	86.7405
1.464844	78.123	85.5959
1.475459	77.872	84.4093
1.486150	77.612	83.1780
1.496920	77.340	81.8977
1.507767	77.057	80.5625
1.518693	76.762	79.1654
1.529698	76.454	77.6975
1.540783	76.136	76.1485
1.551948	75.807	74.5060
1.563194	75.470	72.7556
1.574521	75.124	70.8802
1.585931	74.772	68.8596
1.597423	74.415	66.6701
1.608999	74.054	64.2834
1.620658	73.692	61.6665
1.632402	73.330	58.7807
1.644232	72.970	55.5809
1.656146	72.613	52.0162
1.668147	72.263	48.0305
1.680235	71.921	43.5657
1.692411	71.590	38.5671
1.704675	71.271	32.9938
1.717028	70.969	26.8328
1.729470	70.685	20.1172
1.742003	70.423	12.9413
1.754626	70.185	5.4649
1.767341	69.975	-2.1022
1.780147	69.797	-9.5350
1.793047	69.653	-16.6364
1.806040	69.548	-23.2689
1.819128	69.485	-29.3662
1.832310	69.466	-34.9243
1.845587	69.494	-39.9815
1.858961	69.570	-44.5947
1.872432	69.693	-48.8224
1.886001	69.863	-52.7161
1.899667	70.076	-56.3183
1.913433	70.329	-59.6634
1.927299	70.620	-62.7794
1.941265	70.944	-65.6888
1.955332	71.297	-68.4106
1.969501	71.675	-70.9606
1.983773	72.075	-73.3521
1.998148	72.490	-75.5968
2.012627	72.918	-77.7044
2.027212	73.354	-79.6834
2.041902	73.792	-81.5412
2.056698	74.229	-83.2841
2.071602	74.659	-84.9179
2.086614	75.079	-86.4475
2.101734	75.484	-87.8776
2.116964	75.869	-89.2129
2.132304	76.232	-90.4584
2.147756	76.568	-91.6202
2.163320	76.875	-92.7060
2.178996	77.153	-93.7261
2.194786	77.403	-94.6934
2.210690	77.626	-95.6227
2.226710	77.825	-96.5282
2.242845	78.004	-97.4215
2.259098	78.165	-98.3098
2.275468	78.309	-99.1973
2.291957	78.437	-100.0849
2.308566	78.552	-100.9720
2.325295	78.654	-101.8565
2.342145	78.743	-102.7353
2.359117	78.821	-103.6051
2.376212	78.888	-104.4617
2.393431	78.946	-105.3007
2.410775	78.995	-106.1174
2.428244	79.035	-106.9069
2.445840	79.069	-107.6639
2.463564	79.096	-108.3834
2.481416	79.118	-109.0602
2.499397	79.135	-109.6902
2.517509	79.148	-110.2702
2.535752	79.156	-110.7990
2.554127	79.160	-111.2780
2.572635	79.157	-111.7111
2.591277	79.146	-112.1042
2.610055	79.126	-112.4629
2.628968	79.097	-112.7916
2.648019	79.059	-113.0927
2.667208	79.010	-113.3669
2.686535	78.953	-113.6135
2.706003	78.888	-113.8305
2.725612	78.816	-114.0151
2.745363	78.739	-114.1636
2.765257	78.657	-114.2719
2.785295	78.571	-114.3350
2.805478	78.484	-114.3476
2.825808	78.397	-114.3036
2.846285	78.310	-114.1967
2.866910	78.224	-114.0203
2.887685	78.141	-113.7676
2.908611	78.059	-113.4318
2.929688	77.979	-113.0064
2.950917	77.900	-112.4858
2.972301	77.819	-111.8652
2.993839	77.736	-111.1418
3.015534	77.651	-110.3141
3.037386	77.565	-109.3825
3.059396	77.480	-108.3493
3.081565	77.396	-107.2183
3.103896	77.315	-105.9953
3.126388	77.241	-104.6881
3.149043	77.175	-103.3065
3.171862	77.121	-101.8619
3.194847	77.080	-100.3672
3.217998	77.056	-98.8355
3.241317	77.050	-97.2793
3.264805	77.067	-95.7087
3.288463	77.106	-94.1304
3.312293	77.170	-92.5478
3.336295	77.258	-90.9639
3.360471	77.370	-89.3838
3.384822	77.504	-87.8169
3.409350	77.657	-86.2761
3.434056	77.828	-84.7767
3.458940	78.014	-83.3342
3.484005	78.211	-81.9639
3.509252	78.416	-80.6793
3.534681	78.627	-79.4918
3.560295	78.840	-78.4106
3.586094	79.054	-77.4418
3.612081	79.268	-76.5887
3.638255	79.480	-75.8510
3.664620	79.690	-75.2255
3.691175	79.900	-74.7060
3.717923	80.111	-74.2847
3.744864	80.324	-73.9535
3.772001	80.538	-73.7041
3.799335	80.752	-73.5290
3.826866	80.965	-73.4212
3.854597	81.177	-73.3743
3.882529	81.385	-73.3828
3.910664	81.588	-73.4420
3.939002	81.784	-73.5484
3.967546	81.972	-73.6997
3.996296	82.152	-73.8950
4.025255	82.322	-74.1348
4.054423	82.482	-74.4201
4.083804	82.633	-74.7508
4.113396	82.776	-75.1249
4.143204	82.910	-75.5384
4.173227	83.035	-75.9851
4.203468	83.153	-76.4582
4.233928	83.263	-76.9502
4.264609	83.366	-77.4544
4.295512	83.462	-77.9648
4.326639	83.549	-78.4771
4.357992	83.630	-78.9895
4.389572	83.703	-79.5024
4.421380	83.767	-80.0185
4.453419	83.823	-80.5406
4.485691	83.871	-81.0699
4.518196	83.911	-81.6052
4.550936	83.944	-82.1427
4.583914	83.969	-82.6770
4.617131	83.987	-83.2014
4.650589	84.000	-83.7091
4.684289	84.006	-84.1938
4.718233	84.008	-84.6503
4.752424	84.004	-85.0759
4.786862	83.994	-85.4698
4.821549	83.979	-85.8331
4.856488	83.958	-86.1672
4.891680	83.932	-86.4725
4.927127	83.902	-86.7487
4.962831	83.868	-86.9945
4.998794	83.832	-87.2074
5.035017	83.795	-87.3847
5.071503	83.759	-87.5229
5.108253	83.723	-87.6188
5.145270	83.688	-87.6699
5.182555	83.653	-87.6749
5.220110	83.620	-87.6348
5.257937	83.588	-87.5524
5.296038	83.559	-87.4328
5.334415	83.533	-87.2819
5.373071	83.511	-87.1060
5.412006	83.495	-86.9112
5.451224	83.486	-86.7017
5.490725	83.485	-86.4803
5.530514	83.491	-86.2485
5.570590	83.505	-86.0080
5.610957	83.526	-85.7627
5.651616	83.555	-85.5190
5.692570	83.590	-85.2854
5.733821	83.632	-85.0713
5.775370	83.679	-84.8858
5.817221	83.732	-84.7360
5.859375	83.790	-84.6270
5.901834	83.853	-84.5608
5.944602	83.922	-84.5379
5.987679	83.995	-84.5586
6.031068	84.071	-84.6236
6.074771	84.150	-84.7342
6.118792	84.229	-84.8923
6.163131	84.309	-85.0998
6.207792	84.387	-85.3584
6.252776	84.463	-85.6686
6.298086	84.537	-86.0295
6.343725	84.610	-86.4381
6.389694	84.679	-86.8900
6.435996	84.746	-87.3799
6.482634	84.809	-87.9025
6.529610	84.867	-88.4538
6.576926	84.921	-89.0311
6.624585	84.969	-89.6328
6.672590	85.013	-90.2577
6.720942	85.051	-90.9028
6.769645	85.084	-91.5634
6.818700	85.112	-92.2333
6.868111	85.135	-92.9063
6.917881	85.153	-93.5767
6.968010	85.167	-94.2411
7.018504	85.177	-94.8974
7.069362	85.184	-95.5443
7.120590	85.188	-96.1797
7.172189	85.192	-96.8007
7.224161	85.194	-97.4036
7.276511	85.196	-97.9846
7.329239	85.198	-98.5409
7.382350	85.200	-99.0709
7.435845	85.202	-99.5749
7.489729	85.206	-100.0541
7.544002	85.210	-100.5102
7.598669	85.217	-100.9451
7.653732	85.227	-101.3602
7.709194	85.241	-101.7568
7.765058	85.260	-102.1363
7.821327	85.284	-102.5015
7.878004	85.315	-102.8566
7.935091	85.350	-103.2068
7.992592	85.392	-103.5571
8.050510	85.439	-103.9117
8.108847	85.492	-104.2735
8.167607	85.550	-104.6449
8.226793	85.613	-105.0282
8.286408	85.681	-105.4261
8.346454	85.751	-105.8414
8.406936	85.825	-106.2766
8.467856	85.901	-106.7327
8.529218	85.979	-107.2095
8.591024	86.058	-107.7058
8.653278	86.137	-108.2198
8.715983	86.216	-108.7497
8.779143	86.295	-109.2936
8.842760	86.372	-109.8497
8.906839	86.448	-110.4154
8.971381	86.522	-110.9874
9.036392	86.594	-111.5615
9.101873	86.664	-112.1337
9.167829	86.732	-112.7006
9.234263	86.798	-113.2593
9.301178	86.862	-113.8074
9.368578	86.923	-114.3421
9.436467	86.984	-114.8606
9.504847	87.043	-115.3602
9.573723	87.101	-115.8393
9.643099	87.157	-116.2973
9.712976	87.213	-116.7339
9.783361	87.268	-117.1495
9.854255	87.321	-117.5447
9.925663	87.374	-117.9203
9.997588	87.425	-118.2776
10.070035	87.476	-118.6188
10.143007	87.526	-118.9464
10.216507	87.576	-119.2632
10.290540	87.626	-119.5716
10.365109	87.676	-119.8738
10.440219	87.727	-120.1720
10.515873	87.778	-120.4683
10.592076	87.829	-120.7648
10.668830	87.880	-121.0628
10.746141	87.931	-121.3632
10.824012	87.981	-121.6662
10.902447	88.030	-121.9718
10.981451	88.077	-122.2795
11.061027	88.123	-122.5887
11.141180	88.166	-122.8983
11.221913	88.208	-123.2069
11.303232	88.247	-123.5127
11.385140	88.284	-123.8143
11.467641	88.318	-124.1102
11.550741	88.350	-124.3991
11.634442	88.381	-124.6800
11.718750	88.409	-124.9518
11.803669	88.437	-125.2141
11.889203	88.463	-125.4668
11.975357	88.489	-125.7104
12.062136	88.514	-125.9457
12.149543	88.539	-126.1736
12.237583	88.564	-126.3957
12.326262	88.589	-126.6137
12.415583	88.613	-126.8298
12.505552	88.638	-127.0458
12.596172	88.662	-127.2639
12.687449	88.687	-127.4860
12.779387	88.710	-127.7140
12.871992	88.734	-127.9495
12.965268	88.757	-128.1939
13.059220	88.779	-128.4481
13.153852	88.800	-128.7127
13.249170	88.820	-128.9881
13.345179	88.839	-129.2743
13.441884	88.856	-129.5708
13.539289	88.872	-129.8772
13.637401	88.887	-130.1924
13.736223	88.899	-130.5155
13.835761	88.910	-130.8454
13.936021	88.920	-131.1807
14.037007	88.927	-131.5203
14.138725	88.933	-131.8629
14.241180	88.937	-132.2074
14.344377	88.941	-132.5526
14.448323	88.943	-132.8978
14.553021	88.945	-133.2424
14.658478	88.947	-133.5860
14.764700	88.948	-133.9287
14.871691	88.951	-134.2707
14.979457	88.955	-134.6128
15.088005	88.960	-134.9563
15.197339	88.968	-135.3025
15.307465	88.977	-135.6534
15.418389	88.988	-136.0110
15.530117	89.002	-136.3775
15.642655	89.017	-136.7551
15.756008	89.035	-137.1458
15.870182	89.054	-137.5513
15.985184	89.075	-137.9726
16.101019	89.097	-138.4101
16.217694	89.119	-138.8633
16.335214	89.141	-139.3309
16.453586	89.162	-139.8105
16.572815	89.183	-140.2991
16.692909	89.203	-140.7928
16.813872	89.222	-141.2873
16.935713	89.240	-141.7779
17.058436	89.256	-142.2603
17.182048	89.273	-142.7302
17.306556	89.289	-143.1844
17.431967	89.305	-143.6207
17.558286	89.323	-144.0379
17.685521	89.342	-144.4367
17.813677	89.363	-144.8186
17.942762	89.386	-145.1868
18.072783	89.413	-145.5452
18.203746	89.442	-145.8981
18.335658	89.474	-146.2501
18.468526	89.508	-146.6051
18.602356	89.543	-146.9661
18.737156	89.579	-147.3349
18.872934	89.615	-147.7116
19.009695	89.649	-148.0948
19.147447	89.681	-148.4817
19.286197	89.711	-148.8683
19.425953	89.738	-149.2500
19.566721	89.762	-149.6220
19.708510	89.783	-149.9801
19.851326	89.801	-150.3209
19.995177	89.818	-150.6426
20.140070	89.834	-150.9451
20.286013	89.850	-151.2301
20.433014	89.866	-151.5012
20.581080	89.883	-151.7631
20.730219	89.901	-152.0216
20.880439	89.921	-152.2825
21.031747	89.941	-152.5513
21.184152	89.961	-152.8320
21.337661	89.980	-153.1271
21.492282	89.998	-153.4370
21.648024	90.013	-153.7600
21.804895	90.026	-154.0927
21.962902	90.034	-154.4299
22.122054	90.040	-154.7659
22.282360	90.042	-155.0948
22.443827	90.042	-155.4117
22.606464	90.040	-155.7131
22.770280	90.039	-155.9979
22.935283	90.040	-156.2679
23.101481	90.044	-156.5278
23.268884	90.051	-156.7850
23.437500	90.064	-157.0489
23.607338	90.082	-157.3303
23.778406	90.104	-157.6397
23.950714	90.130	-157.9863
24.124271	90.157	-158.3764
24.299086	90.185	-158.8128
24.475167	90.211	-159.2940
24.652524	90.233	-159.8143
24.831166	90.251	-160.3642
25.011103	90.262	-160.9311
25.192344	90.266	-161.5009
25.374898	90.265	-162.0590
25.558775	90.258	-162.5925
25.743984	90.248	-163.0909
25.930536	90.236	-163.5479
26.118439	90.224	-163.9617
26.307704	90.215	-164.3352
26.498341	90.210	-164.6755
26.690359	90.210	-164.9927
26.883768	90.215	-165.2979
27.078579	90.225	-165.6018
27.274801	90.237	-165.9129
27.472446	90.252	-166.2360
27.671522	90.266	-166.5724
27.872042	90.279	-166.9192
28.074014	90.289	-167.2708
28.277450	90.296	-167.6194
28.482360	90.300	-167.9571
28.688755	90.300	-168.2771
28.896645	90.299	-168.5745
29.106042	90.298	-168.8481
29.316957	90.297	-169.0998
29.529400	90.297	-169.3353
29.743382	90.301	-169.5627
29.958915	90.307	-169.7916
30.176009	90.316	-170.0317
30.394677	90.327	-170.2911
30.614929	90.339	-170.5753
30.836778	90.349	-170.8865
31.060234	90.358	-171.2228
31.285309	90.363	-171.5793
31.512015	90.365	-171.9487
31.740364	90.362	-172.3225
31.970368	90.357	-172.6928
32.202039	90.350	-173.0536
32.435388	90.342	-173.4021
32.670428	90.335	-173.7389
32.907171	90.329	-174.0682
33.145630	90.327	-174.3963
33.385817	90.328	-174.7304
33.627745	90.331	-175.0768
33.871425	90.335	-175.4390
34.116871	90.341	-175.8173
34.364096	90.346	-176.2086
34.613113	90.350	-176.6069
34.863934	90.352	-177.0058
35.116572	90.355	-177.3995
35.371041	90.357	-177.7847
35.627354	90.360	-178.1612
35.885525	90.364	-178.5317
36.145566	90.370	-178.9009
36.407492	90.377	-179.2731
36.671316	90.385	-179.6515
36.937051	90.392	179.9633
37.204712	90.398	179.5731
37.474313	90.402	179.1810
37.745867	90.404	178.7905
38.019389	90.404	178.4041
38.294893	90.403	178.0235
38.572394	90.399	177.6498
38.851905	90.394	177.2845
39.133442	90.387	176.9300
39.417019	90.378	176.5898
39.702651	90.368	176.2671
39.990353	90.358	175.9631
40.280140	90.350	175.6754
40.572026	90.343	175.3975
40.866028	90.340	175.1197
41.162160	90.339	174.8320
41.460438	90.339	174.5271
41.760877	90.339	174.2031
42.063494	90.337	173.8631
42.368303	90.333	173.5142
42.675322	90.327	173.1638
42.984565	90.319	172.8167
43.296048	90.310	172.4729
43.609789	90.302	172.1290
43.925804	90.293	171.7804
44.244108	90.284	171.4251
44.564719	90.272	171.0657
44.887654	90.259	170.7085
45.212928	90.244	170.3604
45.540560	90.229	170.0249
45.870565	90.215	169.6998
46.202962	90.203	169.3776
46.537768	90.193	169.0497
46.875000	90.183	168.7112
47.214676	90.172	168.3639
47.556813	90.159	168.0158
47.901429	90.146	167.6765
48.248542	90.132	167.3508
48.598171	90.120	167.0367
48.950334	90.110	166.7251
49.305048	90.102	166.4060
49.662333	90.094	166.0734
50.022206	90.086	165.7286
50.384688	90.075	165.3797
50.749796	90.061	165.0360
51.117550	90.046	164.7039
51.487969	90.031	164.3839
51.861072	90.017	164.0714
52.236879	90.003	163.7597
52.615409	89.991	163.4441
52.996681	89.978	163.1226
53.380717	89.965	162.7963
53.767536	89.951	162.4673
54.157158	89.938	162.1372
54.549603	89.924	161.8065
54.944892	89.910	161.4754
55.343045	89.897	161.1441
55.744084	89.884	160.8133
56.148028	89.872	160.4833
56.554900	89.860	160.1536
56.964720	89.849	159.8222
57.377510	89.839	159.4871
57.793291	89.828	159.1474
58.212085	89.817	158.8049
58.633914	89.805	158.4633
59.058799	89.790	158.1266
59.486764	89.775	157.7971
59.917829	89.760	157.4745
60.352019	89.743	157.1566
60.789354	89.727	156.8405
61.229859	89.709	156.5236
61.673556	89.692	156.2046
62.120468	89.673	155.8829
62.570618	89.654	155.5589
63.024031	89.634	155.2338
63.480729	89.613	154.9093
63.940736	89.593	154.5869
64.404077	89.572	154.2668
64.870776	89.553	153.9483
65.340856	89.535	153.6290
65.814343	89.517	153.3062
66.291261	89.500	152.9780
66.771635	89.483	152.6443
67.255489	89.465	152.3071
67.742850	89.445	151.9705
68.233743	89.424	151.6387
68.728193	89.402	151.3145
69.226226	89.379	150.9983
69.727867	89.356	150.6885
70.233144	89.333	150.3825
70.742083	89.310	150.0782
71.254709	89.287	149.7753
71.771050	89.264	149.4741
72.291132	89.242	149.1746
72.814984	89.221	148.8751
73.342631	89.201	148.5734
73.874102	89.182	148.2678
74.409424	89.164	147.9589
74.948626	89.145	147.6492
75.491734	89.127	147.3416
76.038779	89.109	147.0365
76.589787	89.092	146.7317
77.144788	89.075	146.4229
77.703811	89.059	146.1064
78.266885	89.041	145.7808
78.834039	89.022	145.4468
79.405303	89.001	145.1064
79.980706	88.979	144.7607
80.560280	88.955	144.4102
81.144053	88.930	144.0552
81.732056	88.904	143.6967
82.324320	88.877	143.3359
82.920876	88.849	142.9744
83.521755	88.821	142.6135
84.126988	88.792	142.2552
84.736607	88.762	141.9017
85.350643	88.732	141.5554
85.969129	88.702	141.2175
86.592097	88.672	140.8883
87.219579	88.641	140.5672
87.851608	88.611	140.2531
88.488217	88.580	139.9443
89.129439	88.550	139.6391
89.775308	88.520	139.3360
90.425856	88.490	139.0342
91.081119	88.460	138.7333
91.741131	88.431	138.4329
92.405925	88.401	138.1320
93.075536	88.372	137.8300
93.750000	88.344	137.5256
94.429351	88.315	137.2170
95.113625	88.286	136.9028
95.802858	88.255	136.5846
96.497085	88.223	136.2671
97.196342	88.190	135.9551
97.900667	88.155	135.6506
98.610096	88.121	135.3529
99.324665	88.088	135.0607
100.044413	88.054	134.7731
100.769376	88.022	134.4904
101.499592	87.990	134.2128
102.235100	87.960	133.9399
102.975938	87.931	133.6699
103.722144	87.903	133.4001
104.473757	87.876	133.1276
105.230817	87.849	132.8500
105.993363	87.823	132.5656
106.761435	87.796	132.2740
107.535072	87.770	131.9760
108.314315	87.743	131.6736
109.099206	87.716	131.3692
109.889783	87.690	131.0658
110.686090	87.664	130.7652
111.488167	87.637	130.4682
112.296056	87.608	130.1756
113.109800	87.576	129.8876
113.929440	87.540	129.6025
114.755020	87.499	129.3159
115.586582	87.453	129.0233
116.424170	87.402	128.7242
117.267827	87.346	128.4220
118.117598	87.290	128.1232
118.973527	87.235	127.8359
119.835658	87.186	127.5656
120.704037	87.146	127.3082
121.578708	87.115	127.0533
122.459718	87.091	126.7952
123.347111	87.070	126.5372
124.240935	87.048	126.2851
125.141236	87.025	126.0417
126.048061	86.997	125.8048
126.961458	86.966	125.5687
127.881473	86.932	125.3265
128.808154	86.896	125.0724
129.741551	86.860	124.8042
130.681712	86.826	124.5244
131.628686	86.793	124.2388
132.582521	86.762	123.9532
133.543269	86.732	123.6701
134.510979	86.702	123.3898
135.485701	86.671	123.1113
136.467486	86.638	122.8326
137.456386	86.603	122.5515
138.452451	86.566	122.2663
139.455735	86.528	121.9775
140.466288	86.490	121.6873
141.484165	86.454	121.3987
142.509418	86.418	121.1146
143.542100	86.383	120.8359
144.582265	86.348	120.5609
145.629968	86.312	120.2877
146.685262	86.275	120.0149
147.748204	86.236	119.7430
148.818849	86.196	119.4739
149.897251	86.155	119.2112
150.983469	86.114	118.9576
152.077557	86.074	118.7133
153.179574	86.035	118.4771
154.289576	85.998	118.2488
155.407622	85.961	118.0270
156.533770	85.926	117.8076
157.668078	85.892	117.5848
158.810606	85.859	117.3532
159.961413	85.827	117.1093
161.120559	85.794	116.8513
162.288105	85.759	116.5799
163.464112	85.721	116.2998
164.648640	85.681	116.0169
165.841752	85.639	115.7347
167.043510	85.596	115.4552
168.253976	85.553	115.1816
169.473213	85.511	114.9180
170.701286	85.469	114.6676
171.938258	85.428	114.4305
173.184194	85.388	114.2028
174.439158	85.349	113.9788
175.703216	85.312	113.7535
176.976434	85.275	113.5236
178.258878	85.238	113.2880
179.550615	85.203	113.0471
180.851713	85.168	112.8013
182.162239	85.132	112.5509
183.482262	85.097	112.2961
184.811850	85.061	112.0376
186.151073	85.025	111.7759
187.500000	84.989	111.5121
188.858702	84.952	111.2470
190.227250	84.915	110.9819
191.605715	84.878	110.7179
192.994169	84.841	110.4562
194.392685	84.803	110.1980
195.801334	84.765	109.9441
197.220191	84.726	109.6952
198.649330	84.688	109.4520
200.088825	84.649	109.2145
201.538751	84.612	108.9813
202.999184	84.576	108.7490
204.470200	84.542	108.5132
205.951875	84.509	108.2706
207.444287	84.477	108.0189
208.947514	84.444	107.7584
210.461634	84.410	107.4911
211.986726	84.375	107.2208
213.522869	84.337	106.9522
215.070144	84.298	106.6913
216.628631	84.257	106.4428
218.198411	84.215	106.2084
219.779567	84.174	105.9854
221.372180	84.135	105.7676
222.976334	84.097	105.5493
224.592112	84.060	105.3268
226.219600	84.024	105.0991
227.858880	83.987	104.8666
229.510039	83.951	104.6304
231.173164	83.915	104.3914
232.848340	83.878	104.1502
234.535655	83.842	103.9067
236.235197	83.806	103.6605
237.947054	83.769	103.4112
239.671317	83.732	103.1591
241.408074	83.694	102.9056
243.157416	83.654	102.6529
244.919435	83.614	102.4038
246.694223	83.572	102.1610
248.481871	83.531	101.9277
250.282473	83.489	101.7067
252.096123	83.448	101.4995
253.922915	83.409	101.3049
255.762945	83.372	101.1170
257.616309	83.338	100.9265
259.483103	83.305	100.7238
261.363424	83.274	100.5045
263.257372	83.243	100.2706
265.165043	83.211	100.0285
267.086538	83.179	99.7855
269.021957	83.145	99.5475
270.971401	83.110	99.3182
272.934972	83.076	99.0980
274.912771	83.043	98.8850
276.904902	83.011	98.6775
278.911469	82.980	98.4745
280.932577	82.950	98.2751
282.968330	82.923	98.0756
285.018835	82.898	97.8699
287.084199	82.875	97.6497
289.164530	82.853	97.4082
291.259935	82.830	97.1437
293.370525	82.805	96.8615
295.496408	82.778	96.5710
297.637697	82.748	96.2812
299.794503	82.716	95.9976
301.966937	82.682	95.7220
304.155114	82.648	95.4539
306.359147	82.613	95.1912
308.579152	82.579	94.9314
310.815244	82.544	94.6726
313.067539	82.510	94.4135
315.336156	82.475	94.1545
317.621211	82.440	93.8985
319.922826	82.404	93.6490
322.241118	82.368	93.4091
324.576210	82.332	93.1795
326.928223	82.297	92.9591
329.297280	82.264	92.7444
331.683504	82.231	92.5309
334.087019	82.200	92.3142
336.507952	82.169	92.0916
338.946427	82.138	91.8622
341.402572	82.107	91.6268
343.876516	82.075	91.3878
346.368387	82.043	91.1483
348.878315	82.010	90.9107
351.406431	81.977	90.6763
353.952867	81.944	90.4453
356.517756	81.912	90.2167
359.101230	81.880	89.9896
361.703426	81.849	89.7636
364.324478	81.818	89.5388
366.964523	81.787	89.3149
369.623699	81.756	89.0916
372.302145	81.725	88.8682
375.000000	81.695	88.6448
377.717405	81.665	88.4216
380.454501	81.635	88.1989
383.211431	81.606	87.9765
385.988339	81.578	87.7552
388.785369	81.550	87.5359
391.602668	81.523	87.3194
394.440383	81.496	87.1053
397.298660	81.469	86.8924
400.177650	81.443	86.6783
403.077502	81.418	86.4611
405.998368	81.392	86.2395
408.940400	81.367	86.0138
411.903750	81.341	85.7860
414.888575	81.315	85.5599
417.895028	81.288	85.3396
420.923268	81.261	85.1281
423.973452	81.234	84.9259
427.045738	81.210	84.7311
430.140287	81.187	84.5394
433.257261	81.166	84.3454
436.396822	81.147	84.1453
439.559133	81.129	83.9385
442.744360	81.112	83.7252
445.952668	81.097	83.5044
449.184225	81.083	83.2725
452.439199	81.069	83.0249
455.717760	81.055	82.7586
459.020079	81.039	82.4765
462.346327	81.020	82.1881
465.696680	80.998	81.9048
469.071310	80.974	81.6342
472.470394	80.949	81.3778
475.894109	80.924	81.1327
479.342634	80.900	80.8936
482.816148	80.876	80.6552
486.314833	80.851	80.4159
489.838871	80.826	80.1799
493.388445	80.799	79.9539
496.963741	80.773	79.7408
500.564945	80.749	79.5373
504.192245	80.726	79.3361
507.845830	80.706	79.1315
511.525890	80.686	78.9209
515.232618	80.667	78.7057
518.966206	80.647	78.4893
522.726849	80.627	78.2760
526.514743	80.606	78.0700
530.330086	80.585	77.8734
534.173076	80.566	77.6840
538.043915	80.547	77.4976
541.942803	80.530	77.3119
545.869944	80.513	77.1282
549.825542	80.497	76.9477
553.809805	80.483	76.7686
557.822939	80.469	76.5875
561.865154	80.456	76.4020
565.936660	80.442	76.2123
570.037671	80.429	76.0212
574.168399	80.414	75.8320
578.329060	80.399	75.6472
582.519870	80.384	75.4677
586.741049	80.369	75.2938
590.992817	80.353	75.1277
595.275394	80.338	74.9724
599.589005	80.324	74.8272
603.933874	80.312	74.6881
608.310228	80.300	74.5504
612.718295	80.289	74.4123
617.158304	80.277	74.2757
621.630488	80.265	74.1472
626.135079	80.254	74.0337
630.672311	80.244	73.9388
635.242423	80.237	73.8592
639.845651	80.232	73.7892
644.482237	80.229	73.7261
649.152421	80.229	73.6697
653.856447	80.232	73.6185
658.594560	80.238	73.5663
663.367008	80.248	73.5041
668.174039	80.259	73.4244
673.015903	80.269	73.3278
677.892854	80.279	73.2214
682.805145	80.288	73.1136
687.753032	80.296	73.0107
692.736774	80.303	72.9182
697.756631	80.311	72.8410
702.812863	80.320	72.7812
707.905735	80.332	72.7367
713.035511	80.346	72.7027
718.202461	80.363	72.6746
723.406852	80.382	72.6494
728.648956	80.403	72.6249
733.929047	80.427	72.6000
739.247399	80.453	72.5736
744.604290	80.482	72.5457
750.000000	80.513	72.5161
755.434809	80.547	72.4838
760.909001	80.583	72.4475
766.422861	80.621	72.4058
771.976677	80.662	72.3577
777.570739	80.704	72.3026
783.205337	80.749	72.2401
788.880766	80.795	72.1708
794.597321	80.843	72.0975
800.355301	80.893	72.0226
806.155005	80.946	71.9456
811.996736	81.002	71.8604
817.880799	81.061	71.7587
823.807501	81.123	71.6317
829.777150	81.187	71.4731
835.790057	81.250	71.2824
841.846536	81.312	71.0676
847.946903	81.372	70.8401
854.091476	81.430	70.6087
860.280575	81.486	70.3782
866.514523	81.541	70.1521
872.793644	81.595	69.9337
879.118267	81.649	69.7226
885.488720	81.704	69.5146
891.905336	81.761	69.3062
898.368450	81.818	69.0975
904.878398	81.876	68.8908
911.435520	81.936	68.6870
918.040157	81.997	68.4839
924.692655	82.061	68.2786
931.393359	82.127	68.0681
938.142619	82.194	67.8491
944.940787	82.264	67.6194
951.788218	82.334	67.3803
958.685268	82.405	67.1341
965.632296	82.476	66.8834
972.629666	82.549	66.6306
979.677741	82.622	66.3764
986.776890	82.697	66.1201
993.927482	82.773	65.8619
1001.129891	82.850	65.6046
1008.384491	82.929	65.3510
1015.691660	83.011	65.1000
1023.051781	83.097	64.8468
1030.465236	83.187	64.5836
1037.932411	83.281	64.2992
1045.453698	83.379	63.9819
1053.029486	83.478	63.6266
1060.660172	83.576	63.2368
1068.346153	83.673	62.8216
1076.087829	83.768	62.3909
1083.885605	83.862	61.9514
1091.739887	83.955	61.5056
1099.651084	84.048	61.0536
1107.619609	84.139	60.5957
1115.645878	84.230	60.1323
1123.730308	84.321	59.6637
1131.873321	84.410	59.1904
1140.075341	84.500	58.7130
1148.336797	84.590	58.2327
1156.658119	84.680	57.7507
1165.039741	84.770	57.2687
1173.482099	84.862	56.7880
1181.985634	84.956	56.3077
1190.550789	85.053	55.8212
1199.178011	85.152	55.3173
1207.867749	85.255	54.7846
1216.620457	85.357	54.2179
1225.436590	85.458	53.6212
1234.316609	85.556	53.0035
1243.260976	85.652	52.3748
1252.270157	85.744	51.7436
1261.344623	85.835	51.1151
1270.484846	85.923	50.4905
1279.691303	86.011	49.8707
1288.964474	86.097	49.2566
1298.304842	86.183	48.6474
1307.712894	86.270	48.0400
1317.189120	86.357	47.4305
1326.734016	86.444	46.8166
1336.348077	86.531	46.1990
1346.031806	86.619	45.5808
1355.785708	86.707	44.9660
1365.610290	86.797	44.3583
1375.506065	86.888	43.7618
1385.473549	86.981	43.1807
1395.513261	87.077	42.6153
1405.625726	87.178	42.0596
1415.811469	87.283	41.5018
1426.071023	87.393	40.9278
1436.404921	87.505	40.3287
1446.813703	87.617	39.7039
1457.297912	87.728	39.0590
1467.858093	87.838	38.4001
1478.494798	87.945	37.7321
1489.208581	88.050	37.0583
1500.000000	88.152	36.3816
1510.869618	88.250	35.7047
1521.818002	88.345	35.0300
1532.845723	88.435	34.3599
1543.953355	88.523	33.6958
1555.141477	88.609	33.0375
1566.410674	88.697	32.3801
1577.761531	88.786	31.7121
1589.194642	88.877	31.0195
1600.710601	88.970	30.2935
1612.310010	89.062	29.5337
1623.993473	89.152	28.7455
1635.761599	89.240	27.9368
1647.615002	89.326	27.1136
1659.554299	89.411	26.2810
1671.580114	89.493	25.4418
1683.693072	89.575	24.5962
1695.893807	89.655	23.7421
1708.182952	89.735	22.8776
1720.561150	89.812	22.0031
1733.029045	89.886	21.1221
1745.587288	89.957	20.2399
1758.236533	90.025	19.3625
1770.977440	90.092	18.4947
1783.810673	90.159	17.6353
1796.736900	90.228	16.7750
1809.756796	90.300	15.9001
1822.871040	90.372	15.0004
1836.080315	90.444	14.0725
1849.385310	90.516	13.1187
1862.786718	90.585	12.1436
1876.285239	90.653	11.1530
1889.881575	90.720	10.1536
1903.576436	90.786	9.1517
1917.370535	90.854	8.1528
1931.264593	90.924	7.1600
1945.259332	90.998	6.1720
1959.355483	91.077	5.1797
1973.553781	91.160	4.1700
1987.854965	91.246	3.1323
2002.259781	91.332	2.0621
2016.768981	91.416	0.9606
2031.383320	91.497	-0.1693
2046.103561	91.574	-1.3239
2060.930471	91.647	-2.4999
2075.864823	91.716	-3.6956
2090.907395	91.778	-4.9095
2106.058972	91.834	-6.1370
2121.320344	91.882	-7.3699
2136.692305	91.923	-8.5972
2152.175658	91.956	-9.8074
2167.771210	91.984	-10.9949
2183.479774	92.008	-12.1630
2199.302169	92.029	-13.3202
2215.239219	92.048	-14.4741
2231.291755	92.062	-15.6274
2247.460615	92.073	-16.7789
2263.746641	92.078	-17.9237
2280.150683	92.079	-19.0543
2296.673595	92.075	-20.1621
2313.316238	92.067	-21.2401
2330.079481	92.057	-22.2858
2346.964198	92.047	-23.3051
2363.971268	92.037	-24.3087
2381.101578	92.027	-25.3060
2398.356022	92.016	-26.3007
2415.735498	92.002	-27.2924
2433.240913	91.985	-28.2773
2450.873180	91.965	-29.2515
2468.633217	91.941	-30.2122
2486.521951	91.912	-31.1561
2504.540314	91.880	-32.0774
2522.689246	91.843	-32.9665
2540.969692	91.802	-33.8137
2559.382606	91.761	-34.6155
2577.928947	91.720	-35.3763
2596.609683	91.680	-36.1045
2615.425787	91.641	-36.8068
2634.378241	91.603	-37.4860
2653.468031	91.564	-38.1405
2672.696154	91.525	-38.7644
2692.063613	91.485	-39.3503
2711.571415	91.447	-39.8932
2731.220579	91.412	-40.3960
2751.012130	91.382	-40.8685
2770.947098	91.356	-41.3218
2791.026522	91.334	-41.7637
2811.251451	91.316	-42.1982
2831.622938	91.301	-42.6272
2852.142045	91.289	-43.0522
2872.809842	91.278	-43.4742
2893.627406	91.268	-43.8909
2914.595823	91.260	-44.2963
2935.716186	91.253	-44.6854
2956.989596	91.248	-45.0599
2978.417161	91.247	-45.4274
3000.000000	91.249	-45.7953
3021.739237	91.254	-46.1683
3043.636005	91.258	-46.5446
3065.691446	91.263	-46.9164
3087.906710	91.268	-47.2736
3110.282955	91.275	-47.6102
3132.821347	91.284	-47.9287
3155.523062	91.298	-48.2369
3178.389283	91.316	-48.5435
3201.421202	91.337	-48.8546
3224.620020	91.361	-49.1748
3247.986946	91.388	-49.5067
3271.523198	91.416	-49.8497
3295.230004	91.443	-50.1976
3319.108599	91.472	-50.5417
3343.160228	91.502	-50.8777
3367.386145	91.535	-51.2089
3391.787613	91.572	-51.5424
3416.365904	91.612	-51.8848
3441.122300	91.655	-52.2374
3466.058091	91.701	-52.5966
3491.174576	91.750	-52.9579
3516.473066	91.803	-53.3237
3541.954880	91.861	-53.7032
3567.621345	91.925	-54.1091
3593.473800	91.992	-54.5539
3619.513592	92.062	-55.0486
3645.742080	92.133	-55.6007
3672.160630	92.202	-56.2109
3698.770620	92.267	-56.8729
3725.573436	92.328	-57.5790
3752.570477	92.383	-58.3256
3779.763150	92.432	-59.1122
3807.152872	92.474	-59.9377
3834.741071	92.506	-60.7954
3862.529185	92.528	-61.6725
3890.518664	92.539	-62.5557
3918.710966	92.541	-63.4376
3947.107561	92.536	-64.3169
3975.709929	92.523	-65.1959
4004.519563	92.503	-66.0786
4033.537962	92.475	-66.9677
4062.766641	92.438	-67.8598
4092.207123	92.390	-68.7444
4121.860942	92.331	-69.6091
4151.729646	92.261	-70.4443
4181.814790	92.181	-71.2438
4212.117944	92.089	-71.9991
4242.640687	91.985	-72.6963
4273.384610	91.870	-73.3179
4304.351317	91.745	-73.8499
4335.542421	91.613	-74.2855
4366.959549	91.476	-74.6241
4398.604338	91.335	-74.8704
4430.478438	91.192	-75.0292
4462.583511	91.047	-75.1001
4494.921231	90.900	-75.0762
4527.493283	90.753	-74.9496
4560.301365	90.607	-74.7155
4593.347189	90.462	-74.3691
4626.632476	90.320	-73.9006
4660.158962	90.184	-73.2955
4693.928395	90.057	-72.5432
4727.942535	89.946	-71.6450
4762.203156	89.856	-70.6184
4796.712043	89.792	-69.4972
4831.470996	89.757	-68.3231
4866.481826	89.751	-67.1367
4901.746360	89.775	-65.9752
4937.266434	89.828	-64.8772
4973.043902	89.907	-63.8831
5009.080628	90.007	-63.0293
5045.378492	90.124	-62.3433
5081.939384	90.253	-61.8454
5118.765212	90.386	-61.5514
5155.857894	90.518	-61.4727
5193.219366	90.641	-61.6135
5230.851574	90.746	-61.9644
5268.756481	90.825	-62.4977
5306.936062	90.872	-63.1705
5345.392309	90.882	-63.9321
5384.127225	90.852	-64.7265
5423.142830	90.782	-65.4926
5462.441159	90.672	-66.1675
5502.024259	90.526	-66.6937
5541.894195	90.352	-67.0268
5582.053045	90.156	-67.1395
5622.502902	89.947	-67.0208
5663.245876	89.731	-66.6704
5704.284090	89.514	-66.0967
5745.619684	89.303	-65.3165
5787.254813	89.100	-64.3509
5829.191647	88.908	-63.2177
5871.432373	88.729	-61.9285
5913.979192	88.563	-60.4921
5956.834323	88.414	-58.9191
6000.000000	88.283	-57.2255
6043.478473	88.171	-55.4296
6087.272010	88.079	-53.5502
6131.382892	88.009	-51.6074
6175.813420	87.958	-49.6209
6220.565910	87.927	-47.6055
6265.642695	87.913	-45.5673
6311.046124	87.916	-43.5076
6356.778566	87.937	-41.4279
6402.842404	87.974	-39.3339
6449.240040	88.028	-37.2343
6495.973891	88.100	-35.1395
6543.046396	88.189	-33.0613
6590.460007	88.293	-31.0078
6638.217197	88.411	-28.9781
6686.320456	88.543	-26.9637
6734.772290	88.690	-24.9573
6783.575226	88.855	-22.9625
6832.731809	89.038	-20.9958
6882.244600	89.239	-19.0823
6932.116181	89.458	-17.2495
6982.349153	89.692	-15.5214
7032.946133	89.939	-13.9136
7083.909760	90.196	-12.4338
7135.242690	90.462	-11.0856
7186.947600	90.735	-9.8732
7239.027185	91.014	-8.8013
7291.484160	91.296	-7.8766
7344.321260	91.579	-7.1061
7397.541239	91.860	-6.4921
7451.146872	92.135	-6.0270
7505.140954	92.404	-5.6958
7559.526299	92.664	-5.4829
7614.305743	92.918	-5.3788
7669.482141	93.165	-5.3839
7725.058371	93.405	-5.5111
7781.037328	93.635	-5.7776
7837.421932	93.851	-6.1926
7894.215122	94.048	-6.7495
7951.419859	94.221	-7.4272
8009.039125	94.367	-8.1942
8067.075924	94.484	-9.0146
8125.533282	94.573	-9.8566
8184.414245	94.634	-10.6941
8243.721885	94.668	-11.5025
8303.459292	94.676	-12.2556
8363.629581	94.661	-12.9264
8424.235888	94.624	-13.4897
8485.281374	94.571	-13.9286
8546.769221	94.506	-14.2397
8608.702634	94.434	-14.4325
8671.084842	94.357	-14.5214
8733.919097	94.276	-14.5212
8797.208675	94.193	-14.4447
8860.956876	94.107	-14.3022
8925.167022	94.019	-14.1066
8989.842461	93.928	-13.8744
9054.986566	93.832	-13.6196
9120.602731	93.728	-13.3470
9186.694378	93.612	-13.0485
9253.264952	93.482	-12.7015
9320.317925	93.337	-12.2770
9387.856790	93.176	-11.7462
9455.885071	93.001	-11.0820
9524.406312	92.813	-10.2582
9593.424086	92.616	-9.2466
9662.941992	92.412	-8.0175
9732.963653	92.209	-6.5469
9803.492719	92.012	-4.8250
9874.532869	91.828	-2.8574
9946.087805	91.663	-0.6619
10018.161257	91.522	1.7407
10090.756983	91.408	4.3293
10163.878768	91.325	7.0781
10237.530423	91.278	9.9508
10311.715789	91.268	12.9041
10386.438732	91.296	15.8948
10461.703149	91.362	18.8887
10537.512962	91.466	21.8562
10613.872125	91.608	24.7644
10690.784618	91.786	27.5721
10768.254450	92.000	30.2355
10846.285661	92.244	32.7175
10924.882318	92.516	34.9893
11004.048518	92.812	37.0235
11083.788390	93.128	38.7900
11164.106090	93.459	40.2586
11245.005805	93.800	41.4067
11326.491752	94.145	42.2204
11408.568180	94.490	42.6858
11491.239368	94.831	42.7815
11574.509626	95.160	42.4811
11658.383294	95.468	41.7659
11742.864745	95.748	40.6332
11827.958384	95.988	39.0970
11913.668646	96.180	37.1829
12000.000000	96.315	34.9263
12086.956947	96.384	32.3750
12174.544019	96.381	29.5883
12262.765784	96.299	26.6324
12351.626840	96.134	23.5759
12441.131819	95.882	20.4908
12531.285389	95.539	17.4559
12622.092249	95.104	14.5570
12713.557132	94.576	11.8813
12805.684808	93.958	9.5105
12898.480079	93.253	7.5212
12991.947783	92.467	5.9868
13086.092792	91.605	4.9753
13180.920015	90.676	4.5449
13276.434395	89.687	4.7434
13372.640911	88.649	5.6154
13469.544580	87.570	7.2125
13567.150452	86.461	9.5990
13665.463617	85.333	12.8558
13764.489200	84.204	17.0795
13864.232362	83.094	22.3505
13964.698305	82.033	28.6415
14065.892266	81.052	35.7154
14167.819519	80.165	43.1952
14270.485380	79.367	50.8515
14373.895200	78.648	58.7316
14478.054370	78.006	66.9926
14582.968320	77.454	75.6843
14688.642520	77.013	84.6378
14795.082478	76.697	93.4786
14902.293745	76.503	101.7573
15010.281908	76.406	109.1264
15119.052599	76.369	115.4527
15228.611486	76.349	120.8191
15338.964283	76.310	125.4608
15450.116741	76.230	129.6849
15562.074656	76.104	133.7833
15674.843864	75.940	137.9478
15788.430244	75.749	142.2338
15902.839718	75.536	146.6219
16018.078250	75.297	151.1295
16134.151848	75.030	155.8720
16251.066563	74.740	161.0359
16368.828491	74.444	166.7583
16487.443769	74.169	173.0021
16606.918584	73.932	179.5812
16727.259161	73.737	-173.6456
16848.471777	73.587	-166.6615
16970.562748	73.494	-159.3869
17093.538442	73.477	-151.8142
17217.405268	73.556	-144.0616
17342.169684	73.745	-136.3557
17467.838194	74.046	-128.9787
17594.417350	74.450	-122.2050
17721.913751	74.936	-116.2588
17850.334044	75.479	-111.2996
17979.684923	76.050	-107.4183
18109.973131	76.618	-104.6435
18241.205462	77.154	-102.9545
18373.388756	77.631	-102.2925
18506.529905	78.025	-102.5662
18640.635849	78.313	-103.6623
18775.713581	78.478	-105.4529
18911.770141	78.503	-107.7961
19048.812624	78.377	-110.5363
19186.848172	78.091	-113.5045
19325.883983	77.647	-116.5203
19465.927305	77.063	-119.3994
19606.985439	76.378	-121.9636
19749.065738	75.674	-124.0499
19892.175609	75.073	-125.5214
20036.322514	74.720	-126.2804
