* Measurement data measured by REW V5.31.3
* Source: EXCL: Microphone (USB Sound Device        ), MICROPHONE (Master Volume), R, volume: 0.390
* Format: 256k Log Swept Sine, 1 sweep at -12.0 dBFS with no timing reference
* Dated: Jul 14, 2025 2:34:42 PM
* REW Settings:
*  C-weighting compensation: Off
*  Target level: 75.0 dB
* Note: CrinEar Daybreak R
* Measurement: R CrinEar Daybreak
* Smoothing: 1/12 octave
* Frequency Step: 96 ppo
* Start Frequency: 0.36621094 Hz
*
* Freq(Hz) SPL(dB) Phase(degrees)
0.366211 92.820 162.4762
0.368865 92.815 162.4575
0.371538 92.807 162.4296
0.374230 92.798 162.3945
0.376942 92.787 162.3540
0.379673 92.776 162.3097
0.382424 92.764 162.2622
0.385196 92.752 162.2122
0.387987 92.739 162.1599
0.390798 92.727 162.1056
0.393630 92.714 162.0492
0.396483 92.701 161.9909
0.399356 92.688 161.9307
0.402250 92.675 161.8685
0.405165 92.662 161.8043
0.408101 92.649 161.7381
0.411058 92.635 161.6699
0.414037 92.622 161.5997
0.417037 92.608 161.5275
0.420059 92.595 161.4532
0.423103 92.581 161.3768
0.426169 92.567 161.2983
0.429257 92.553 161.2177
0.432368 92.539 161.1349
0.435501 92.525 161.0501
0.438656 92.511 160.9630
0.441835 92.497 160.8738
0.445037 92.482 160.7824
0.448262 92.468 160.6887
0.451510 92.453 160.5929
0.454782 92.438 160.4948
0.458077 92.423 160.3944
0.461397 92.408 160.2918
0.464740 92.393 160.1869
0.468108 92.378 160.0797
0.471500 92.363 159.9701
0.474917 92.347 159.8583
0.478358 92.332 159.7442
0.481825 92.316 159.6277
0.485316 92.300 159.5088
0.488833 92.285 159.3876
0.492375 92.269 159.2641
0.495943 92.253 159.1382
0.499537 92.236 159.0099
0.503157 92.220 158.8793
0.506803 92.204 158.7462
0.510475 92.187 158.6108
0.514175 92.170 158.4731
0.517900 92.154 158.3329
0.521653 92.137 158.1904
0.525434 92.120 158.0455
0.529241 92.102 157.8983
0.533076 92.085 157.7487
0.536939 92.068 157.5968
0.540830 92.050 157.4425
0.544749 92.032 157.2859
0.548696 92.015 157.1271
0.552673 91.997 156.9659
0.556677 91.979 156.8025
0.560711 91.961 156.6369
0.564774 91.942 156.4690
0.568867 91.924 156.2989
0.572989 91.905 156.1267
0.577141 91.886 155.9524
0.581324 91.868 155.7759
0.585536 91.849 155.5974
0.589779 91.829 155.4170
0.594053 91.810 155.2345
0.598358 91.791 155.0501
0.602694 91.771 154.8639
0.607061 91.752 154.6759
0.611460 91.732 154.4861
0.615891 91.712 154.2946
0.620354 91.692 154.1015
0.624849 91.671 153.9069
0.629377 91.651 153.7108
0.633938 91.630 153.5134
0.638532 91.610 153.3146
0.643159 91.589 153.1146
0.647819 91.568 152.9136
0.652514 91.547 152.7115
0.657242 91.525 152.5086
0.662005 91.504 152.3048
0.666802 91.482 152.1005
0.671634 91.460 151.8956
0.676501 91.438 151.6903
0.681403 91.416 151.4848
0.686341 91.394 151.2791
0.691314 91.372 151.0736
0.696324 91.349 150.8682
0.701370 91.326 150.6631
0.706452 91.303 150.4585
0.711571 91.279 150.2544
0.716728 91.255 150.0507
0.721921 91.229 149.8473
0.727153 91.203 149.6439
0.732422 91.174 149.4398
0.737729 91.144 149.2344
0.743075 91.112 149.0269
0.748460 91.079 148.8165
0.753883 91.045 148.6028
0.759346 91.009 148.3854
0.764849 90.973 148.1641
0.770391 90.937 147.9387
0.775974 90.899 147.7090
0.781597 90.862 147.4751
0.787261 90.824 147.2369
0.792966 90.785 146.9943
0.798712 90.746 146.7473
0.804500 90.706 146.4958
0.810329 90.666 146.2399
0.816201 90.625 145.9795
0.822116 90.583 145.7147
0.828073 90.541 145.4453
0.834074 90.499 145.1714
0.840118 90.455 144.8931
0.846206 90.411 144.6102
0.852338 90.367 144.3228
0.858514 90.321 144.0309
0.864735 90.275 143.7345
0.871001 90.228 143.4337
0.877313 90.180 143.1285
0.883670 90.132 142.8189
0.890074 90.082 142.5051
0.896524 90.032 142.1869
0.903020 89.981 141.8646
0.909564 89.928 141.5381
0.916155 89.875 141.2076
0.922794 89.821 140.8733
0.929481 89.765 140.5351
0.936216 89.709 140.1932
0.943000 89.651 139.8479
0.949834 89.592 139.4991
0.956717 89.532 139.1472
0.963649 89.471 138.7923
0.970632 89.409 138.4346
0.977666 89.345 138.0744
0.984750 89.280 137.7119
0.991886 89.213 137.3475
0.999074 89.145 136.9813
1.006314 89.075 136.6138
1.013606 89.004 136.2453
1.020951 88.931 135.8761
1.028349 88.856 135.5069
1.035801 88.780 135.1378
1.043307 88.702 134.7695
1.050867 88.622 134.4025
1.058482 88.541 134.0372
1.066152 88.457 133.6742
1.073878 88.372 133.3139
1.081660 88.285 132.9566
1.089498 88.196 132.6026
1.097393 88.106 132.2519
1.105345 88.016 131.9043
1.113355 87.925 131.5592
1.121423 87.833 131.2164
1.129549 87.742 130.8755
1.137734 87.650 130.5360
1.145979 87.559 130.1976
1.154283 87.467 129.8603
1.162647 87.375 129.5236
1.171072 87.283 129.1875
1.179558 87.190 128.8516
1.188106 87.096 128.5159
1.196715 87.001 128.1799
1.205387 86.905 127.8437
1.214122 86.807 127.5068
1.222920 86.707 127.1691
1.231782 86.605 126.8303
1.240708 86.500 126.4901
1.249699 86.392 126.1482
1.258754 86.282 125.8043
1.267876 86.168 125.4581
1.277063 86.050 125.1093
1.286318 85.928 124.7574
1.295639 85.801 124.4022
1.305027 85.670 124.0431
1.314484 85.533 123.6798
1.324009 85.391 123.3117
1.333604 85.242 122.9385
1.343268 85.087 122.5597
1.353002 84.925 122.1746
1.362806 84.756 121.7827
1.372681 84.578 121.3834
1.382628 84.392 120.9762
1.392647 84.197 120.5604
1.402739 83.993 120.1354
1.412904 83.778 119.7005
1.423142 83.552 119.2553
1.433455 83.314 118.7994
1.443843 83.063 118.3325
1.454305 82.796 117.8547
1.464844 82.513 117.3664
1.475459 82.209 116.8680
1.486150 81.884 116.3602
1.496920 81.535 115.8431
1.507767 81.161 115.3166
1.518693 80.763 114.7803
1.529698 80.340 114.2334
1.540783 79.894 113.6746
1.551948 79.427 113.1028
1.563194 78.939 112.5162
1.574521 78.433 111.9130
1.585931 77.910 111.2911
1.597423 77.373 110.6479
1.608999 76.824 109.9806
1.620658 76.266 109.2857
1.632402 75.701 108.5595
1.644232 75.131 107.7973
1.656146 74.561 106.9937
1.668147 73.993 106.1422
1.680235 73.430 105.2353
1.692411 72.876 104.2636
1.704675 72.335 103.2160
1.717028 71.811 102.0787
1.729470 71.308 100.8348
1.742003 70.832 99.4632
1.754626 70.386 97.9375
1.767341 69.976 96.2242
1.780147 69.609 94.2804
1.793047 69.288 92.0503
1.806040 69.018 89.4607
1.819128 68.806 86.4131
1.832310 68.652 82.7722
1.845587 68.559 78.3468
1.858961 68.527 72.8641
1.872432 68.554 65.9413
1.886001 68.638 57.0825
1.899667 68.776 45.7842
1.913433 68.963 31.9019
1.927299 69.197 16.2550
1.941265 69.473 0.7110
1.955332 69.787 -12.9200
1.969501 70.134 -23.9154
1.983773 70.510 -32.4726
1.998148 70.910 -39.1075
2.012627 71.330 -44.3140
2.027212 71.765 -48.4723
2.041902 72.210 -51.8551
2.056698 72.660 -54.6544
2.071602 73.110 -57.0063
2.086614 73.557 -59.0084
2.101734 73.994 -60.7327
2.116964 74.419 -62.2337
2.132304 74.827 -63.5548
2.147756 75.216 -64.7322
2.163320 75.583 -65.7979
2.178996 75.929 -66.7806
2.194786 76.256 -67.7044
2.210690 76.567 -68.5848
2.226710 76.866 -69.4256
2.242845 77.156 -70.2238
2.259098 77.440 -70.9756
2.275468 77.719 -71.6786
2.291957 77.993 -72.3330
2.308566 78.264 -72.9407
2.325295 78.531 -73.5045
2.342145 78.795 -74.0279
2.359117 79.054 -74.5145
2.376212 79.309 -74.9674
2.393431 79.559 -75.3897
2.410775 79.805 -75.7843
2.428244 80.045 -76.1535
2.445840 80.280 -76.4995
2.463564 80.508 -76.8242
2.481416 80.731 -77.1292
2.499397 80.946 -77.4157
2.517509 81.154 -77.6846
2.535752 81.354 -77.9366
2.554127 81.546 -78.1722
2.572635 81.728 -78.3921
2.591277 81.901 -78.5971
2.610055 82.064 -78.7887
2.628968 82.218 -78.9678
2.648019 82.362 -79.1353
2.667208 82.497 -79.2918
2.686535 82.624 -79.4373
2.706003 82.744 -79.5718
2.725612 82.857 -79.6950
2.745363 82.965 -79.8064
2.765257 83.068 -79.9056
2.785295 83.167 -79.9920
2.805478 83.264 -80.0649
2.825808 83.360 -80.1237
2.846285 83.454 -80.1678
2.866910 83.549 -80.1964
2.887685 83.644 -80.2091
2.908611 83.740 -80.2053
2.929688 83.837 -80.1848
2.950917 83.933 -80.1476
2.972301 84.029 -80.0940
2.993839 84.123 -80.0247
3.015534 84.216 -79.9406
3.037386 84.306 -79.8428
3.059396 84.395 -79.7326
3.081565 84.483 -79.6113
3.103896 84.569 -79.4802
3.126388 84.654 -79.3408
3.149043 84.740 -79.1943
3.171862 84.825 -79.0421
3.194847 84.911 -78.8854
3.217998 84.998 -78.7249
3.241317 85.086 -78.5613
3.264805 85.176 -78.3944
3.288463 85.267 -78.2237
3.312293 85.360 -78.0482
3.336295 85.455 -77.8669
3.360471 85.550 -77.6794
3.384822 85.647 -77.4863
3.409350 85.745 -77.2891
3.434056 85.843 -77.0898
3.458940 85.942 -76.8907
3.484005 86.042 -76.6947
3.509252 86.142 -76.5044
3.534681 86.243 -76.3225
3.560295 86.344 -76.1516
3.586094 86.446 -75.9938
3.612081 86.548 -75.8504
3.638255 86.650 -75.7224
3.664620 86.753 -75.6096
3.691175 86.856 -75.5111
3.717923 86.960 -75.4258
3.744864 87.065 -75.3529
3.772001 87.170 -75.2919
3.799335 87.275 -75.2427
3.826866 87.380 -75.2055
3.854597 87.485 -75.1807
3.882529 87.589 -75.1688
3.910664 87.692 -75.1705
3.939002 87.795 -75.1863
3.967546 87.896 -75.2167
3.996296 87.995 -75.2622
4.025255 88.094 -75.3231
4.054423 88.190 -75.3993
4.083804 88.285 -75.4905
4.113396 88.379 -75.5963
4.143204 88.471 -75.7156
4.173227 88.562 -75.8477
4.203468 88.651 -75.9915
4.233928 88.738 -76.1459
4.264609 88.823 -76.3100
4.295512 88.906 -76.4832
4.326639 88.987 -76.6650
4.357992 89.066 -76.8552
4.389572 89.142 -77.0541
4.421380 89.216 -77.2621
4.453419 89.287 -77.4795
4.485691 89.356 -77.7060
4.518196 89.422 -77.9410
4.550936 89.486 -78.1832
4.583914 89.547 -78.4309
4.617131 89.606 -78.6823
4.650589 89.663 -78.9359
4.684289 89.718 -79.1901
4.718233 89.771 -79.4440
4.752424 89.822 -79.6971
4.786862 89.870 -79.9496
4.821549 89.917 -80.2018
4.856488 89.961 -80.4540
4.891680 90.002 -80.7062
4.927127 90.042 -80.9579
4.962831 90.081 -81.2083
4.998794 90.117 -81.4564
5.035017 90.153 -81.7013
5.071503 90.187 -81.9420
5.108253 90.220 -82.1780
5.145270 90.253 -82.4089
5.182555 90.285 -82.6347
5.220110 90.315 -82.8560
5.257937 90.345 -83.0732
5.296038 90.374 -83.2871
5.334415 90.402 -83.4981
5.373071 90.431 -83.7070
5.412006 90.459 -83.9139
5.451224 90.488 -84.1193
5.490725 90.518 -84.3231
5.530514 90.547 -84.5252
5.570590 90.578 -84.7261
5.610957 90.608 -84.9263
5.651616 90.640 -85.1269
5.692570 90.671 -85.3293
5.733821 90.704 -85.5349
5.775370 90.737 -85.7453
5.817221 90.772 -85.9615
5.859375 90.807 -86.1842
5.901834 90.843 -86.4137
5.944602 90.880 -86.6504
5.987679 90.918 -86.8947
6.031068 90.957 -87.1474
6.074771 90.996 -87.4096
6.118792 91.036 -87.6825
6.163131 91.077 -87.9671
6.207792 91.118 -88.2645
6.252776 91.159 -88.5750
6.298086 91.201 -88.8989
6.343725 91.243 -89.2358
6.389694 91.285 -89.5857
6.435996 91.327 -89.9481
6.482634 91.369 -90.3229
6.529610 91.411 -90.7099
6.576926 91.452 -91.1091
6.624585 91.493 -91.5206
6.672590 91.533 -91.9441
6.720942 91.572 -92.3790
6.769645 91.611 -92.8244
6.818700 91.650 -93.2791
6.868111 91.687 -93.7419
6.917881 91.724 -94.2119
6.968010 91.760 -94.6884
7.018504 91.795 -95.1709
7.069362 91.830 -95.6590
7.120590 91.864 -96.1518
7.172189 91.897 -96.6481
7.224161 91.930 -97.1466
7.276511 91.962 -97.6461
7.329239 91.994 -98.1456
7.382350 92.026 -98.6446
7.435845 92.058 -99.1429
7.489729 92.090 -99.6399
7.544002 92.121 -100.1353
7.598669 92.154 -100.6285
7.653732 92.186 -101.1189
7.709194 92.220 -101.6062
7.765058 92.254 -102.0902
7.821327 92.289 -102.5709
7.878004 92.325 -103.0487
7.935091 92.362 -103.5238
7.992592 92.400 -103.9965
8.050510 92.440 -104.4670
8.108847 92.480 -104.9355
8.167607 92.522 -105.4022
8.226793 92.566 -105.8676
8.286408 92.611 -106.3322
8.346454 92.657 -106.7965
8.406936 92.704 -107.2611
8.467856 92.753 -107.7262
8.529218 92.803 -108.1920
8.591024 92.854 -108.6586
8.653278 92.905 -109.1261
8.715983 92.958 -109.5946
8.779143 93.011 -110.0642
8.842760 93.065 -110.5348
8.906839 93.120 -111.0061
8.971381 93.174 -111.4778
9.036392 93.229 -111.9493
9.101873 93.284 -112.4202
9.167829 93.339 -112.8898
9.234263 93.394 -113.3577
9.301178 93.449 -113.8234
9.368578 93.503 -114.2860
9.436467 93.557 -114.7448
9.504847 93.611 -115.1991
9.573723 93.664 -115.6483
9.643099 93.717 -116.0918
9.712976 93.770 -116.5293
9.783361 93.822 -116.9600
9.854255 93.873 -117.3837
9.925663 93.925 -117.7999
9.997588 93.975 -118.2085
10.070035 94.026 -118.6094
10.143007 94.076 -119.0026
10.216507 94.126 -119.3882
10.290540 94.176 -119.7662
10.365109 94.225 -120.1369
10.440219 94.274 -120.5005
10.515873 94.323 -120.8575
10.592076 94.371 -121.2082
10.668830 94.419 -121.5530
10.746141 94.467 -121.8924
10.824012 94.514 -122.2267
10.902447 94.560 -122.5564
10.981451 94.606 -122.8818
11.061027 94.652 -123.2035
11.141180 94.696 -123.5215
11.221913 94.740 -123.8364
11.303232 94.783 -124.1483
11.385140 94.825 -124.4574
11.467641 94.866 -124.7641
11.550741 94.906 -125.0684
11.634442 94.946 -125.3706
11.718750 94.983 -125.6707
11.803669 95.020 -125.9690
11.889203 95.056 -126.2657
11.975357 95.090 -126.5608
12.062136 95.124 -126.8546
12.149543 95.156 -127.1473
12.237583 95.186 -127.4391
12.326262 95.216 -127.7302
12.415583 95.244 -128.0209
12.505552 95.272 -128.3113
12.596172 95.298 -128.6019
12.687449 95.322 -128.8928
12.779387 95.346 -129.1843
12.871992 95.369 -129.4768
12.965268 95.390 -129.7704
13.059220 95.410 -130.0654
13.153852 95.430 -130.3622
13.249170 95.448 -130.6609
13.345179 95.465 -130.9619
13.441884 95.481 -131.2654
13.539289 95.497 -131.5718
13.637401 95.512 -131.8814
13.736223 95.526 -132.1945
13.835761 95.539 -132.5115
13.936021 95.552 -132.8326
14.037007 95.564 -133.1584
14.138725 95.576 -133.4891
14.241180 95.587 -133.8250
14.344377 95.598 -134.1664
14.448323 95.608 -134.5137
14.553021 95.618 -134.8668
14.658478 95.628 -135.2260
14.764700 95.638 -135.5913
14.871691 95.647 -135.9625
14.979457 95.656 -136.3395
15.088005 95.665 -136.7219
15.197339 95.674 -137.1095
15.307465 95.683 -137.5018
15.418389 95.692 -137.8984
15.530117 95.700 -138.2988
15.642655 95.709 -138.7025
15.756008 95.718 -139.1089
15.870182 95.728 -139.5178
15.985184 95.738 -139.9287
16.101019 95.748 -140.3413
16.217694 95.759 -140.7552
16.335214 95.770 -141.1702
16.453586 95.782 -141.5862
16.572815 95.795 -142.0028
16.692909 95.808 -142.4198
16.813872 95.822 -142.8368
16.935713 95.837 -143.2536
17.058436 95.852 -143.6695
17.182048 95.867 -144.0842
17.306556 95.883 -144.4969
17.431967 95.899 -144.9069
17.558286 95.915 -145.3135
17.685521 95.932 -145.7160
17.813677 95.948 -146.1137
17.942762 95.965 -146.5058
18.072783 95.982 -146.8920
18.203746 95.999 -147.2718
18.335658 96.016 -147.6449
18.468526 96.033 -148.0112
18.602356 96.050 -148.3710
18.737156 96.068 -148.7242
18.872934 96.085 -149.0714
19.009695 96.101 -149.4127
19.147447 96.118 -149.7486
19.286197 96.134 -150.0796
19.425953 96.150 -150.4058
19.566721 96.165 -150.7276
19.708510 96.179 -151.0452
19.851326 96.192 -151.3586
19.995177 96.205 -151.6682
20.140070 96.216 -151.9739
20.286013 96.226 -152.2759
20.433014 96.235 -152.5744
20.581080 96.244 -152.8698
20.730219 96.251 -153.1625
20.880439 96.256 -153.4530
21.031747 96.261 -153.7422
21.184152 96.265 -154.0307
21.337661 96.269 -154.3194
21.492282 96.271 -154.6091
21.648024 96.272 -154.9007
21.804895 96.272 -155.1948
21.962902 96.271 -155.4921
22.122054 96.270 -155.7930
22.282360 96.267 -156.0978
22.443827 96.264 -156.4066
22.606464 96.260 -156.7195
22.770280 96.255 -157.0363
22.935283 96.250 -157.3569
23.101481 96.244 -157.6812
23.268884 96.237 -158.0090
23.437500 96.231 -158.3404
23.607338 96.224 -158.6752
23.778406 96.218 -159.0134
23.950714 96.212 -159.3550
24.124271 96.206 -159.7000
24.299086 96.200 -160.0482
24.475167 96.195 -160.3993
24.652524 96.190 -160.7530
24.831166 96.185 -161.1086
25.011103 96.181 -161.4655
25.192344 96.178 -161.8228
25.374898 96.175 -162.1798
25.558775 96.172 -162.5355
25.743984 96.170 -162.8891
25.930536 96.168 -163.2398
26.118439 96.166 -163.5869
26.307704 96.165 -163.9300
26.498341 96.165 -164.2684
26.690359 96.164 -164.6019
26.883768 96.164 -164.9301
27.078579 96.164 -165.2528
27.274801 96.164 -165.5697
27.472446 96.164 -165.8808
27.671522 96.164 -166.1862
27.872042 96.164 -166.4861
28.074014 96.163 -166.7810
28.277450 96.162 -167.0714
28.482360 96.161 -167.3580
28.688755 96.159 -167.6417
28.896645 96.156 -167.9230
29.106042 96.152 -168.2025
29.316957 96.148 -168.4806
29.529400 96.142 -168.7574
29.743382 96.135 -169.0330
29.958915 96.127 -169.3071
30.176009 96.118 -169.5797
30.394677 96.108 -169.8510
30.614929 96.097 -170.1214
30.836778 96.086 -170.3915
31.060234 96.074 -170.6625
31.285309 96.063 -170.9356
31.512015 96.051 -171.2121
31.740364 96.039 -171.4930
31.970368 96.027 -171.7788
32.202039 96.014 -172.0696
32.435388 96.002 -172.3648
32.670428 95.989 -172.6632
32.907171 95.976 -172.9633
33.145630 95.962 -173.2636
33.385817 95.949 -173.5624
33.627745 95.936 -173.8586
33.871425 95.923 -174.1514
34.116871 95.911 -174.4406
34.364096 95.900 -174.7264
34.613113 95.890 -175.0092
34.863934 95.881 -175.2899
35.116572 95.873 -175.5691
35.371041 95.866 -175.8477
35.627354 95.859 -176.1266
35.885525 95.853 -176.4063
36.145566 95.847 -176.6874
36.407492 95.840 -176.9701
36.671316 95.834 -177.2543
36.937051 95.826 -177.5395
37.204712 95.818 -177.8250
37.474313 95.809 -178.1099
37.745867 95.798 -178.3934
38.019389 95.787 -178.6751
38.294893 95.774 -178.9547
38.572394 95.761 -179.2325
38.851905 95.747 -179.5089
39.133442 95.731 -179.7843
39.417019 95.716 179.9408
39.702651 95.699 179.6660
39.990353 95.682 179.3914
40.280140 95.665 179.1168
40.572026 95.647 178.8422
40.866028 95.629 178.5674
41.162160 95.610 178.2925
41.460438 95.591 178.0175
41.760877 95.572 177.7427
42.063494 95.553 177.4686
42.368303 95.533 177.1957
42.675322 95.513 176.9248
42.984565 95.494 176.6560
43.296048 95.474 176.3896
43.609789 95.453 176.1255
43.925804 95.433 175.8636
44.244108 95.413 175.6039
44.564719 95.392 175.3464
44.887654 95.371 175.0914
45.212928 95.350 174.8391
45.540560 95.328 174.5894
45.870565 95.306 174.3423
46.202962 95.284 174.0975
46.537768 95.262 173.8541
46.875000 95.239 173.6120
47.214676 95.216 173.3710
47.556813 95.192 173.1316
47.901429 95.169 172.8947
48.248542 95.145 172.6608
48.598171 95.120 172.4304
48.950334 95.097 172.2028
49.305048 95.073 171.9770
49.662333 95.050 171.7521
50.022206 95.026 171.5273
50.384688 95.003 171.3029
50.749796 94.979 171.0797
51.117550 94.955 170.8586
51.487969 94.930 170.6406
51.861072 94.905 170.4262
52.236879 94.880 170.2156
52.615409 94.854 170.0093
52.996681 94.828 169.8073
53.380717 94.802 169.6097
53.767536 94.776 169.4163
54.157158 94.749 169.2260
54.549603 94.723 169.0375
54.944892 94.698 168.8495
55.343045 94.672 168.6609
55.744084 94.647 168.4712
56.148028 94.622 168.2799
56.554900 94.596 168.0869
56.964720 94.571 167.8918
57.377510 94.546 167.6948
57.793291 94.520 167.4964
58.212085 94.494 167.2976
58.633914 94.467 167.0997
59.058799 94.439 166.9042
59.486764 94.411 166.7120
59.917829 94.382 166.5234
60.352019 94.352 166.3383
60.789354 94.322 166.1562
61.229859 94.292 165.9769
61.673556 94.260 165.8001
62.120468 94.229 165.6260
62.570618 94.196 165.4548
63.024031 94.164 165.2863
63.480729 94.131 165.1204
63.940736 94.098 164.9570
64.404077 94.064 164.7962
64.870776 94.031 164.6382
65.340856 93.998 164.4832
65.814343 93.965 164.3315
66.291261 93.932 164.1832
66.771635 93.899 164.0381
67.255489 93.866 163.8965
67.742850 93.833 163.7584
68.233743 93.800 163.6241
68.728193 93.767 163.4940
69.226226 93.733 163.3680
69.727867 93.699 163.2464
70.233144 93.665 163.1285
70.742083 93.632 163.0136
71.254709 93.598 162.9005
71.771050 93.564 162.7885
72.291132 93.530 162.6771
72.814984 93.496 162.5672
73.342631 93.462 162.4599
73.874102 93.427 162.3564
74.409424 93.393 162.2573
74.948626 93.359 162.1622
75.491734 93.326 162.0705
76.038779 93.292 161.9815
76.589787 93.259 161.8951
77.144788 93.226 161.8110
77.703811 93.193 161.7286
78.266885 93.160 161.6466
78.834039 93.128 161.5635
79.405303 93.095 161.4779
79.980706 93.062 161.3884
80.560280 93.029 161.2943
81.144053 92.995 161.1955
81.732056 92.960 161.0925
82.324320 92.924 160.9868
82.920876 92.887 160.8807
83.521755 92.848 160.7774
84.126988 92.807 160.6801
84.736607 92.765 160.5917
85.350643 92.722 160.5140
85.969129 92.679 160.4482
86.592097 92.635 160.3941
87.219579 92.591 160.3510
87.851608 92.547 160.3178
88.488217 92.504 160.2936
89.129439 92.461 160.2775
89.775308 92.419 160.2681
90.425856 92.377 160.2640
91.081119 92.336 160.2641
91.741131 92.295 160.2677
92.405925 92.254 160.2744
93.075536 92.214 160.2839
93.750000 92.174 160.2963
94.429351 92.134 160.3115
95.113625 92.095 160.3293
95.802858 92.055 160.3497
96.497085 92.016 160.3728
97.196342 91.976 160.3993
97.900667 91.937 160.4302
98.610096 91.897 160.4666
99.324665 91.858 160.5093
100.044413 91.819 160.5589
100.769376 91.780 160.6157
101.499592 91.742 160.6790
102.235100 91.705 160.7477
102.975938 91.668 160.8202
103.722144 91.633 160.8948
104.473757 91.597 160.9706
105.230817 91.563 161.0467
105.993363 91.528 161.1226
106.761435 91.494 161.1977
107.535072 91.459 161.2714
108.314315 91.425 161.3430
109.099206 91.390 161.4117
109.889783 91.355 161.4768
110.686090 91.320 161.5391
111.488167 91.285 161.6003
112.296056 91.249 161.6633
113.109800 91.212 161.7327
113.929440 91.172 161.8142
114.755020 91.131 161.9144
115.586582 91.088 162.0402
116.424170 91.043 162.1966
117.267827 90.997 162.3843
118.117598 90.953 162.5967
118.973527 90.913 162.8182
119.835658 90.876 163.0252
120.704037 90.842 163.1988
121.578708 90.808 163.3378
122.459718 90.774 163.4566
123.347111 90.738 163.5718
124.240935 90.703 163.6950
125.141236 90.669 163.8318
126.048061 90.636 163.9841
126.961458 90.603 164.1517
127.881473 90.572 164.3342
128.808154 90.540 164.5302
129.741551 90.509 164.7385
130.681712 90.477 164.9584
131.628686 90.447 165.1914
132.582521 90.417 165.4395
133.543269 90.388 165.7054
134.510979 90.362 165.9928
135.485701 90.338 166.3054
136.467486 90.318 166.6445
137.456386 90.303 167.0049
138.452451 90.293 167.3742
139.455735 90.289 167.7362
140.466288 90.290 168.0774
141.484165 90.295 168.3871
142.509418 90.303 168.6575
143.542100 90.312 168.8845
144.582265 90.322 169.0704
145.629968 90.331 169.2202
146.685262 90.338 169.3399
147.748204 90.343 169.4359
148.818849 90.344 169.5154
149.897251 90.342 169.5866
150.983469 90.336 169.6574
152.077557 90.326 169.7355
153.179574 90.314 169.8278
154.289576 90.302 169.9386
155.407622 90.289 170.0676
156.533770 90.278 170.2096
157.668078 90.268 170.3573
158.810606 90.259 170.5042
159.961413 90.251 170.6460
161.120559 90.244 170.7812
162.288105 90.236 170.9098
163.464112 90.228 171.0328
164.648640 90.219 171.1520
165.841752 90.210 171.2711
167.043510 90.199 171.3961
168.253976 90.188 171.5334
169.473213 90.176 171.6859
170.701286 90.164 171.8502
171.938258 90.154 172.0198
173.184194 90.144 172.1876
174.439158 90.136 172.3488
175.703216 90.127 172.5015
176.976434 90.120 172.6465
178.258878 90.113 172.7870
179.550615 90.107 172.9266
180.851713 90.101 173.0690
182.162239 90.095 173.2162
183.482262 90.089 173.3687
184.811850 90.082 173.5256
186.151073 90.076 173.6866
187.500000 90.071 173.8536
188.858702 90.067 174.0305
190.227250 90.065 174.2181
191.605715 90.064 174.4101
192.994169 90.062 174.5963
194.392685 90.057 174.7694
195.801334 90.047 174.9266
197.220191 90.034 175.0696
198.649330 90.019 175.2026
200.088825 90.005 175.3323
201.538751 89.993 175.4665
202.999184 89.985 175.6112
204.470200 89.980 175.7682
205.951875 89.978 175.9340
207.444287 89.977 176.1025
208.947514 89.977 176.2688
210.461634 89.976 176.4315
211.986726 89.975 176.5930
213.522869 89.974 176.7582
215.070144 89.972 176.9318
216.628631 89.972 177.1171
218.198411 89.973 177.3141
219.779567 89.976 177.5182
221.372180 89.982 177.7222
222.976334 89.991 177.9181
224.592112 90.001 178.0995
226.219600 90.013 178.2628
227.858880 90.025 178.4066
229.510039 90.037 178.5318
231.173164 90.048 178.6408
232.848340 90.059 178.7363
234.535655 90.069 178.8204
236.235197 90.078 178.8947
237.947054 90.085 178.9604
239.671317 90.091 179.0193
241.408074 90.095 179.0742
243.157416 90.097 179.1291
244.919435 90.096 179.1885
246.694223 90.093 179.2565
248.481871 90.089 179.3370
250.282473 90.084 179.4337
252.096123 90.080 179.5480
253.922915 90.077 179.6780
255.762945 90.077 179.8163
257.616309 90.079 179.9517
259.483103 90.084 -179.9274
261.363424 90.089 -179.8264
263.257372 90.094 -179.7424
265.165043 90.097 -179.6673
267.086538 90.099 -179.5916
269.021957 90.099 -179.5077
270.971401 90.099 -179.4115
272.934972 90.098 -179.3031
274.912771 90.099 -179.1851
276.904902 90.101 -179.0610
278.911469 90.104 -178.9342
280.932577 90.109 -178.8076
282.968330 90.116 -178.6848
285.018835 90.123 -178.5709
287.084199 90.131 -178.4733
289.164530 90.139 -178.3987
291.259935 90.146 -178.3490
293.370525 90.152 -178.3186
295.496408 90.154 -178.2967
297.637697 90.154 -178.2725
299.794503 90.152 -178.2391
301.966937 90.149 -178.1940
304.155114 90.146 -178.1385
306.359147 90.143 -178.0760
308.579152 90.140 -178.0106
310.815244 90.137 -177.9452
313.067539 90.133 -177.8813
315.336156 90.129 -177.8176
317.621211 90.123 -177.7508
319.922826 90.117 -177.6769
322.241118 90.111 -177.5938
324.576210 90.106 -177.5025
326.928223 90.101 -177.4057
329.297280 90.097 -177.3067
331.683504 90.094 -177.2083
334.087019 90.092 -177.1127
336.507952 90.090 -177.0218
338.946427 90.089 -176.9364
341.402572 90.086 -176.8554
343.876516 90.083 -176.7763
346.368387 90.080 -176.6963
348.878315 90.075 -176.6136
351.406431 90.071 -176.5278
353.952867 90.067 -176.4392
356.517756 90.062 -176.3487
359.101230 90.058 -176.2571
361.703426 90.054 -176.1651
364.324478 90.051 -176.0732
366.964523 90.047 -175.9813
369.623699 90.043 -175.8891
372.302145 90.039 -175.7962
375.000000 90.034 -175.7024
377.717405 90.030 -175.6080
380.454501 90.026 -175.5135
383.211431 90.022 -175.4190
385.988339 90.017 -175.3250
388.785369 90.013 -175.2314
391.602668 90.008 -175.1381
394.440383 90.003 -175.0449
397.298660 89.999 -174.9516
400.177650 89.994 -174.8587
403.077502 89.990 -174.7670
405.998368 89.985 -174.6775
408.940400 89.980 -174.5905
411.903750 89.974 -174.5042
414.888575 89.967 -174.4155
417.895028 89.960 -174.3203
420.923268 89.952 -174.2161
423.973452 89.944 -174.1018
427.045738 89.937 -173.9788
430.140287 89.931 -173.8512
433.257261 89.927 -173.7240
436.396822 89.924 -173.6007
439.559133 89.922 -173.4820
442.744360 89.921 -173.3676
445.952668 89.920 -173.2592
449.184225 89.920 -173.1610
452.439199 89.921 -173.0792
455.717760 89.921 -173.0169
459.020079 89.918 -172.9706
462.346327 89.912 -172.9293
465.696680 89.903 -172.8809
469.071310 89.891 -172.8184
472.470394 89.879 -172.7406
475.894109 89.866 -172.6512
479.342634 89.854 -172.5561
482.816148 89.842 -172.4613
486.314833 89.829 -172.3691
489.838871 89.815 -172.2752
493.388445 89.800 -172.1722
496.963741 89.786 -172.0557
500.564945 89.772 -171.9292
504.192245 89.759 -171.8002
507.845830 89.747 -171.6751
511.525890 89.736 -171.5565
515.232618 89.723 -171.4432
518.966206 89.710 -171.3308
522.726849 89.695 -171.2137
526.514743 89.679 -171.0870
530.330086 89.663 -170.9481
534.173076 89.647 -170.7999
538.043915 89.632 -170.6472
541.942803 89.617 -170.4929
545.869944 89.602 -170.3363
549.825542 89.588 -170.1763
553.809805 89.574 -170.0146
557.822939 89.560 -169.8541
561.865154 89.546 -169.6973
565.936660 89.531 -169.5437
570.037671 89.516 -169.3902
574.168399 89.500 -169.2328
578.329060 89.483 -169.0686
582.519870 89.465 -168.8975
586.741049 89.448 -168.7195
590.992817 89.429 -168.5331
595.275394 89.411 -168.3364
599.589005 89.394 -168.1311
603.933874 89.377 -167.9216
608.310228 89.360 -167.7121
612.718295 89.344 -167.5037
617.158304 89.327 -167.2937
621.630488 89.309 -167.0760
626.135079 89.290 -166.8442
630.672311 89.271 -166.5960
635.242423 89.254 -166.3358
639.845651 89.238 -166.0700
644.482237 89.224 -165.8009
649.152421 89.211 -165.5270
653.856447 89.199 -165.2487
658.594560 89.190 -164.9716
663.367008 89.183 -164.7049
668.174039 89.177 -164.4562
673.015903 89.169 -164.2246
677.892854 89.159 -164.0017
682.805145 89.146 -163.7775
687.753032 89.131 -163.5441
692.736774 89.114 -163.2961
697.756631 89.096 -163.0291
702.812863 89.077 -162.7414
707.905735 89.059 -162.4355
713.035511 89.042 -162.1159
718.202461 89.025 -161.7862
723.406852 89.010 -161.4477
728.648956 88.996 -161.1004
733.929047 88.983 -160.7439
739.247399 88.971 -160.3786
744.604290 88.960 -160.0055
750.000000 88.950 -159.6259
755.434809 88.942 -159.2406
760.909001 88.936 -158.8508
766.422861 88.931 -158.4569
771.976677 88.927 -158.0594
777.570739 88.925 -157.6588
783.205337 88.923 -157.2551
788.880766 88.923 -156.8466
794.597321 88.924 -156.4300
800.355301 88.926 -156.0025
806.155005 88.931 -155.5651
811.996736 88.940 -155.1238
817.880799 88.952 -154.6872
823.807501 88.967 -154.2651
829.777150 88.984 -153.8655
835.790057 89.001 -153.4906
841.846536 89.017 -153.1331
847.946903 89.031 -152.7817
854.091476 89.043 -152.4277
860.280575 89.054 -152.0666
866.514523 89.065 -151.6950
872.793644 89.076 -151.3097
879.118267 89.087 -150.9110
885.488720 89.100 -150.5036
891.905336 89.114 -150.0920
898.368450 89.129 -149.6768
904.878398 89.146 -149.2564
911.435520 89.164 -148.8300
918.040157 89.183 -148.3993
924.692655 89.206 -147.9672
931.393359 89.230 -147.5375
938.142619 89.257 -147.1139
944.940787 89.285 -146.6986
951.788218 89.314 -146.2904
958.685268 89.344 -145.8867
965.632296 89.374 -145.4845
972.629666 89.405 -145.0817
979.677741 89.436 -144.6777
986.776890 89.469 -144.2739
993.927482 89.503 -143.8699
1001.129891 89.538 -143.4623
1008.384491 89.575 -143.0473
1015.691660 89.615 -142.6259
1023.051781 89.658 -142.2033
1030.465236 89.706 -141.7877
1037.932411 89.759 -141.3908
1045.453698 89.815 -141.0251
1053.029486 89.872 -140.6964
1060.660172 89.929 -140.4010
1068.346153 89.984 -140.1305
1076.087829 90.038 -139.8748
1083.885605 90.089 -139.6273
1091.739887 90.140 -139.3856
1099.651084 90.190 -139.1498
1107.619609 90.238 -138.9198
1115.645878 90.286 -138.6946
1123.730308 90.333 -138.4730
1131.873321 90.380 -138.2536
1140.075341 90.426 -138.0354
1148.336797 90.472 -137.8178
1156.658119 90.518 -137.6001
1165.039741 90.564 -137.3813
1173.482099 90.611 -137.1601
1181.985634 90.660 -136.9371
1190.550789 90.711 -136.7178
1199.178011 90.765 -136.5133
1207.867749 90.820 -136.3353
1216.620457 90.875 -136.1894
1225.436590 90.928 -136.0721
1234.316609 90.978 -135.9743
1243.260976 91.025 -135.8869
1252.270157 91.068 -135.8017
1261.344623 91.109 -135.7139
1270.484846 91.147 -135.6217
1279.691303 91.184 -135.5235
1288.964474 91.220 -135.4176
1298.304842 91.255 -135.3042
1307.712894 91.289 -135.1861
1317.189120 91.323 -135.0666
1326.734016 91.357 -134.9480
1336.348077 91.390 -134.8297
1346.031806 91.421 -134.7085
1355.785708 91.450 -134.5804
1365.610290 91.478 -134.4412
1375.506065 91.506 -134.2859
1385.473549 91.533 -134.1099
1395.513261 91.561 -133.9122
1405.625726 91.593 -133.6985
1415.811469 91.629 -133.4811
1426.071023 91.668 -133.2747
1436.404921 91.710 -133.0889
1446.813703 91.752 -132.9240
1457.297912 91.793 -132.7744
1467.858093 91.832 -132.6333
1478.494798 91.871 -132.4958
1489.208581 91.908 -132.3576
1500.000000 91.944 -132.2153
1510.869618 91.979 -132.0657
1521.818002 92.013 -131.9061
1532.845723 92.048 -131.7344
1543.953355 92.083 -131.5490
1555.141477 92.120 -131.3494
1566.410674 92.160 -131.1401
1577.761531 92.203 -130.9319
1589.194642 92.250 -130.7393
1600.710601 92.299 -130.5716
1612.310010 92.348 -130.4294
1623.993473 92.396 -130.3070
1635.761599 92.441 -130.1965
1647.615002 92.485 -130.0912
1659.554299 92.528 -129.9855
1671.580114 92.569 -129.8759
1683.693072 92.609 -129.7612
1695.893807 92.649 -129.6434
1708.182952 92.689 -129.5241
1720.561150 92.727 -129.4031
1733.029045 92.765 -129.2768
1745.587288 92.801 -129.1395
1758.236533 92.836 -128.9843
1770.977440 92.873 -128.8056
1783.810673 92.912 -128.6044
1796.736900 92.955 -128.3903
1809.756796 93.002 -128.1781
1822.871040 93.052 -127.9791
1836.080315 93.105 -127.7973
1849.385310 93.158 -127.6313
1862.786718 93.211 -127.4774
1876.285239 93.265 -127.3306
1889.881575 93.317 -127.1851
1903.576436 93.370 -127.0348
1917.370535 93.423 -126.8746
1931.264593 93.478 -126.7018
1945.259332 93.536 -126.5188
1959.355483 93.599 -126.3358
1973.553781 93.666 -126.1680
1987.854965 93.737 -126.0271
2002.259781 93.810 -125.9175
2016.768981 93.883 -125.8373
2031.383320 93.955 -125.7815
2046.103561 94.027 -125.7447
2060.930471 94.098 -125.7223
2075.864823 94.169 -125.7125
2090.907395 94.238 -125.7147
2106.058972 94.306 -125.7268
2121.320344 94.373 -125.7437
2136.692305 94.438 -125.7577
2152.175658 94.503 -125.7614
2167.771210 94.569 -125.7534
2183.479774 94.639 -125.7414
2199.302169 94.712 -125.7385
2215.239219 94.788 -125.7552
2231.291755 94.865 -125.7969
2247.460615 94.943 -125.8643
2263.746641 95.021 -125.9538
2280.150683 95.098 -126.0595
2296.673595 95.174 -126.1741
2313.316238 95.251 -126.2924
2330.079481 95.330 -126.4144
2346.964198 95.411 -126.5489
2363.971268 95.496 -126.7092
2381.101578 95.583 -126.9060
2398.356022 95.670 -127.1445
2415.735498 95.757 -127.4249
2433.240913 95.842 -127.7442
2450.873180 95.925 -128.0993
2468.633217 96.006 -128.4879
2486.521951 96.083 -128.9072
2504.540314 96.157 -129.3517
2522.689246 96.227 -129.8126
2540.969692 96.294 -130.2815
2559.382606 96.359 -130.7561
2577.928947 96.423 -131.2425
2596.609683 96.487 -131.7496
2615.425787 96.549 -132.2847
2634.378241 96.609 -132.8508
2653.468031 96.665 -133.4456
2672.696154 96.718 -134.0628
2692.063613 96.766 -134.6937
2711.571415 96.811 -135.3324
2731.220579 96.854 -135.9807
2751.012130 96.896 -136.6462
2770.947098 96.937 -137.3376
2791.026522 96.974 -138.0600
2811.251451 97.008 -138.8149
2831.622938 97.037 -139.6008
2852.142045 97.061 -140.4146
2872.809842 97.078 -141.2516
2893.627406 97.087 -142.1032
2914.595823 97.089 -142.9573
2935.716186 97.085 -143.8024
2956.989596 97.075 -144.6336
2978.417161 97.061 -145.4522
3000.000000 97.042 -146.2615
3021.739237 97.019 -147.0633
3043.636005 96.990 -147.8550
3065.691446 96.956 -148.6287
3087.906710 96.917 -149.3744
3110.282955 96.874 -150.0858
3132.821347 96.830 -150.7643
3155.523062 96.786 -151.4162
3178.389283 96.740 -152.0492
3201.421202 96.694 -152.6690
3224.620020 96.647 -153.2793
3247.986946 96.598 -153.8820
3271.523198 96.547 -154.4748
3295.230004 96.493 -155.0510
3319.108599 96.437 -155.6019
3343.160228 96.379 -156.1237
3367.386145 96.322 -156.6193
3391.787613 96.265 -157.0958
3416.365904 96.209 -157.5596
3441.122300 96.151 -158.0116
3466.058091 96.092 -158.4462
3491.174576 96.033 -158.8560
3516.473066 95.974 -159.2387
3541.954880 95.918 -159.5982
3567.621345 95.863 -159.9430
3593.473800 95.812 -160.2824
3619.513592 95.762 -160.6258
3645.742080 95.714 -160.9800
3672.160630 95.665 -161.3458
3698.770620 95.615 -161.7172
3725.573436 95.564 -162.0872
3752.570477 95.511 -162.4531
3779.763150 95.459 -162.8168
3807.152872 95.405 -163.1805
3834.741071 95.349 -163.5424
3862.529185 95.292 -163.8954
3890.518664 95.233 -164.2324
3918.710966 95.175 -164.5524
3947.107561 95.118 -164.8605
3975.709929 95.063 -165.1664
4004.519563 95.009 -165.4810
4033.537962 94.956 -165.8141
4062.766641 94.902 -166.1689
4092.207123 94.844 -166.5405
4121.860942 94.783 -166.9218
4151.729646 94.719 -167.3084
4181.814790 94.650 -167.6980
4212.117944 94.576 -168.0863
4242.640687 94.497 -168.4631
4273.384610 94.412 -168.8143
4304.351317 94.322 -169.1291
4335.542421 94.230 -169.4036
4366.959549 94.137 -169.6401
4398.604338 94.045 -169.8461
4430.478438 93.952 -170.0301
4462.583511 93.858 -170.1950
4494.921231 93.764 -170.3380
4527.493283 93.669 -170.4564
4560.301365 93.574 -170.5503
4593.347189 93.479 -170.6210
4626.632476 93.383 -170.6654
4660.158962 93.286 -170.6759
4693.928395 93.191 -170.6459
4727.942535 93.098 -170.5755
4762.203156 93.010 -170.4723
4796.712043 92.928 -170.3508
4831.470996 92.851 -170.2266
4866.481826 92.779 -170.1104
4901.746360 92.710 -170.0080
4937.266434 92.644 -169.9248
4973.043902 92.580 -169.8661
5009.080628 92.515 -169.8326
5045.378492 92.447 -169.8173
5081.939384 92.377 -169.8093
5118.765212 92.305 -169.7994
5155.857894 92.230 -169.7839
5193.219366 92.154 -169.7655
5230.851574 92.077 -169.7487
5268.756481 91.998 -169.7339
5306.936062 91.915 -169.7189
5345.392309 91.830 -169.7020
5384.127225 91.740 -169.6805
5423.142830 91.645 -169.6468
5462.441159 91.544 -169.5874
5502.024259 91.437 -169.4878
5541.894195 91.327 -169.3373
5582.053045 91.215 -169.1331
5622.502902 91.102 -168.8784
5663.245876 90.991 -168.5774
5704.284090 90.880 -168.2346
5745.619684 90.771 -167.8561
5787.254813 90.662 -167.4473
5829.191647 90.554 -167.0074
5871.432373 90.446 -166.5288
5913.979192 90.337 -166.0006
5956.834323 90.230 -165.4148
6000.000000 90.125 -164.7694
6043.478473 90.024 -164.0661
6087.272010 89.928 -163.3087
6131.382892 89.838 -162.5040
6175.813420 89.755 -161.6599
6220.565910 89.678 -160.7810
6265.642695 89.606 -159.8655
6311.046124 89.541 -158.9074
6356.778566 89.483 -157.9022
6402.842404 89.434 -156.8492
6449.240040 89.395 -155.7512
6495.973891 89.367 -154.6145
6543.046396 89.351 -153.4492
6590.460007 89.349 -152.2657
6638.217197 89.359 -151.0706
6686.320456 89.381 -149.8651
6734.772290 89.418 -148.6486
6783.575226 89.468 -147.4226
6832.731809 89.535 -146.1923
6882.244600 89.620 -144.9675
6932.116181 89.724 -143.7637
6982.349153 89.847 -142.5987
7032.946133 89.990 -141.4884
7083.909760 90.152 -140.4444
7135.242690 90.334 -139.4775
7186.947600 90.535 -138.6010
7239.027185 90.758 -137.8323
7291.484160 91.002 -137.1956
7344.321260 91.268 -136.7220
7397.541239 91.553 -136.4462
7451.146872 91.854 -136.4022
7505.140954 92.168 -136.6219
7559.526299 92.489 -137.1354
7614.305743 92.813 -137.9684
7669.482141 93.131 -139.1419
7725.058371 93.435 -140.6733
7781.037328 93.715 -142.5705
7837.421932 93.959 -144.8210
7894.215122 94.155 -147.3851
7951.419859 94.294 -150.1996
8009.039125 94.369 -153.1840
8067.075924 94.377 -156.2494
8125.533282 94.317 -159.3061
8184.414245 94.191 -162.2691
8243.721885 94.004 -165.0580
8303.459292 93.761 -167.5985
8363.629581 93.469 -169.8257
8424.235888 93.139 -171.6882
8485.281374 92.781 -173.1525
8546.769221 92.409 -174.2089
8608.702634 92.034 -174.8692
8671.084842 91.666 -175.1588
8733.919097 91.314 -175.1108
8797.208675 90.985 -174.7605
8860.956876 90.684 -174.1448
8925.167022 90.417 -173.3071
8989.842461 90.189 -172.2988
9054.986566 90.002 -171.1749
9120.602731 89.857 -169.9867
9186.694378 89.752 -168.7775
9253.264952 89.687 -167.5816
9320.317925 89.660 -166.4306
9387.856790 89.671 -165.3601
9455.885071 89.716 -164.4097
9524.406312 89.794 -163.6189
9593.424086 89.899 -163.0217
9662.941992 90.026 -162.6432
9732.963653 90.170 -162.5044
9803.492719 90.326 -162.6241
9874.532869 90.485 -163.0164
9946.087805 90.640 -163.6850
10018.161257 90.784 -164.6167
10090.756983 90.908 -165.7825
10163.878768 91.009 -167.1471
10237.530423 91.084 -168.6764
10311.715789 91.131 -170.3402
10386.438732 91.147 -172.1096
10461.703149 91.132 -173.9538
10537.512962 91.086 -175.8421
10613.872125 91.008 -177.7487
10690.784618 90.900 -179.6538
10768.254450 90.761 178.4597
10846.285661 90.590 176.6134
10924.882318 90.387 174.8358
11004.048518 90.153 173.1576
11083.788390 89.888 171.6071
11164.106090 89.595 170.2092
11245.005805 89.275 168.9908
11326.491752 88.931 167.9835
11408.568180 88.565 167.2194
11491.239368 88.183 166.7251
11574.509626 87.792 166.5177
11658.383294 87.397 166.6081
11742.864745 87.005 167.0038
11827.958384 86.623 167.7065
11913.668646 86.259 168.7064
12000.000000 85.921 169.9799
12086.956947 85.616 171.4967
12174.544019 85.349 173.2241
12262.765784 85.126 175.1249
12351.626840 84.952 177.1515
12441.131819 84.832 179.2468
12531.285389 84.766 -178.6492
12622.092249 84.757 -176.5962
12713.557132 84.803 -174.6579
12805.684808 84.902 -172.9040
12898.480079 85.051 -171.4030
12991.947783 85.241 -170.2153
13086.092792 85.465 -169.3902
13180.920015 85.712 -168.9684
13276.434395 85.970 -168.9784
13372.640911 86.226 -169.4291
13469.544580 86.468 -170.3074
13567.150452 86.684 -171.5823
13665.463617 86.863 -173.2090
13764.489200 86.996 -175.1285
13864.232362 87.078 -177.2700
13964.698305 87.104 -179.5586
14065.892266 87.075 178.0756
14167.819519 86.990 175.6963
14270.485380 86.851 173.3633
14373.895200 86.662 171.1333
14478.054370 86.423 169.0616
14582.968320 86.138 167.2104
14688.642520 85.811 165.6571
14795.082478 85.449 164.4933
14902.293745 85.065 163.8131
15010.281908 84.679 163.6978
15119.052599 84.321 164.1909
15228.611486 84.026 165.2654
15338.964283 83.829 166.7965
15450.116741 83.762 168.5590
15562.074656 83.840 170.2552
15674.843864 84.056 171.5688
15788.430244 84.386 172.2275
15902.839718 84.793 172.0483
16018.078250 85.233 170.9515
16134.151848 85.666 168.9476
16251.066563 86.058 166.1159
16368.828491 86.383 162.5859
16487.443769 86.623 158.5164
16606.918584 86.772 154.0719
16727.259161 86.832 149.4020
16848.471777 86.813 144.6246
16970.562748 86.730 139.8099
17093.538442 86.598 134.9744
17217.405268 86.430 130.0863
17342.169684 86.235 125.0800
17467.838194 86.008 119.8796
17594.417350 85.737 114.4317
17721.913751 85.400 108.7339
17850.334044 84.974 102.8462
17979.684923 84.440 96.8841
18109.973131 83.787 90.9931
18241.205462 83.014 85.3133
18373.388756 82.127 79.9562
18506.529905 81.135 75.0040
18640.635849 80.045 70.5227
18775.713581 78.865 66.5771
18911.770141 77.601 63.2394
19048.812624 76.258 60.5885
19186.848172 74.845 58.6998
19325.883983 73.378 57.6309
19465.927305 71.879 57.4014
19606.985439 70.395 57.9568
19749.065738 69.011 59.1064
19892.175609 67.881 60.4441
20036.322514 67.225 61.3680
