* Measurement data measured by REW V5.31
* Source: EXCL: Microphone (USB Sound Device        ), MICROPHONE (Master Volume), L, volume: 0.390
* Format: 256k Log Swept Sine, 1 sweep at -15.0 dBFS with no timing reference
* Dated: Nov 17, 2024 1:08:59 PM
* REW Settings:
*  C-weighting compensation: Off
*  Target level: 75.0 dB
* Note: CVJ Aria Silver L
* Measurement: L CVJ Aria Silver
* Smoothing: 1/12 octave
* Frequency Step: 96 ppo
* Start Frequency: 0.36621094 Hz
*
* Freq(Hz)	SPL(dB)	Phase(degrees)
0.366211	84.537	156.4687
0.368865	84.531	156.4440
0.371538	84.522	156.4069
0.374230	84.511	156.3603
0.376942	84.498	156.3066
0.379673	84.485	156.2476
0.382424	84.471	156.1844
0.385196	84.457	156.1177
0.387987	84.442	156.0480
0.390798	84.428	155.9754
0.393630	84.413	155.9001
0.396483	84.398	155.8220
0.399356	84.383	155.7413
0.402250	84.367	155.6579
0.405165	84.352	155.5717
0.408101	84.337	155.4828
0.411058	84.321	155.3911
0.414037	84.305	155.2967
0.417037	84.290	155.1993
0.420059	84.274	155.0992
0.423103	84.258	154.9961
0.426169	84.241	154.8902
0.429257	84.225	154.7813
0.432368	84.209	154.6694
0.435501	84.192	154.5546
0.438656	84.176	154.4367
0.441835	84.159	154.3158
0.445037	84.142	154.1919
0.448262	84.125	154.0648
0.451510	84.108	153.9346
0.454782	84.091	153.8013
0.458077	84.073	153.6649
0.461397	84.056	153.5253
0.464740	84.038	153.3824
0.468108	84.021	153.2364
0.471500	84.003	153.0871
0.474917	83.985	152.9345
0.478358	83.967	152.7787
0.481825	83.948	152.6196
0.485316	83.930	152.4572
0.488833	83.911	152.2914
0.492375	83.893	152.1224
0.495943	83.874	151.9500
0.499537	83.855	151.7742
0.503157	83.836	151.5951
0.506803	83.817	151.4126
0.510475	83.797	151.2268
0.514175	83.778	151.0376
0.517900	83.758	150.8450
0.521653	83.739	150.6490
0.525434	83.719	150.4497
0.529241	83.699	150.2471
0.533076	83.678	150.0410
0.536939	83.658	149.8317
0.540830	83.638	149.6190
0.544749	83.617	149.4030
0.548696	83.596	149.1837
0.552673	83.575	148.9611
0.556677	83.554	148.7353
0.560711	83.533	148.5063
0.564774	83.511	148.2741
0.568867	83.490	148.0388
0.572989	83.468	147.8004
0.577141	83.446	147.5589
0.581324	83.424	147.3144
0.585536	83.402	147.0669
0.589779	83.380	146.8166
0.594053	83.357	146.5634
0.598358	83.335	146.3075
0.602694	83.312	146.0488
0.607061	83.289	145.7876
0.611460	83.266	145.5238
0.615891	83.242	145.2576
0.620354	83.219	144.9890
0.624849	83.195	144.7182
0.629377	83.171	144.4453
0.633938	83.147	144.1704
0.638532	83.123	143.8936
0.643159	83.099	143.6150
0.647819	83.074	143.3348
0.652514	83.049	143.0531
0.657242	83.025	142.7701
0.662005	82.999	142.4860
0.666802	82.974	142.2009
0.671634	82.949	141.9151
0.676501	82.923	141.6286
0.681403	82.897	141.3417
0.686341	82.871	141.0546
0.691314	82.845	140.7676
0.696324	82.819	140.4808
0.701370	82.792	140.1944
0.706452	82.765	139.9085
0.711571	82.737	139.6233
0.716728	82.708	139.3387
0.721921	82.679	139.0545
0.727153	82.647	138.7700
0.732422	82.614	138.4846
0.737729	82.579	138.1971
0.743075	82.542	137.9063
0.748460	82.502	137.6114
0.753883	82.462	137.3114
0.759346	82.420	137.0060
0.764849	82.378	136.6945
0.770391	82.335	136.3769
0.775974	82.291	136.0529
0.781597	82.247	135.7224
0.787261	82.202	135.3852
0.792966	82.156	135.0414
0.798712	82.110	134.6907
0.804500	82.063	134.3332
0.810329	82.016	133.9687
0.816201	81.968	133.5973
0.822116	81.919	133.2187
0.828073	81.870	132.8331
0.834074	81.820	132.4403
0.840118	81.769	132.0403
0.846206	81.717	131.6330
0.852338	81.664	131.2185
0.858514	81.611	130.7966
0.864735	81.556	130.3676
0.871001	81.501	129.9312
0.877313	81.445	129.4875
0.883670	81.387	129.0366
0.890074	81.329	128.5784
0.896524	81.269	128.1131
0.903020	81.209	127.6407
0.909564	81.147	127.1613
0.916155	81.084	126.6750
0.922794	81.020	126.1819
0.929481	80.955	125.6822
0.936216	80.888	125.1760
0.943000	80.820	124.6635
0.949834	80.750	124.1449
0.956717	80.680	123.6205
0.963649	80.607	123.0906
0.970632	80.533	122.5554
0.977666	80.457	122.0153
0.984750	80.380	121.4706
0.991886	80.301	120.9218
0.999074	80.220	120.3693
1.006314	80.137	119.8137
1.013606	80.053	119.2554
1.020951	79.966	118.6950
1.028349	79.877	118.1331
1.035801	79.787	117.5705
1.043307	79.694	117.0078
1.050867	79.599	116.4459
1.058482	79.501	115.8853
1.066152	79.401	115.3269
1.073878	79.299	114.7713
1.081660	79.194	114.2190
1.089498	79.087	113.6701
1.097393	78.977	113.1244
1.105345	78.864	112.5812
1.113355	78.748	112.0397
1.121423	78.630	111.4989
1.129549	78.509	110.9577
1.137734	78.385	110.4154
1.145979	78.259	109.8711
1.154283	78.129	109.3241
1.162647	77.997	108.7738
1.171072	77.862	108.2196
1.179558	77.724	107.6607
1.188106	77.584	107.0965
1.196715	77.440	106.5263
1.205387	77.294	105.9494
1.214122	77.145	105.3650
1.222920	76.993	104.7723
1.231782	76.838	104.1704
1.240708	76.680	103.5585
1.249699	76.519	102.9355
1.258754	76.356	102.3007
1.267876	76.190	101.6528
1.277063	76.021	100.9908
1.286318	75.849	100.3135
1.295639	75.674	99.6199
1.305027	75.497	98.9085
1.314484	75.317	98.1781
1.324009	75.134	97.4274
1.333604	74.948	96.6550
1.343268	74.760	95.8594
1.353002	74.569	95.0391
1.362806	74.375	94.1928
1.372681	74.179	93.3188
1.382628	73.980	92.4159
1.392647	73.778	91.4826
1.402739	73.574	90.5175
1.412904	73.367	89.5197
1.423142	73.157	88.4880
1.433455	72.944	87.4216
1.443843	72.727	86.3199
1.454305	72.505	85.1822
1.464844	72.277	84.0076
1.475459	72.041	82.7948
1.486150	71.796	81.5415
1.496920	71.540	80.2443
1.507767	71.273	78.8988
1.518693	70.995	77.4997
1.529698	70.706	76.0407
1.540783	70.406	74.5146
1.551948	70.096	72.9133
1.563194	69.777	71.2274
1.574521	69.451	69.4464
1.585931	69.119	67.5589
1.597423	68.781	65.5515
1.608999	68.440	63.4097
1.620658	68.097	61.1173
1.632402	67.753	58.6567
1.644232	67.410	56.0087
1.656146	67.070	53.1532
1.668147	66.735	50.0696
1.680235	66.407	46.7379
1.692411	66.087	43.1402
1.704675	65.777	39.2628
1.717028	65.482	35.0988
1.729470	65.201	30.6516
1.742003	64.939	25.9376
1.754626	64.698	20.9891
1.767341	64.480	15.8546
1.780147	64.289	10.5970
1.793047	64.128	5.2881
1.806040	63.999	0.0009
1.819128	63.905	-5.2002
1.832310	63.848	-10.2657
1.845587	63.831	-15.1649
1.858961	63.853	-19.8818
1.872432	63.915	-24.4099
1.886001	64.015	-28.7469
1.899667	64.151	-32.8929
1.913433	64.321	-36.8485
1.927299	64.522	-40.6152
1.941265	64.752	-44.1952
1.955332	65.008	-47.5915
1.969501	65.285	-50.8077
1.983773	65.580	-53.8480
1.998148	65.891	-56.7173
2.012627	66.214	-59.4205
2.027212	66.545	-61.9627
2.041902	66.879	-64.3492
2.056698	67.215	-66.5850
2.071602	67.547	-68.6753
2.086614	67.872	-70.6249
2.101734	68.186	-72.4387
2.116964	68.487	-74.1220
2.132304	68.770	-75.6804
2.147756	69.032	-77.1210
2.163320	69.273	-78.4526
2.178996	69.492	-79.6870
2.194786	69.688	-80.8389
2.210690	69.865	-81.9250
2.226710	70.024	-82.9621
2.242845	70.167	-83.9639
2.259098	70.298	-84.9402
2.275468	70.417	-85.8968
2.291957	70.526	-86.8365
2.308566	70.625	-87.7599
2.325295	70.715	-88.6662
2.342145	70.796	-89.5533
2.359117	70.868	-90.4183
2.376212	70.933	-91.2577
2.393431	70.991	-92.0674
2.410775	71.042	-92.8428
2.428244	71.086	-93.5790
2.445840	71.125	-94.2705
2.463564	71.158	-94.9118
2.481416	71.185	-95.4974
2.499397	71.208	-96.0221
2.517509	71.225	-96.4818
2.535752	71.237	-96.8739
2.554127	71.242	-97.1981
2.572635	71.239	-97.4564
2.591277	71.227	-97.6528
2.610055	71.205	-97.7913
2.628968	71.173	-97.8750
2.648019	71.130	-97.9056
2.667208	71.078	-97.8835
2.686535	71.017	-97.8079
2.706003	70.950	-97.6772
2.725612	70.877	-97.4890
2.745363	70.801	-97.2406
2.765257	70.723	-96.9291
2.785295	70.646	-96.5512
2.805478	70.572	-96.1038
2.825808	70.502	-95.5836
2.846285	70.440	-94.9874
2.866910	70.386	-94.3119
2.887685	70.343	-93.5535
2.908611	70.311	-92.7084
2.929688	70.290	-91.7718
2.950917	70.280	-90.7394
2.972301	70.280	-89.6082
2.993839	70.288	-88.3781
3.015534	70.304	-87.0528
3.037386	70.328	-85.6398
3.059396	70.360	-84.1501
3.081565	70.400	-82.5972
3.103896	70.449	-80.9972
3.126388	70.508	-79.3680
3.149043	70.576	-77.7282
3.171862	70.654	-76.0971
3.194847	70.745	-74.4928
3.217998	70.847	-72.9318
3.241317	70.964	-71.4272
3.264805	71.095	-69.9877
3.288463	71.242	-68.6171
3.312293	71.406	-67.3146
3.336295	71.588	-66.0777
3.360471	71.787	-64.9045
3.384822	72.003	-63.7957
3.409350	72.233	-62.7541
3.434056	72.476	-61.7835
3.458940	72.728	-60.8881
3.484005	72.986	-60.0719
3.509252	73.248	-59.3380
3.534681	73.510	-58.6889
3.560295	73.770	-58.1261
3.586094	74.025	-57.6500
3.612081	74.274	-57.2603
3.638255	74.515	-56.9553
3.664620	74.749	-56.7320
3.691175	74.977	-56.5860
3.717923	75.198	-56.5115
3.744864	75.415	-56.5019
3.772001	75.626	-56.5502
3.799335	75.834	-56.6492
3.826866	76.036	-56.7922
3.854597	76.234	-56.9726
3.882529	76.426	-57.1849
3.910664	76.613	-57.4242
3.939002	76.792	-57.6870
3.967546	76.965	-57.9709
3.996296	77.130	-58.2754
4.025255	77.288	-58.6015
4.054423	77.437	-58.9508
4.083804	77.578	-59.3246
4.113396	77.711	-59.7225
4.143204	77.837	-60.1419
4.173227	77.954	-60.5784
4.203468	78.065	-61.0267
4.233928	78.169	-61.4807
4.264609	78.267	-61.9345
4.295512	78.358	-62.3831
4.326639	78.444	-62.8223
4.357992	78.524	-63.2501
4.389572	78.597	-63.6664
4.421380	78.664	-64.0728
4.453419	78.725	-64.4715
4.485691	78.779	-64.8636
4.518196	78.827	-65.2486
4.550936	78.868	-65.6242
4.583914	78.905	-65.9867
4.617131	78.937	-66.3316
4.650589	78.965	-66.6539
4.684289	78.990	-66.9491
4.718233	79.012	-67.2133
4.752424	79.032	-67.4440
4.786862	79.048	-67.6402
4.821549	79.062	-67.8023
4.856488	79.073	-67.9315
4.891680	79.081	-68.0292
4.927127	79.088	-68.0965
4.962831	79.094	-68.1344
4.998794	79.100	-68.1435
5.035017	79.107	-68.1239
5.071503	79.117	-68.0753
5.108253	79.130	-67.9969
5.145270	79.146	-67.8879
5.182555	79.165	-67.7482
5.220110	79.187	-67.5792
5.257937	79.213	-67.3846
5.296038	79.243	-67.1694
5.334415	79.276	-66.9403
5.373071	79.314	-66.7038
5.412006	79.356	-66.4661
5.451224	79.404	-66.2321
5.490725	79.458	-66.0047
5.530514	79.518	-65.7854
5.570590	79.583	-65.5754
5.610957	79.654	-65.3768
5.651616	79.730	-65.1931
5.692570	79.810	-65.0290
5.733821	79.894	-64.8898
5.775370	79.980	-64.7805
5.817221	80.068	-64.7050
5.859375	80.159	-64.6658
5.901834	80.251	-64.6636
5.944602	80.344	-64.6979
5.987679	80.439	-64.7676
6.031068	80.534	-64.8713
6.074771	80.629	-65.0080
6.118792	80.723	-65.1772
6.163131	80.815	-65.3784
6.207792	80.905	-65.6116
6.252776	80.992	-65.8765
6.298086	81.075	-66.1721
6.343725	81.156	-66.4960
6.389694	81.234	-66.8447
6.435996	81.308	-67.2138
6.482634	81.379	-67.5988
6.529610	81.446	-67.9960
6.576926	81.509	-68.4026
6.624585	81.568	-68.8172
6.672590	81.622	-69.2387
6.720942	81.673	-69.6652
6.769645	81.720	-70.0939
6.818700	81.764	-70.5211
6.868111	81.805	-70.9427
6.917881	81.844	-71.3553
6.968010	81.880	-71.7564
7.018504	81.913	-72.1450
7.069362	81.945	-72.5205
7.120590	81.976	-72.8824
7.172189	82.006	-73.2302
7.224161	82.035	-73.5628
7.276511	82.066	-73.8793
7.329239	82.097	-74.1790
7.382350	82.129	-74.4618
7.435845	82.163	-74.7287
7.489729	82.199	-74.9817
7.544002	82.238	-75.2233
7.598669	82.279	-75.4563
7.653732	82.324	-75.6831
7.709194	82.372	-75.9056
7.765058	82.423	-76.1254
7.821327	82.478	-76.3447
7.878004	82.537	-76.5661
7.935091	82.599	-76.7929
7.992592	82.664	-77.0285
8.050510	82.732	-77.2752
8.108847	82.803	-77.5348
8.167607	82.877	-77.8082
8.226793	82.953	-78.0960
8.286408	83.030	-78.3989
8.346454	83.109	-78.7176
8.406936	83.189	-79.0524
8.467856	83.269	-79.4034
8.529218	83.349	-79.7696
8.591024	83.430	-80.1498
8.653278	83.510	-80.5419
8.715983	83.589	-80.9439
8.779143	83.667	-81.3540
8.842760	83.744	-81.7705
8.906839	83.820	-82.1917
8.971381	83.895	-82.6153
9.036392	83.969	-83.0389
9.101873	84.041	-83.4600
9.167829	84.113	-83.8764
9.234263	84.184	-84.2866
9.301178	84.254	-84.6895
9.368578	84.323	-85.0838
9.436467	84.392	-85.4685
9.504847	84.461	-85.8425
9.573723	84.530	-86.2055
9.643099	84.599	-86.5572
9.712976	84.667	-86.8982
9.783361	84.735	-87.2290
9.854255	84.801	-87.5505
9.925663	84.867	-87.8632
9.997588	84.931	-88.1681
10.070035	84.995	-88.4663
10.143007	85.057	-88.7591
10.216507	85.119	-89.0477
10.290540	85.181	-89.3332
10.365109	85.242	-89.6163
10.440219	85.304	-89.8978
10.515873	85.365	-90.1781
10.592076	85.425	-90.4578
10.668830	85.486	-90.7372
10.746141	85.547	-91.0162
10.824012	85.607	-91.2945
10.902447	85.667	-91.5719
10.981451	85.727	-91.8478
11.061027	85.786	-92.1219
11.141180	85.844	-92.3936
11.221913	85.902	-92.6625
11.303232	85.958	-92.9280
11.385140	86.014	-93.1898
11.467641	86.070	-93.4475
11.550741	86.125	-93.7011
11.634442	86.179	-93.9506
11.718750	86.234	-94.1960
11.803669	86.288	-94.4378
11.889203	86.342	-94.6761
11.975357	86.396	-94.9114
12.062136	86.450	-95.1443
12.149543	86.504	-95.3753
12.237583	86.558	-95.6048
12.326262	86.611	-95.8332
12.415583	86.663	-96.0609
12.505552	86.715	-96.2882
12.596172	86.767	-96.5153
12.687449	86.817	-96.7422
12.779387	86.866	-96.9690
12.871992	86.915	-97.1956
12.965268	86.963	-97.4219
13.059220	87.010	-97.6479
13.153852	87.056	-97.8736
13.249170	87.102	-98.0990
13.345179	87.148	-98.3241
13.441884	87.193	-98.5494
13.539289	87.238	-98.7752
13.637401	87.283	-99.0018
13.736223	87.328	-99.2300
13.835761	87.372	-99.4603
13.936021	87.417	-99.6935
14.037007	87.460	-99.9301
14.138725	87.504	-100.1708
14.241180	87.547	-100.4161
14.344377	87.590	-100.6663
14.448323	87.632	-100.9217
14.553021	87.674	-101.1822
14.658478	87.715	-101.4477
14.764700	87.755	-101.7180
14.871691	87.795	-101.9926
14.979457	87.835	-102.2711
15.088005	87.874	-102.5529
15.197339	87.913	-102.8378
15.307465	87.953	-103.1253
15.418389	87.992	-103.4153
15.530117	88.031	-103.7077
15.642655	88.070	-104.0027
15.756008	88.109	-104.3007
15.870182	88.149	-104.6019
15.985184	88.189	-104.9069
16.101019	88.230	-105.2162
16.217694	88.271	-105.5302
16.335214	88.312	-105.8491
16.453586	88.354	-106.1730
16.572815	88.396	-106.5018
16.692909	88.439	-106.8351
16.813872	88.482	-107.1722
16.935713	88.525	-107.5122
17.058436	88.568	-107.8542
17.182048	88.612	-108.1972
17.306556	88.656	-108.5401
17.431967	88.700	-108.8819
17.558286	88.744	-109.2218
17.685521	88.788	-109.5593
17.813677	88.833	-109.8940
17.942762	88.878	-110.2257
18.072783	88.923	-110.5547
18.203746	88.970	-110.8812
18.335658	89.016	-111.2054
18.468526	89.064	-111.5279
18.602356	89.112	-111.8489
18.737156	89.160	-112.1687
18.872934	89.209	-112.4873
19.009695	89.258	-112.8048
19.147447	89.308	-113.1208
19.286197	89.357	-113.4353
19.425953	89.406	-113.7477
19.566721	89.456	-114.0578
19.708510	89.504	-114.3653
19.851326	89.553	-114.6699
19.995177	89.601	-114.9716
20.140070	89.648	-115.2703
20.286013	89.695	-115.5662
20.433014	89.742	-115.8593
20.581080	89.788	-116.1499
20.730219	89.833	-116.4381
20.880439	89.878	-116.7243
21.031747	89.923	-117.0085
21.184152	89.967	-117.2910
21.337661	90.010	-117.5720
21.492282	90.054	-117.8518
21.648024	90.097	-118.1308
21.804895	90.139	-118.4093
21.962902	90.181	-118.6879
22.122054	90.223	-118.9671
22.282360	90.264	-119.2475
22.443827	90.304	-119.5297
22.606464	90.344	-119.8141
22.770280	90.384	-120.1013
22.935283	90.423	-120.3914
23.101481	90.461	-120.6846
23.268884	90.499	-120.9810
23.437500	90.536	-121.2805
23.607338	90.572	-121.5829
23.778406	90.608	-121.8882
23.950714	90.643	-122.1960
24.124271	90.678	-122.5063
24.299086	90.712	-122.8188
24.475167	90.746	-123.1334
24.652524	90.780	-123.4500
24.831166	90.814	-123.7684
25.011103	90.848	-124.0886
25.192344	90.882	-124.4105
25.374898	90.916	-124.7342
25.558775	90.951	-125.0594
25.743984	90.985	-125.3863
25.930536	91.020	-125.7145
26.118439	91.055	-126.0440
26.307704	91.090	-126.3742
26.498341	91.125	-126.7047
26.690359	91.160	-127.0348
26.883768	91.196	-127.3637
27.078579	91.231	-127.6910
27.274801	91.266	-128.0161
27.472446	91.301	-128.3387
27.671522	91.336	-128.6589
27.872042	91.372	-128.9769
28.074014	91.407	-129.2931
28.277450	91.443	-129.6080
28.482360	91.478	-129.9220
28.688755	91.513	-130.2351
28.896645	91.547	-130.5473
29.106042	91.581	-130.8584
29.316957	91.614	-131.1678
29.529400	91.647	-131.4753
29.743382	91.679	-131.7806
29.958915	91.711	-132.0837
30.176009	91.743	-132.3850
30.394677	91.774	-132.6851
30.614929	91.805	-132.9845
30.836778	91.836	-133.2841
31.060234	91.867	-133.5844
31.285309	91.897	-133.8857
31.512015	91.926	-134.1883
31.740364	91.955	-134.4923
31.970368	91.984	-134.7979
32.202039	92.013	-135.1052
32.435388	92.041	-135.4144
32.670428	92.069	-135.7260
32.907171	92.097	-136.0403
33.145630	92.124	-136.3575
33.385817	92.152	-136.6777
33.627745	92.179	-137.0006
33.871425	92.206	-137.3259
34.116871	92.232	-137.6530
34.364096	92.259	-137.9811
34.613113	92.285	-138.3095
34.863934	92.310	-138.6374
35.116572	92.336	-138.9641
35.371041	92.361	-139.2893
35.627354	92.386	-139.6125
35.885525	92.411	-139.9337
36.145566	92.436	-140.2531
36.407492	92.461	-140.5706
36.671316	92.486	-140.8865
36.937051	92.510	-141.2009
37.204712	92.535	-141.5139
37.474313	92.559	-141.8253
37.745867	92.583	-142.1352
38.019389	92.607	-142.4436
38.294893	92.630	-142.7505
38.572394	92.653	-143.0562
38.851905	92.676	-143.3611
39.133442	92.699	-143.6653
39.417019	92.721	-143.9692
39.702651	92.742	-144.2728
39.990353	92.764	-144.5759
40.280140	92.785	-144.8785
40.572026	92.805	-145.1804
40.866028	92.825	-145.4819
41.162160	92.846	-145.7830
41.460438	92.866	-146.0842
41.760877	92.885	-146.3859
42.063494	92.905	-146.6887
42.368303	92.925	-146.9927
42.675322	92.944	-147.2982
42.984565	92.963	-147.6048
43.296048	92.982	-147.9121
43.609789	93.000	-148.2194
43.925804	93.018	-148.5261
44.244108	93.035	-148.8317
44.564719	93.053	-149.1361
44.887654	93.070	-149.4395
45.212928	93.087	-149.7426
45.540560	93.104	-150.0456
45.870565	93.121	-150.3487
46.202962	93.138	-150.6515
46.537768	93.154	-150.9532
46.875000	93.170	-151.2529
47.214676	93.185	-151.5501
47.556813	93.201	-151.8448
47.901429	93.217	-152.1373
48.248542	93.233	-152.4285
48.598171	93.248	-152.7191
48.950334	93.264	-153.0094
49.305048	93.280	-153.2994
49.662333	93.296	-153.5887
50.022206	93.311	-153.8773
50.384688	93.326	-154.1648
50.749796	93.342	-154.4516
51.117550	93.357	-154.7378
51.487969	93.371	-155.0235
51.861072	93.386	-155.3088
52.236879	93.400	-155.5932
52.615409	93.415	-155.8764
52.996681	93.429	-156.1580
53.380717	93.443	-156.4380
53.767536	93.458	-156.7168
54.157158	93.472	-156.9950
54.549603	93.487	-157.2735
54.944892	93.503	-157.5532
55.343045	93.519	-157.8350
55.744084	93.535	-158.1194
56.148028	93.551	-158.4068
56.554900	93.567	-158.6973
56.964720	93.583	-158.9910
57.377510	93.599	-159.2879
57.793291	93.615	-159.5881
58.212085	93.630	-159.8913
58.633914	93.645	-160.1973
59.058799	93.659	-160.5052
59.486764	93.673	-160.8138
59.917829	93.685	-161.1212
60.352019	93.696	-161.4257
60.789354	93.707	-161.7264
61.229859	93.717	-162.0233
61.673556	93.726	-162.3176
62.120468	93.736	-162.6104
62.570618	93.745	-162.9027
63.024031	93.754	-163.1945
63.480729	93.762	-163.4855
63.940736	93.771	-163.7751
64.404077	93.779	-164.0636
64.870776	93.787	-164.3515
65.340856	93.795	-164.6392
65.814343	93.803	-164.9269
66.291261	93.811	-165.2141
66.771635	93.819	-165.5005
67.255489	93.827	-165.7859
67.742850	93.835	-166.0705
68.233743	93.843	-166.3546
68.728193	93.851	-166.6385
69.226226	93.859	-166.9224
69.727867	93.867	-167.2061
70.233144	93.874	-167.4894
70.742083	93.882	-167.7719
71.254709	93.889	-168.0533
71.771050	93.895	-168.3338
72.291132	93.902	-168.6141
72.814984	93.909	-168.8951
73.342631	93.916	-169.1774
73.874102	93.923	-169.4610
74.409424	93.930	-169.7455
74.948626	93.936	-170.0303
75.491734	93.943	-170.3155
76.038779	93.950	-170.6013
76.589787	93.957	-170.8880
77.144788	93.964	-171.1759
77.703811	93.972	-171.4656
78.266885	93.979	-171.7581
78.834039	93.987	-172.0544
79.405303	93.995	-172.3555
79.980706	94.002	-172.6621
80.560280	94.009	-172.9746
81.144053	94.015	-173.2929
81.732056	94.021	-173.6161
82.324320	94.025	-173.9431
82.920876	94.027	-174.2721
83.521755	94.029	-174.6012
84.126988	94.029	-174.9283
84.736607	94.027	-175.2516
85.350643	94.025	-175.5693
85.969129	94.023	-175.8803
86.592097	94.020	-176.1838
87.219579	94.017	-176.4799
87.851608	94.014	-176.7693
88.488217	94.011	-177.0530
89.129439	94.009	-177.3323
89.775308	94.007	-177.6082
90.425856	94.005	-177.8816
91.081119	94.004	-178.1529
91.741131	94.003	-178.4229
92.405925	94.002	-178.6923
93.075536	94.002	-178.9623
93.750000	94.001	-179.2339
94.429351	94.000	-179.5074
95.113625	93.999	-179.7827
95.802858	93.998	179.9405
96.497085	93.996	179.6631
97.196342	93.994	179.3859
97.900667	93.992	179.1094
98.610096	93.989	178.8344
99.324665	93.987	178.5613
100.044413	93.984	178.2909
100.769376	93.981	178.0237
101.499592	93.978	177.7596
102.235100	93.976	177.4982
102.975938	93.974	177.2380
103.722144	93.973	176.9773
104.473757	93.972	176.7143
105.230817	93.971	176.4478
105.993363	93.970	176.1768
106.761435	93.969	175.9010
107.535072	93.967	175.6201
108.314315	93.966	175.3340
109.099206	93.964	175.0425
109.889783	93.961	174.7457
110.686090	93.958	174.4436
111.488167	93.954	174.1366
112.296056	93.948	173.8257
113.109800	93.939	173.5130
113.929440	93.929	173.2017
114.755020	93.916	172.8959
115.586582	93.900	172.6005
116.424170	93.882	172.3198
117.267827	93.864	172.0567
118.117598	93.846	171.8117
118.973527	93.829	171.5831
119.835658	93.814	171.3670
120.704037	93.802	171.1576
121.578708	93.793	170.9494
122.459718	93.785	170.7397
123.347111	93.779	170.5284
124.240935	93.773	170.3168
125.141236	93.767	170.1058
126.048061	93.762	169.8953
126.961458	93.757	169.6841
127.881473	93.752	169.4712
128.808154	93.747	169.2554
129.741551	93.743	169.0356
130.681712	93.738	168.8114
131.628686	93.734	168.5833
132.582521	93.730	168.3516
133.543269	93.726	168.1170
134.510979	93.723	167.8795
135.485701	93.719	167.6392
136.467486	93.716	167.3958
137.456386	93.712	167.1493
138.452451	93.708	166.8993
139.455735	93.705	166.6453
140.466288	93.700	166.3868
141.484165	93.696	166.1239
142.509418	93.691	165.8568
143.542100	93.685	165.5856
144.582265	93.679	165.3105
145.629968	93.672	165.0314
146.685262	93.664	164.7489
147.748204	93.654	164.4648
148.818849	93.643	164.1815
149.897251	93.629	163.9017
150.983469	93.614	163.6291
152.077557	93.598	163.3667
153.179574	93.580	163.1163
154.289576	93.562	162.8774
155.407622	93.545	162.6474
156.533770	93.528	162.4232
157.668078	93.511	162.2018
158.810606	93.494	161.9806
159.961413	93.477	161.7578
161.120559	93.460	161.5334
162.288105	93.441	161.3097
163.464112	93.422	161.0901
164.648640	93.403	160.8792
165.841752	93.382	160.6814
167.043510	93.362	160.5009
168.253976	93.343	160.3395
169.473213	93.326	160.1970
170.701286	93.312	160.0697
171.938258	93.301	159.9517
173.184194	93.295	159.8346
174.439158	93.293	159.7100
175.703216	93.295	159.5705
176.976434	93.300	159.4106
178.258878	93.307	159.2270
179.550615	93.314	159.0178
180.851713	93.321	158.7828
182.162239	93.326	158.5231
183.482262	93.328	158.2421
184.811850	93.328	157.9447
186.151073	93.325	157.6359
187.500000	93.320	157.3199
188.858702	93.312	157.0003
190.227250	93.304	156.6807
191.605715	93.294	156.3641
192.994169	93.283	156.0527
194.392685	93.272	155.7471
195.801334	93.260	155.4471
197.220191	93.248	155.1535
198.649330	93.235	154.8669
200.088825	93.221	154.5876
201.538751	93.208	154.3150
202.999184	93.194	154.0475
204.470200	93.181	153.7828
205.951875	93.169	153.5179
207.444287	93.158	153.2501
208.947514	93.145	152.9779
210.461634	93.132	152.7016
211.986726	93.117	152.4237
213.522869	93.099	152.1488
215.070144	93.080	151.8817
216.628631	93.059	151.6263
218.198411	93.038	151.3840
219.779567	93.017	151.1530
221.372180	92.997	150.9283
222.976334	92.979	150.7046
224.592112	92.961	150.4777
226.219600	92.944	150.2458
227.858880	92.927	150.0089
229.510039	92.910	149.7679
231.173164	92.892	149.5239
232.848340	92.874	149.2776
234.535655	92.856	149.0292
236.235197	92.838	148.7788
237.947054	92.818	148.5264
239.671317	92.799	148.2722
241.408074	92.778	148.0176
243.157416	92.756	147.7646
244.919435	92.733	147.5160
246.694223	92.709	147.2746
248.481871	92.684	147.0436
250.282473	92.659	146.8257
252.096123	92.635	146.6226
253.922915	92.611	146.4328
255.762945	92.591	146.2506
257.616309	92.573	146.0669
259.483103	92.557	145.8719
261.363424	92.541	145.6606
263.257372	92.525	145.4340
265.165043	92.508	145.1983
267.086538	92.489	144.9611
269.021957	92.468	144.7289
270.971401	92.447	144.5061
272.934972	92.426	144.2941
274.912771	92.406	144.0923
276.904902	92.387	143.8988
278.911469	92.370	143.7109
280.932577	92.354	143.5255
282.968330	92.340	143.3384
285.018835	92.327	143.1437
287.084199	92.317	142.9347
289.164530	92.306	142.7055
291.259935	92.295	142.4548
293.370525	92.282	142.1875
295.496408	92.265	141.9126
297.637697	92.246	141.6393
299.794503	92.224	141.3738
301.966937	92.201	141.1187
304.155114	92.177	140.8734
306.359147	92.153	140.6353
308.579152	92.129	140.4007
310.815244	92.105	140.1664
313.067539	92.080	139.9308
315.336156	92.055	139.6954
317.621211	92.029	139.4636
319.922826	92.001	139.2401
322.241118	91.974	139.0270
324.576210	91.947	138.8237
326.928223	91.920	138.6271
329.297280	91.894	138.4339
331.683504	91.869	138.2411
334.087019	91.845	138.0464
336.507952	91.821	137.8481
338.946427	91.797	137.6458
341.402572	91.772	137.4406
343.876516	91.746	137.2349
346.368387	91.719	137.0314
348.878315	91.691	136.8314
351.406431	91.664	136.6347
353.952867	91.636	136.4406
356.517756	91.608	136.2485
359.101230	91.580	136.0582
361.703426	91.553	135.8701
364.324478	91.525	135.6844
366.964523	91.497	135.5012
369.623699	91.469	135.3205
372.302145	91.441	135.1420
375.000000	91.413	134.9656
377.717405	91.385	134.7913
380.454501	91.357	134.6190
383.211431	91.329	134.4488
385.988339	91.302	134.2806
388.785369	91.274	134.1147
391.602668	91.247	133.9510
394.440383	91.219	133.7897
397.298660	91.192	133.6302
400.177650	91.165	133.4717
403.077502	91.138	133.3126
405.998368	91.112	133.1517
408.940400	91.085	132.9888
411.903750	91.058	132.8257
414.888575	91.030	132.6653
417.895028	91.001	132.5112
420.923268	90.972	132.3658
423.973452	90.944	132.2300
427.045738	90.916	132.1024
430.140287	90.890	131.9792
433.257261	90.865	131.8559
436.396822	90.842	131.7291
439.559133	90.820	131.5983
442.744360	90.798	131.4636
445.952668	90.778	131.3232
449.184225	90.759	131.1730
452.439199	90.740	131.0071
455.717760	90.720	130.8224
459.020079	90.697	130.6225
462.346327	90.672	130.4171
465.696680	90.643	130.2177
469.071310	90.612	130.0313
472.470394	90.580	129.8598
475.894109	90.549	129.7009
479.342634	90.517	129.5498
482.816148	90.486	129.4014
486.314833	90.454	129.2538
489.838871	90.422	129.1107
493.388445	90.388	128.9792
496.963741	90.355	128.8633
500.564945	90.323	128.7596
504.192245	90.292	128.6610
507.845830	90.263	128.5605
511.525890	90.234	128.4550
515.232618	90.205	128.3452
518.966206	90.176	128.2342
522.726849	90.145	128.1270
526.514743	90.114	128.0283
530.330086	90.083	127.9403
534.173076	90.053	127.8608
538.043915	90.025	127.7851
541.942803	89.997	127.7105
545.869944	89.969	127.6379
549.825542	89.942	127.5682
553.809805	89.916	127.5001
557.822939	89.891	127.4307
561.865154	89.866	127.3576
565.936660	89.841	127.2812
570.037671	89.816	127.2040
574.168399	89.789	127.1299
578.329060	89.763	127.0606
582.519870	89.736	126.9963
586.741049	89.708	126.9368
590.992817	89.681	126.8841
595.275394	89.654	126.8408
599.589005	89.628	126.8060
603.933874	89.602	126.7759
608.310228	89.578	126.7463
612.718295	89.554	126.7160
617.158304	89.529	126.6870
621.630488	89.504	126.6650
626.135079	89.479	126.6562
630.672311	89.454	126.6632
635.242423	89.432	126.6823
639.845651	89.411	126.7075
644.482237	89.392	126.7360
649.152421	89.376	126.7684
653.856447	89.362	126.8033
658.594560	89.351	126.8344
663.367008	89.342	126.8516
668.174039	89.335	126.8469
673.015903	89.327	126.8208
677.892854	89.317	126.7809
682.805145	89.305	126.7363
687.753032	89.291	126.6940
692.736774	89.276	126.6593
697.756631	89.259	126.6366
702.812863	89.242	126.6274
707.905735	89.225	126.6296
713.035511	89.210	126.6387
718.202461	89.195	126.6515
723.406852	89.181	126.6673
728.648956	89.168	126.6874
733.929047	89.155	126.7132
739.247399	89.142	126.7452
744.604290	89.130	126.7834
750.000000	89.119	126.8277
755.434809	89.108	126.8782
760.909001	89.099	126.9344
766.422861	89.090	126.9962
771.976677	89.083	127.0627
777.570739	89.077	127.1335
783.205337	89.072	127.2079
788.880766	89.068	127.2870
794.597321	89.065	127.3734
800.355301	89.064	127.4695
806.155005	89.066	127.5742
811.996736	89.072	127.6817
817.880799	89.082	127.7839
823.807501	89.095	127.8711
829.777150	89.110	127.9353
835.790057	89.125	127.9741
841.846536	89.140	127.9935
847.946903	89.152	128.0039
854.091476	89.164	128.0131
860.280575	89.174	128.0250
866.514523	89.184	128.0425
872.793644	89.194	128.0689
879.118267	89.205	128.1042
885.488720	89.217	128.1442
891.905336	89.231	128.1850
898.368450	89.246	128.2257
904.878398	89.263	128.2678
911.435520	89.281	128.3121
918.040157	89.302	128.3566
924.692655	89.325	128.3983
931.393359	89.351	128.4332
938.142619	89.379	128.4568
944.940787	89.408	128.4662
951.788218	89.439	128.4611
958.685268	89.471	128.4424
965.632296	89.504	128.4111
972.629666	89.537	128.3678
979.677741	89.571	128.3117
986.776890	89.605	128.2411
993.927482	89.638	128.1562
1001.129891	89.670	128.0610
1008.384491	89.701	127.9609
1015.691660	89.730	127.8590
1023.051781	89.758	127.7576
1030.465236	89.785	127.6591
1037.932411	89.812	127.5647
1045.453698	89.838	127.4744
1053.029486	89.863	127.3921
1060.660172	89.888	127.3253
1068.346153	89.913	127.2803
1076.087829	89.940	127.2584
1083.885605	89.972	127.2540
1091.739887	90.009	127.2562
1099.651084	90.051	127.2527
1107.619609	90.097	127.2345
1115.645878	90.146	127.1964
1123.730308	90.199	127.1365
1131.873321	90.253	127.0555
1140.075341	90.308	126.9549
1148.336797	90.363	126.8367
1156.658119	90.420	126.7030
1165.039741	90.477	126.5566
1173.482099	90.535	126.4007
1181.985634	90.594	126.2362
1190.550789	90.656	126.0583
1199.178011	90.722	125.8575
1207.867749	90.789	125.6232
1216.620457	90.856	125.3503
1225.436590	90.921	125.0424
1234.316609	90.982	124.7084
1243.260976	91.041	124.3573
1252.270157	91.095	123.9972
1261.344623	91.147	123.6327
1270.484846	91.195	123.2660
1279.691303	91.242	122.8990
1288.964474	91.287	122.5339
1298.304842	91.331	122.1711
1307.712894	91.374	121.8088
1317.189120	91.416	121.4445
1326.734016	91.458	121.0765
1336.348077	91.498	120.7061
1346.031806	91.538	120.3372
1355.785708	91.576	119.9742
1365.610290	91.615	119.6219
1375.506065	91.654	119.2855
1385.473549	91.693	118.9708
1395.513261	91.735	118.6797
1405.625726	91.780	118.4083
1415.811469	91.828	118.1458
1426.071023	91.880	117.8786
1436.404921	91.934	117.5977
1446.813703	91.988	117.3022
1457.297912	92.041	116.9974
1467.858093	92.092	116.6895
1478.494798	92.142	116.3827
1489.208581	92.189	116.0804
1500.000000	92.234	115.7857
1510.869618	92.275	115.5012
1521.818002	92.314	115.2293
1532.845723	92.349	114.9720
1543.953355	92.381	114.7307
1555.141477	92.414	114.5053
1566.410674	92.447	114.2914
1577.761531	92.483	114.0780
1589.194642	92.523	113.8513
1600.710601	92.565	113.6014
1612.310010	92.607	113.3274
1623.993473	92.650	113.0340
1635.761599	92.691	112.7288
1647.615002	92.731	112.4181
1659.554299	92.771	112.1071
1671.580114	92.812	111.7999
1683.693072	92.853	111.4976
1695.893807	92.896	111.1991
1708.182952	92.940	110.9022
1720.561150	92.985	110.6066
1733.029045	93.031	110.3140
1745.587288	93.078	110.0268
1758.236533	93.127	109.7474
1770.977440	93.180	109.4761
1783.810673	93.238	109.2063
1796.736900	93.303	108.9230
1809.756796	93.374	108.6073
1822.871040	93.449	108.2447
1836.080315	93.527	107.8298
1849.385310	93.606	107.3647
1862.786718	93.685	106.8546
1876.285239	93.762	106.3072
1889.881575	93.838	105.7313
1903.576436	93.914	105.1358
1917.370535	93.992	104.5286
1931.264593	94.073	103.9153
1945.259332	94.158	103.2959
1959.355483	94.248	102.6629
1973.553781	94.342	102.0038
1987.854965	94.439	101.3084
2002.259781	94.536	100.5730
2016.768981	94.631	99.7992
2031.383320	94.724	98.9911
2046.103561	94.813	98.1536
2060.930471	94.898	97.2910
2075.864823	94.980	96.4055
2090.907395	95.058	95.4981
2106.058972	95.131	94.5714
2121.320344	95.199	93.6311
2136.692305	95.261	92.6858
2152.175658	95.318	91.7443
2167.771210	95.372	90.8105
2183.479774	95.424	89.8795
2199.302169	95.474	88.9415
2215.239219	95.523	87.9885
2231.291755	95.568	87.0170
2247.460615	95.610	86.0278
2263.746641	95.647	85.0251
2280.150683	95.680	84.0156
2296.673595	95.709	83.0075
2313.316238	95.733	82.0074
2330.079481	95.756	81.0173
2346.964198	95.778	80.0312
2363.971268	95.800	79.0386
2381.101578	95.819	78.0312
2398.356022	95.836	77.0061
2415.735498	95.848	75.9653
2433.240913	95.854	74.9140
2450.873180	95.855	73.8582
2468.633217	95.851	72.8032
2486.521951	95.839	71.7546
2504.540314	95.821	70.7207
2522.689246	95.797	69.7127
2540.969692	95.768	68.7414
2559.382606	95.736	67.8113
2577.928947	95.702	66.9183
2596.609683	95.667	66.0545
2615.425787	95.632	65.2134
2634.378241	95.595	64.3929
2653.468031	95.556	63.5961
2672.696154	95.515	62.8306
2692.063613	95.472	62.1062
2711.571415	95.430	61.4295
2731.220579	95.391	60.7977
2751.012130	95.357	60.1987
2770.947098	95.329	59.6169
2791.026522	95.306	59.0368
2811.251451	95.288	58.4453
2831.622938	95.274	57.8320
2852.142045	95.261	57.1889
2872.809842	95.247	56.5130
2893.627406	95.231	55.8085
2914.595823	95.209	55.0879
2935.716186	95.183	54.3662
2956.989596	95.151	53.6540
2978.417161	95.116	52.9562
3000.000000	95.078	52.2752
3021.739237	95.036	51.6139
3043.636005	94.990	50.9781
3065.691446	94.940	50.3773
3087.906710	94.888	49.8218
3110.282955	94.836	49.3177
3132.821347	94.785	48.8624
3155.523062	94.737	48.4481
3178.389283	94.692	48.0663
3201.421202	94.650	47.7101
3224.620020	94.612	47.3748
3247.986946	94.576	47.0569
3271.523198	94.543	46.7554
3295.230004	94.512	46.4734
3319.108599	94.485	46.2154
3343.160228	94.461	45.9802
3367.386145	94.444	45.7591
3391.787613	94.431	45.5400
3416.365904	94.424	45.3135
3441.122300	94.420	45.0771
3466.058091	94.417	44.8369
3491.174576	94.416	44.6026
3516.473066	94.417	44.3798
3541.954880	94.420	44.1685
3567.621345	94.427	43.9652
3593.473800	94.438	43.7652
3619.513592	94.451	43.5637
3645.742080	94.466	43.3570
3672.160630	94.482	43.1468
3698.770620	94.499	42.9400
3725.573436	94.516	42.7436
3752.570477	94.536	42.5587
3779.763150	94.557	42.3813
3807.152872	94.580	42.2069
3834.741071	94.604	42.0358
3862.529185	94.629	41.8745
3890.518664	94.655	41.7292
3918.710966	94.683	41.6010
3947.107561	94.717	41.4838
3975.709929	94.756	41.3683
4004.519563	94.800	41.2434
4033.537962	94.850	41.0994
4062.766641	94.903	40.9324
4092.207123	94.959	40.7454
4121.860942	95.017	40.5426
4151.729646	95.078	40.3246
4181.814790	95.142	40.0885
4212.117944	95.208	39.8331
4242.640687	95.274	39.5629
4273.384610	95.342	39.2855
4304.351317	95.412	39.0049
4335.542421	95.485	38.7181
4366.959549	95.564	38.4163
4398.604338	95.648	38.0859
4430.478438	95.736	37.7133
4462.583511	95.828	37.2905
4494.921231	95.922	36.8159
4527.493283	96.017	36.2887
4560.301365	96.113	35.7065
4593.347189	96.209	35.0673
4626.632476	96.303	34.3740
4660.158962	96.394	33.6347
4693.928395	96.483	32.8566
4727.942535	96.571	32.0417
4762.203156	96.658	31.1857
4796.712043	96.745	30.2789
4831.470996	96.830	29.3111
4866.481826	96.912	28.2770
4901.746360	96.989	27.1759
4937.266434	97.060	26.0081
4973.043902	97.122	24.7741
5009.080628	97.173	23.4797
5045.378492	97.212	22.1374
5081.939384	97.236	20.7633
5118.765212	97.245	19.3726
5155.857894	97.241	17.9766
5193.219366	97.221	16.5826
5230.851574	97.184	15.1994
5268.756481	97.129	13.8436
5306.936062	97.055	12.5414
5345.392309	96.959	11.3284
5384.127225	96.843	10.2516
5423.142830	96.710	9.3694
5462.441159	96.570	8.7387
5502.024259	96.437	8.3854
5541.894195	96.332	8.2676
5582.053045	96.267	8.2574
5622.502902	96.244	8.1753
5663.245876	96.250	7.8710
5704.284090	96.260	7.2896
5745.619684	96.254	6.4735
5787.254813	96.221	5.5204
5829.191647	96.155	4.5381
5871.432373	96.060	3.6169
5913.979192	95.941	2.8188
5956.834323	95.807	2.1768
6000.000000	95.664	1.7001
6043.478473	95.518	1.3835
6087.272010	95.374	1.2152
6131.382892	95.235	1.1791
6175.813420	95.103	1.2573
6220.565910	94.980	1.4359
6265.642695	94.864	1.7078
6311.046124	94.757	2.0705
6356.778566	94.661	2.5217
6402.842404	94.576	3.0560
6449.240040	94.504	3.6653
6495.973891	94.447	4.3395
6543.046396	94.405	5.0654
6590.460007	94.379	5.8300
6638.217197	94.369	6.6249
6686.320456	94.374	7.4471
6734.772290	94.396	8.2958
6783.575226	94.434	9.1681
6832.731809	94.491	10.0585
6882.244600	94.567	10.9568
6932.116181	94.662	11.8481
6982.349153	94.778	12.7144
7032.946133	94.914	13.5399
7083.909760	95.073	14.3126
7135.242690	95.254	15.0205
7186.947600	95.459	15.6481
7239.027185	95.691	16.1731
7291.484160	95.951	16.5638
7344.321260	96.240	16.7787
7397.541239	96.556	16.7698
7451.146872	96.896	16.4886
7505.140954	97.257	15.8875
7559.526299	97.634	14.9171
7614.305743	98.020	13.5274
7669.482141	98.405	11.6699
7725.058371	98.778	9.3007
7781.037328	99.125	6.3894
7837.421932	99.429	2.9319
7894.215122	99.673	-1.0411
7951.419859	99.842	-5.4606
8009.039125	99.924	-10.2192
8067.075924	99.908	-15.1783
8125.533282	99.793	-20.1794
8184.414245	99.577	-25.0598
8243.721885	99.265	-29.6652
8303.459292	98.867	-33.8615
8363.629581	98.392	-37.5444
8424.235888	97.857	-40.6426
8485.281374	97.276	-43.1201
8546.769221	96.665	-44.9758
8608.702634	96.041	-46.2380
8671.084842	95.416	-46.9521
8733.919097	94.802	-47.1719
8797.208675	94.206	-46.9501
8860.956876	93.637	-46.3363
8925.167022	93.098	-45.3802
8989.842461	92.595	-44.1346
9054.986566	92.130	-42.6525
9120.602731	91.705	-40.9814
9186.694378	91.318	-39.1586
9253.264952	90.969	-37.2089
9320.317925	90.657	-35.1525
9387.856790	90.383	-33.0117
9455.885071	90.147	-30.8120
9524.406312	89.947	-28.5782
9593.424086	89.782	-26.3292
9662.941992	89.652	-24.0746
9732.963653	89.556	-21.8216
9803.492719	89.493	-19.5811
9874.532869	89.463	-17.3683
9946.087805	89.465	-15.1985
10018.161257	89.498	-13.0795
10090.756983	89.561	-11.0107
10163.878768	89.655	-8.9921
10237.530423	89.784	-7.0325
10311.715789	89.949	-5.1537
10386.438732	90.153	-3.3876
10461.703149	90.400	-1.7743
10537.512962	90.691	-0.3668
10613.872125	91.026	0.7638
10690.784618	91.402	1.5297
10768.254450	91.811	1.8387
10846.285661	92.239	1.6111
10924.882318	92.673	0.7878
11004.048518	93.094	-0.6656
11083.788390	93.483	-2.7585
11164.106090	93.820	-5.4696
11245.005805	94.085	-8.7420
11326.491752	94.260	-12.4822
11408.568180	94.332	-16.5668
11491.239368	94.290	-20.8510
11574.509626	94.129	-25.1751
11658.383294	93.845	-29.3697
11742.864745	93.445	-33.2643
11827.958384	92.936	-36.7024
11913.668646	92.335	-39.5585
12000.000000	91.660	-41.7473
12086.956947	90.932	-43.2234
12174.544019	90.172	-43.9768
12262.765784	89.400	-44.0284
12351.626840	88.634	-43.4289
12441.131819	87.890	-42.2515
12531.285389	87.181	-40.5797
12622.092249	86.513	-38.4965
12713.557132	85.894	-36.0815
12805.684808	85.324	-33.4121
12898.480079	84.806	-30.5591
12991.947783	84.336	-27.5798
13086.092792	83.912	-24.5169
13180.920015	83.530	-21.4036
13276.434395	83.187	-18.2646
13372.640911	82.879	-15.1111
13469.544580	82.603	-11.9369
13567.150452	82.358	-8.7284
13665.463617	82.146	-5.4750
13764.489200	81.972	-2.1776
13864.232362	81.841	1.1436
13964.698305	81.763	4.4318
14065.892266	81.745	7.5814
14167.819519	81.789	10.4434
14270.485380	81.887	12.8521
14373.895200	82.023	14.6614
14478.054370	82.168	15.7822
14582.968320	82.291	16.2158
14688.642520	82.361	16.0656
14795.082478	82.354	15.5191
14902.293745	82.264	14.8035
15010.281908	82.100	14.1261
15119.052599	81.883	13.6106
15228.611486	81.644	13.2463
15338.964283	81.404	12.8918
15450.116741	81.165	12.3505
15562.074656	80.902	11.4908
15674.843864	80.573	10.3550
15788.430244	80.136	9.2103
15902.839718	79.565	8.5363
16018.078250	78.871	8.9369
16134.151848	78.109	10.9331
16251.066563	77.374	14.5966
16368.828491	76.760	19.2412
16487.443769	76.303	23.7321
16606.918584	75.960	27.3359
16727.259161	75.659	30.0775
16848.471777	75.355	32.3610
16970.562748	75.044	34.5306
17093.538442	74.741	36.6975
17217.405268	74.456	38.7722
17342.169684	74.186	40.5871
17467.838194	73.909	42.0290
17594.417350	73.590	43.1282
17721.913751	73.198	44.0732
17850.334044	72.716	45.1551
17979.684923	72.149	46.6816
18109.973131	71.516	48.8926
18241.205462	70.853	51.8950
18373.388756	70.196	55.6318
18506.529905	69.577	59.9018
18640.635849	69.012	64.4213
18775.713581	68.502	68.9085
18911.770141	68.034	73.1538
19048.812624	67.589	77.0487
19186.848172	67.142	80.5768
19325.883983	66.681	83.7845
19465.927305	66.204	86.7343
19606.985439	65.730	89.4515
19749.065738	65.301	91.8677
19892.175609	64.970	93.7786
20036.322514	64.789	94.8678
