* Measurement data measured by REW V5.30 beta 4
* Source: Microphone (Realtek(R) Audio), MICROPHONE (Master Volume), L, volume: 0.250
* Format: 256k Log Swept Sine, 1 sweep at -12.0 dBFS with no timing reference
* Dated: Dec 9, 2023 12:35:55 AM
* REW Settings:
*  C-weighting compensation: Off
*  Target level: 75.0 dB
* Note: 
* Measurement: L ikko 0h300
* Smoothing: 1/24 octave
* Frequency Step: 96 ppo
* Start Frequency: 0.36621094 Hz
*
* Freq(Hz) SPL(dB) Phase(degrees)
0.366211 29.687 55.1756
0.368865 29.735 55.0982
0.371538 29.804 54.9883
0.374230 29.882 54.8666
0.376942 29.963 54.7423
0.379673 30.046 54.6186
0.382424 30.129 54.4966
0.385196 30.214 54.3765
0.387987 30.298 54.2584
0.390798 30.384 54.1422
0.393630 30.470 54.0279
0.396483 30.557 53.9154
0.399356 30.644 53.8046
0.402250 30.732 53.6956
0.405165 30.820 53.5882
0.408101 30.910 53.4823
0.411058 30.999 53.3780
0.414037 31.090 53.2751
0.417037 31.181 53.1735
0.420059 31.273 53.0733
0.423103 31.365 52.9743
0.426169 31.459 52.8764
0.429257 31.552 52.7796
0.432367 31.647 52.6838
0.435501 31.742 52.5890
0.438656 31.838 52.4949
0.441835 31.935 52.4017
0.445037 32.032 52.3091
0.448262 32.130 52.2171
0.451510 32.229 52.1256
0.454782 32.328 52.0346
0.458077 32.428 51.9439
0.461397 32.529 51.8535
0.464740 32.631 51.7632
0.468108 32.733 51.6730
0.471500 32.836 51.5829
0.474917 32.940 51.4926
0.478358 33.044 51.4022
0.481825 33.150 51.3116
0.485316 33.256 51.2206
0.488833 33.363 51.1292
0.492375 33.470 51.0372
0.495943 33.579 50.9447
0.499537 33.688 50.8514
0.503157 33.798 50.7574
0.506803 33.909 50.6626
0.510475 34.020 50.5667
0.514174 34.133 50.4699
0.517900 34.246 50.3719
0.521653 34.360 50.2728
0.525433 34.475 50.1723
0.529241 34.591 50.0705
0.533076 34.707 49.9672
0.536939 34.825 49.8624
0.540830 34.943 49.7560
0.544749 35.062 49.6479
0.548696 35.182 49.5380
0.552673 35.303 49.4263
0.556677 35.424 49.3126
0.560711 35.547 49.1969
0.564774 35.670 49.0792
0.568867 35.795 48.9593
0.572989 35.920 48.8372
0.577141 36.046 48.7128
0.581324 36.173 48.5860
0.585536 36.301 48.4568
0.589779 36.430 48.3251
0.594053 36.560 48.1909
0.598358 36.691 48.0540
0.602694 36.823 47.9144
0.607061 36.956 47.7721
0.611460 37.089 47.6270
0.615891 37.224 47.4790
0.620354 37.359 47.3280
0.624849 37.496 47.1741
0.629377 37.634 47.0172
0.633938 37.772 46.8572
0.638532 37.912 46.6940
0.643159 38.053 46.5277
0.647819 38.194 46.3581
0.652514 38.337 46.1853
0.657242 38.481 46.0091
0.662005 38.625 45.8297
0.666802 38.771 45.6468
0.671634 38.918 45.4605
0.676501 39.066 45.2707
0.681403 39.215 45.0775
0.686341 39.365 44.8807
0.691314 39.516 44.6804
0.696324 39.668 44.4765
0.701369 39.822 44.2690
0.706452 39.976 44.0579
0.711571 40.132 43.8431
0.716727 40.288 43.6248
0.721921 40.444 43.4031
0.727153 40.600 43.1786
0.732422 40.751 42.9526
0.737729 40.895 42.7275
0.743075 41.035 42.5056
0.748460 41.173 42.2879
0.753883 41.310 42.0748
0.759346 41.447 41.8663
0.764849 41.584 41.6620
0.770391 41.721 41.4617
0.775974 41.859 41.2652
0.781597 41.996 41.0721
0.787261 42.133 40.8823
0.792965 42.270 40.6955
0.798712 42.407 40.5113
0.804499 42.545 40.3296
0.810329 42.682 40.1501
0.816201 42.819 39.9725
0.822116 42.957 39.7966
0.828073 43.094 39.6222
0.834073 43.232 39.4489
0.840118 43.369 39.2767
0.846205 43.507 39.1051
0.852337 43.645 38.9341
0.858514 43.782 38.7633
0.864735 43.920 38.5926
0.871001 44.058 38.4217
0.877313 44.196 38.2504
0.883670 44.334 38.0785
0.890074 44.472 37.9058
0.896523 44.610 37.7321
0.903020 44.748 37.5572
0.909564 44.887 37.3809
0.916155 45.025 37.2030
0.922793 45.164 37.0233
0.929480 45.303 36.8416
0.936216 45.442 36.6577
0.943000 45.581 36.4715
0.949833 45.720 36.2828
0.956716 45.860 36.0913
0.963649 46.000 35.8970
0.970632 46.140 35.6997
0.977666 46.280 35.4991
0.984750 46.421 35.2952
0.991886 46.562 35.0877
0.999074 46.703 34.8766
1.006313 46.844 34.6616
1.013605 46.986 34.4427
1.020950 47.128 34.2196
1.028349 47.271 33.9922
1.035801 47.414 33.7604
1.043306 47.558 33.5241
1.050867 47.702 33.2830
1.058482 47.846 33.0371
1.066152 47.991 32.7863
1.073878 48.137 32.5304
1.081659 48.283 32.2695
1.089498 48.430 32.0039
1.097393 48.577 31.7346
1.105345 48.724 31.4633
1.113355 48.872 31.1924
1.121422 49.020 30.9228
1.129549 49.167 30.6550
1.137734 49.314 30.3890
1.145978 49.461 30.1247
1.154283 49.608 29.8620
1.162647 49.755 29.6006
1.171072 49.901 29.3403
1.179558 50.047 29.0811
1.188106 50.194 28.8226
1.196715 50.340 28.5648
1.205387 50.486 28.3074
1.214122 50.632 28.0502
1.222920 50.777 27.7932
1.231781 50.923 27.5360
1.240708 51.068 27.2785
1.249698 51.214 27.0206
1.258754 51.359 26.7620
1.267875 51.504 26.5026
1.277063 51.650 26.2421
1.286317 51.795 25.9805
1.295638 51.940 25.7174
1.305027 52.085 25.4528
1.314484 52.230 25.1865
1.324009 52.375 24.9183
1.333603 52.520 24.6479
1.343267 52.666 24.3753
1.353001 52.811 24.1003
1.362805 52.957 23.8226
1.372681 53.102 23.5421
1.382628 53.248 23.2586
1.392647 53.394 22.9720
1.402739 53.540 22.6820
1.412904 53.687 22.3885
1.423142 53.833 22.0914
1.433455 53.980 21.7904
1.443842 54.128 21.4856
1.454305 54.275 21.1772
1.464843 54.423 20.8661
1.475458 54.571 20.5538
1.486150 54.718 20.2419
1.496919 54.866 19.9312
1.507766 55.013 19.6218
1.518692 55.159 19.3136
1.529697 55.305 19.0063
1.540782 55.451 18.6998
1.551947 55.596 18.3936
1.563193 55.741 18.0876
1.574521 55.886 17.7815
1.585931 56.031 17.4751
1.597423 56.175 17.1680
1.608998 56.319 16.8599
1.620658 56.462 16.5507
1.632402 56.605 16.2401
1.644231 56.749 15.9277
1.656146 56.891 15.6134
1.668147 57.034 15.2968
1.680235 57.177 14.9778
1.692410 57.319 14.6560
1.704674 57.461 14.3311
1.717027 57.603 14.0030
1.729469 57.745 13.6713
1.742002 57.887 13.3359
1.754625 58.029 12.9963
1.767340 58.171 12.6525
1.780147 58.313 12.3041
1.793046 58.456 11.9509
1.806040 58.598 11.5927
1.819127 58.740 11.2297
1.832309 58.883 10.8622
1.845587 59.025 10.4914
1.858961 59.167 10.1182
1.872431 59.308 9.7433
1.886000 59.449 9.3669
1.899666 59.589 8.9893
1.913432 59.728 8.6103
1.927298 59.867 8.2302
1.941264 60.006 7.8490
1.955331 60.144 7.4665
1.969500 60.282 7.0829
1.983772 60.419 6.6981
1.998147 60.556 6.3120
2.012626 60.693 5.9247
2.027211 60.829 5.5360
2.041901 60.964 5.1459
2.056697 61.100 4.7544
2.071601 61.235 4.3612
2.086613 61.370 3.9663
2.101733 61.505 3.5697
2.116963 61.640 3.1711
2.132303 61.774 2.7704
2.147755 61.909 2.3674
2.163318 62.043 1.9621
2.178995 62.178 1.5543
2.194785 62.312 1.1439
2.210689 62.446 0.7310
2.226709 62.579 0.3159
2.242844 62.712 -0.1011
2.259097 62.844 -0.5200
2.275467 62.976 -0.9404
2.291956 63.107 -1.3623
2.308565 63.237 -1.7856
2.325294 63.367 -2.2101
2.342144 63.496 -2.6358
2.359116 63.625 -3.0626
2.376211 63.753 -3.4904
2.393430 63.881 -3.9192
2.410774 64.008 -4.3490
2.428243 64.135 -4.7798
2.445839 64.262 -5.2115
2.463562 64.388 -5.6441
2.481415 64.514 -6.0778
2.499396 64.640 -6.5126
2.517508 64.766 -6.9485
2.535750 64.891 -7.3856
2.554126 65.017 -7.8241
2.572634 65.142 -8.2642
2.591276 65.267 -8.7062
2.610054 65.391 -9.1501
2.628967 65.514 -9.5958
2.648018 65.637 -10.0432
2.667206 65.759 -10.4922
2.686534 65.880 -10.9425
2.706002 66.001 -11.3940
2.725610 66.121 -11.8466
2.745361 66.241 -12.3002
2.765255 66.360 -12.7546
2.785294 66.479 -13.2099
2.805477 66.598 -13.6659
2.825807 66.716 -14.1225
2.846284 66.834 -14.5797
2.866909 66.951 -15.0376
2.887684 67.068 -15.4960
2.908609 67.186 -15.9552
2.929686 67.302 -16.4154
2.950916 67.419 -16.8769
2.972299 67.535 -17.3402
2.993838 67.650 -17.8052
3.015532 67.765 -18.2720
3.037384 67.879 -18.7403
3.059394 67.992 -19.2100
3.081564 68.105 -19.6808
3.103894 68.217 -20.1528
3.126386 68.329 -20.6256
3.149041 68.440 -21.0993
3.171861 68.551 -21.5737
3.194845 68.661 -22.0486
3.217996 68.771 -22.5242
3.241315 68.881 -23.0002
3.264803 68.990 -23.4768
3.288461 69.100 -23.9542
3.312291 69.208 -24.4329
3.336293 69.316 -24.9133
3.360469 69.424 -25.3956
3.384820 69.531 -25.8799
3.409348 69.637 -26.3658
3.434054 69.743 -26.8533
3.458938 69.848 -27.3420
3.484003 69.953 -27.8318
3.509250 70.056 -28.3226
3.534679 70.160 -28.8140
3.560293 70.263 -29.3062
3.586092 70.365 -29.7988
3.612079 70.467 -30.2919
3.638253 70.569 -30.7857
3.664618 70.669 -31.2806
3.691173 70.770 -31.7775
3.717921 70.870 -32.2768
3.744862 70.969 -32.7787
3.771999 71.067 -33.2829
3.799332 71.164 -33.7889
3.826864 71.261 -34.2963
3.854595 71.357 -34.8047
3.882527 71.453 -35.3137
3.910661 71.547 -35.8228
3.938999 71.641 -36.3318
3.967543 71.735 -36.8404
3.996294 71.827 -37.3485
4.025252 71.919 -37.8568
4.054421 72.010 -38.3662
4.083801 72.101 -38.8780
4.113394 72.190 -39.3924
4.143201 72.278 -39.9089
4.173225 72.366 -40.4270
4.203466 72.452 -40.9458
4.233926 72.538 -41.4644
4.264606 72.623 -41.9821
4.295509 72.707 -42.4983
4.326636 72.790 -43.0121
4.357989 72.872 -43.5234
4.389569 72.953 -44.0326
4.421378 73.034 -44.5409
4.453417 73.113 -45.0501
4.485688 73.191 -45.5605
4.518193 73.268 -46.0717
4.550934 73.344 -46.5826
4.583912 73.419 -47.0922
4.617129 73.493 -47.5993
4.650587 73.566 -48.1027
4.684287 73.638 -48.6014
4.718231 73.709 -49.0946
4.752421 73.779 -49.5822
4.786859 73.849 -50.0655
4.821547 73.917 -50.5461
4.856485 73.984 -51.0247
4.891677 74.050 -51.5009
4.927125 74.115 -51.9740
4.962829 74.179 -52.4427
4.998791 74.242 -52.9060
5.035015 74.305 -53.3626
5.071500 74.367 -53.8116
5.108251 74.429 -54.2524
5.145267 74.490 -54.6851
5.182552 74.550 -55.1109
5.220107 74.610 -55.5304
5.257934 74.669 -55.9441
5.296035 74.727 -56.3516
5.334412 74.785 -56.7526
5.373067 74.842 -57.1466
5.412003 74.900 -57.5331
5.451221 74.958 -57.9115
5.490722 75.016 -58.2813
5.530510 75.075 -58.6422
5.570587 75.133 -58.9944
5.610953 75.192 -59.3384
5.651613 75.250 -59.6750
5.692567 75.309 -60.0052
5.733818 75.368 -60.3296
5.775367 75.428 -60.6489
5.817218 75.489 -60.9636
5.859372 75.550 -61.2733
5.901831 75.613 -61.5771
5.944598 75.677 -61.8742
5.987675 75.741 -62.1655
6.031065 75.807 -62.4522
6.074768 75.873 -62.7363
6.118788 75.940 -63.0195
6.163127 76.009 -63.3035
6.207788 76.078 -63.5891
6.252772 76.149 -63.8759
6.298082 76.221 -64.1624
6.343721 76.294 -64.4485
6.389690 76.368 -64.7352
6.435992 76.444 -65.0242
6.482630 76.520 -65.3173
6.529606 76.597 -65.6161
6.576922 76.674 -65.9219
6.624581 76.752 -66.2346
6.672585 76.831 -66.5533
6.720938 76.910 -66.8775
6.769640 76.990 -67.2073
6.818696 77.071 -67.5433
6.868107 77.151 -67.8861
6.917876 77.231 -68.2365
6.968006 77.311 -68.5950
7.018499 77.391 -68.9619
7.069358 77.470 -69.3369
7.120586 77.550 -69.7189
7.172184 77.629 -70.1070
7.224157 77.707 -70.5001
7.276506 77.784 -70.8977
7.329235 77.860 -71.2998
7.382345 77.935 -71.7071
7.435841 78.010 -72.1200
7.489724 78.083 -72.5373
7.543997 78.155 -72.9573
7.598664 78.227 -73.3780
7.653728 78.297 -73.7980
7.709189 78.366 -74.2169
7.765053 78.434 -74.6357
7.821322 78.501 -75.0546
7.877998 78.567 -75.4727
7.935086 78.632 -75.8884
7.992587 78.696 -76.3002
8.050504 78.760 -76.7069
8.108841 78.823 -77.1085
8.167601 78.885 -77.5056
8.226787 78.947 -77.8985
8.286402 79.008 -78.2870
8.346449 79.069 -78.6708
8.406931 79.131 -79.0493
8.467851 79.192 -79.4224
8.529212 79.254 -79.7900
8.591018 79.316 -80.1530
8.653272 79.378 -80.5125
8.715977 79.441 -80.8696
8.779137 79.504 -81.2248
8.842754 79.568 -81.5782
8.906833 79.633 -81.9296
8.971375 79.698 -82.2799
9.036386 79.764 -82.6307
9.101867 79.830 -82.9834
9.167823 79.897 -83.3392
9.234257 79.965 -83.6978
9.301172 80.033 -84.0593
9.368572 80.101 -84.4241
9.436460 80.170 -84.7932
9.504841 80.238 -85.1674
9.573717 80.306 -85.5472
9.643092 80.375 -85.9324
9.712970 80.443 -86.3225
9.783354 80.510 -86.7169
9.854248 80.577 -87.1153
9.925656 80.643 -87.5177
9.997581 80.708 -87.9244
10.070028 80.773 -88.3345
10.143000 80.836 -88.7464
10.216500 80.899 -89.1588
10.290533 80.960 -89.5710
10.365103 81.020 -89.9832
10.440212 81.080 -90.3948
10.515866 81.138 -90.8043
10.592069 81.195 -91.2101
10.668823 81.252 -91.6116
10.746134 81.307 -92.0088
10.824005 81.362 -92.4016
10.902440 81.417 -92.7894
10.981443 81.471 -93.1714
11.061020 81.525 -93.5474
11.141172 81.579 -93.9177
11.221906 81.633 -94.2830
11.303225 81.687 -94.6439
11.385133 81.742 -95.0005
11.467634 81.797 -95.3531
11.550734 81.852 -95.7025
11.634435 81.908 -96.0501
11.718742 81.964 -96.3972
11.803661 82.021 -96.7443
11.889195 82.079 -97.0918
11.975349 82.137 -97.4408
12.062128 82.195 -97.7928
12.149535 82.254 -98.1486
12.237576 82.313 -98.5082
12.326254 82.372 -98.8721
12.415575 82.431 -99.2408
12.505544 82.490 -99.6148
12.596164 82.549 -99.9942
12.687441 82.607 -100.3786
12.779379 82.665 -100.7675
12.871984 82.722 -101.1609
12.965260 82.778 -101.5585
13.059211 82.833 -101.9596
13.153843 82.887 -102.3632
13.249161 82.940 -102.7686
13.345170 82.993 -103.1758
13.441875 83.044 -103.5837
13.539280 83.094 -103.9914
13.637391 83.143 -104.3984
13.736214 83.192 -104.8045
13.835752 83.239 -105.2090
13.936011 83.286 -105.6113
14.036998 83.332 -106.0113
14.138716 83.378 -106.4088
14.241171 83.422 -106.8037
14.344368 83.467 -107.1957
14.448313 83.511 -107.5848
14.553011 83.554 -107.9712
14.658468 83.598 -108.3549
14.764689 83.641 -108.7358
14.871680 83.684 -109.1141
14.979446 83.726 -109.4900
15.087994 83.769 -109.8634
15.197328 83.811 -110.2345
15.307454 83.854 -110.6035
15.418378 83.897 -110.9705
15.530106 83.939 -111.3356
15.642643 83.982 -111.6991
15.755996 84.025 -112.0614
15.870171 84.069 -112.4228
15.985172 84.113 -112.7838
16.101007 84.157 -113.1449
16.217682 84.201 -113.5068
16.335201 84.246 -113.8700
16.453573 84.292 -114.2353
16.572803 84.338 -114.6036
16.692898 84.384 -114.9752
16.813862 84.430 -115.3508
16.935701 84.477 -115.7312
17.058424 84.523 -116.1165
17.182035 84.569 -116.5069
17.306543 84.615 -116.9025
17.431953 84.661 -117.3030
17.558273 84.706 -117.7081
17.685509 84.750 -118.1170
17.813665 84.793 -118.5291
17.942751 84.835 -118.9431
18.072771 84.876 -119.3580
18.203733 84.916 -119.7726
18.335646 84.955 -120.1856
18.468513 84.993 -120.5957
18.602345 85.030 -121.0020
18.737144 85.066 -121.4031
18.872921 85.102 -121.7984
19.009682 85.136 -122.1875
19.147434 85.171 -122.5700
19.286184 85.206 -122.9463
19.425940 85.241 -123.3169
19.566708 85.276 -123.6827
19.708496 85.311 -124.0449
19.851313 85.347 -124.4053
19.995163 85.383 -124.7650
20.140057 85.420 -125.1257
20.285999 85.457 -125.4887
20.433001 85.494 -125.8547
20.581066 85.530 -126.2239
20.730206 85.566 -126.5961
20.880424 85.600 -126.9699
21.031733 85.634 -127.3438
21.184137 85.666 -127.7157
21.337646 85.698 -128.0834
21.492268 85.728 -128.4452
21.648010 85.759 -128.8000
21.804880 85.789 -129.1476
21.962887 85.820 -129.4898
22.122040 85.852 -129.8291
22.282345 85.885 -130.1699
22.443811 85.920 -130.5175
22.606449 85.956 -130.8764
22.770266 85.992 -131.2515
22.935268 86.028 -131.6454
23.101467 86.062 -132.0581
23.268869 86.093 -132.4873
23.437485 86.120 -132.9265
23.607323 86.142 -133.3675
23.778391 86.160 -133.8000
23.950699 86.174 -134.2133
24.124256 86.186 -134.5995
24.299070 86.196 -134.9529
24.475151 86.209 -135.2746
24.652508 86.225 -135.5711
24.831150 86.248 -135.8547
25.011087 86.277 -136.1437
25.192327 86.312 -136.4559
25.374882 86.352 -136.8100
25.558758 86.394 -137.2170
25.743967 86.433 -137.6813
25.930519 86.467 -138.1965
26.118422 86.491 -138.7454
26.307686 86.503 -139.3048
26.498322 86.504 -139.8432
26.690340 86.495 -140.3324
26.883749 86.478 -140.7458
27.078560 86.460 -141.0694
27.274782 86.446 -141.3016
27.472427 86.442 -141.4575
27.671503 86.452 -141.5653
27.872023 86.478 -141.6637
28.073996 86.519 -141.7912
28.277431 86.570 -141.9810
28.482342 86.627 -142.2521
28.688736 86.684 -142.6070
28.896626 86.735 -143.0329
29.106022 86.776 -143.5037
29.316936 86.808 -143.9891
29.529379 86.829 -144.4594
29.743361 86.844 -144.8920
29.958893 86.857 -145.2767
30.175987 86.871 -145.6163
30.394655 86.889 -145.9249
30.614908 86.914 -146.2230
30.836756 86.943 -146.5314
31.060211 86.975 -146.8648
31.285286 87.006 -147.2287
31.511992 87.035 -147.6184
31.740341 87.059 -148.0220
31.970345 87.077 -148.4236
32.202015 87.091 -148.8102
32.435364 87.103 -149.1737
32.670403 87.115 -149.5142
32.907146 87.129 -149.8383
33.145607 87.145 -150.1573
33.385796 87.163 -150.4821
33.627724 87.182 -150.8202
33.871403 87.199 -151.1737
34.116848 87.215 -151.5391
34.364071 87.227 -151.9091
34.613087 87.237 -152.2750
34.863907 87.245 -152.6301
35.116547 87.251 -152.9710
35.371017 87.259 -153.2988
35.627331 87.267 -153.6181
35.885502 87.278 -153.9355
36.145542 87.290 -154.2582
36.407467 87.304 -154.5923
36.671291 87.318 -154.9411
36.937027 87.331 -155.3050
37.204689 87.342 -155.6809
37.474289 87.350 -156.0629
37.745842 87.356 -156.4435
38.019363 87.359 -156.8146
38.294868 87.360 -157.1692
38.572369 87.361 -157.5038
38.851879 87.362 -157.8187
39.133415 87.366 -158.1178
39.416992 87.372 -158.4079
39.702625 87.380 -158.6967
39.990326 87.391 -158.9907
40.280113 87.404 -159.2952
40.571999 87.418 -159.6140
40.866001 87.432 -159.9492
41.162132 87.445 -160.3015
41.460411 87.457 -160.6691
41.760849 87.465 -161.0470
42.063465 87.470 -161.4265
42.368275 87.472 -161.7966
42.675293 87.472 -162.1484
42.984535 87.471 -162.4794
43.296021 87.473 -162.7960
43.609760 87.478 -163.1117
43.925774 87.484 -163.4419
44.244080 87.491 -163.7948
44.564690 87.493 -164.1644
44.887623 87.491 -164.5314
45.212898 87.484 -164.8714
45.540531 87.476 -165.1675
45.870537 87.471 -165.4202
46.202934 87.474 -165.6508
46.537739 87.486 -165.8932
46.874969 87.502 -166.1781
47.214645 87.519 -166.5183
47.556782 87.531 -166.9034
47.901398 87.535 -167.3070
48.248512 87.532 -167.7010
48.598141 87.523 -168.0663
48.950302 87.512 -168.3965
49.305016 87.500 -168.6935
49.662300 87.489 -168.9622
50.022175 87.480 -169.2081
50.384655 87.474 -169.4400
50.749763 87.471 -169.6722
51.117516 87.472 -169.9200
51.487934 87.472 -170.1908
51.861038 87.470 -170.4768
52.236843 87.465 -170.7594
52.615372 87.459 -171.0229
52.996643 87.455 -171.2698
53.380680 87.456 -171.5206
53.767498 87.460 -171.7987
54.157120 87.464 -172.1098
54.549564 87.465 -172.4374
54.944855 87.463 -172.7591
55.343006 87.462 -173.0708
55.744045 87.465 -173.3940
56.147991 87.470 -173.7559
56.554863 87.469 -174.1573
56.964684 87.458 -174.5603
57.377472 87.439 -174.9107
57.793251 87.420 -175.1819
58.212044 87.410 -175.4001
58.633873 87.412 -175.6265
59.058758 87.419 -175.9096
59.486721 87.422 -176.2487
59.917786 87.416 -176.6016
60.351974 87.405 -176.9238
60.789310 87.393 -177.2045
61.229816 87.386 -177.4665
61.673512 87.383 -177.7393
62.120422 87.380 -178.0341
62.570572 87.375 -178.3434
63.023983 87.367 -178.6562
63.480682 87.359 -178.9687
63.940689 87.348 -179.2785
64.404030 87.336 -179.5788
64.870728 87.322 -179.8613
65.340805 87.310 179.8726
65.814293 87.300 179.6104
66.291214 87.291 179.3390
66.771591 87.280 179.0551
67.255447 87.268 178.7642
67.742805 87.252 178.4731
68.233696 87.234 178.1885
68.728142 87.214 177.9195
69.226173 87.193 177.6717
69.727814 87.174 177.4357
70.233093 87.158 177.1913
70.742035 87.141 176.9310
71.254662 87.122 176.6762
71.771004 87.103 176.4526
72.291084 87.092 176.2479
72.814934 87.090 176.0098
73.342583 87.089 175.6997
73.874054 87.081 175.3409
74.409378 87.065 174.9957
74.948578 87.047 174.6979
75.491684 87.034 174.4237
76.038727 87.024 174.1310
76.589737 87.011 173.8102
77.144737 86.994 173.4889
77.703758 86.972 173.2001
78.266830 86.951 172.9569
78.833984 86.936 172.7474
79.405251 86.927 172.5380
79.980652 86.925 172.2877
80.560226 86.922 171.9801
81.143997 86.912 171.6415
81.732002 86.896 171.3124
82.324265 86.878 170.9996
82.920822 86.859 170.6749
83.521698 86.835 170.3273
84.126930 86.802 169.9890
84.736549 86.765 169.6976
85.350586 86.730 169.4523
85.969070 86.701 169.2235
86.592041 86.678 168.9800
87.219521 86.661 168.6924
87.851547 86.642 168.3472
88.488159 86.615 167.9808
89.129379 86.578 167.6677
89.775246 86.540 167.4501
90.425797 86.508 167.3046
91.081062 86.482 167.1832
91.741074 86.458 167.0554
92.405869 86.434 166.9020
93.075478 86.405 166.7042
93.749939 86.366 166.4633
94.429291 86.314 166.2318
95.113564 86.257 166.0897
95.802795 86.215 166.0401
96.497025 86.202 165.9514
97.196281 86.207 165.6827
97.900604 86.205 165.2470
98.610031 86.187 164.7794
99.324600 86.155 164.3897
100.044350 86.113 164.1162
100.769310 86.067 163.9659
101.499527 86.021 163.9162
102.235031 85.979 163.9047
102.975868 85.941 163.8668
103.722076 85.903 163.7660
104.473686 85.867 163.5904
105.230743 85.833 163.3537
105.993286 85.802 163.0944
106.761360 85.777 162.8571
107.534996 85.756 162.6861
108.314240 85.739 162.6267
109.099129 85.726 162.6901
109.889709 85.714 162.8148
110.686012 85.696 162.9053
111.488091 85.659 162.9116
112.295982 85.605 162.8273
113.109726 85.547 162.6116
113.929367 85.501 162.1847
114.754944 85.475 161.5554
115.586502 85.490 160.8477
116.424088 85.572 160.1425
117.267746 85.733 159.4258
118.117516 85.958 158.5181
118.973442 86.165 157.0884
119.835571 86.215 155.3835
120.703949 86.060 154.5489
121.578621 85.822 155.3966
122.459633 85.657 157.2581
123.347023 85.584 158.9100
124.240845 85.540 159.8737
125.141144 85.477 160.2745
126.047966 85.392 160.3491
126.961365 85.299 160.2536
127.881378 85.215 160.0546
128.808060 85.141 159.8246
129.741455 85.081 159.7016
130.681610 85.051 159.6799
131.628586 85.050 159.5308
132.582428 85.049 159.1509
133.543182 85.035 158.6548
134.510895 85.011 158.1333
135.485611 84.982 157.6337
136.467392 84.948 157.2575
137.456284 84.919 157.0904
138.452347 84.902 157.1138
139.455627 84.898 157.1767
140.466187 84.887 157.0788
141.484070 84.843 156.8641
142.509323 84.775 156.6990
143.542007 84.709 156.5289
144.582169 84.649 156.2722
145.629868 84.593 155.9694
146.685165 84.542 155.6829
147.748108 84.494 155.4424
148.818756 84.445 155.2630
149.897156 84.395 155.1786
150.983368 84.353 155.1766
152.077454 84.324 155.1631
153.179474 84.302 155.0899
154.289474 84.281 155.0012
155.407516 84.259 154.9298
156.533661 84.236 154.8865
157.667969 84.213 154.8370
158.810501 84.184 154.7111
159.961304 84.141 154.5136
161.120453 84.080 154.3010
162.287994 84.007 154.1464
163.464005 83.931 154.0713
164.648529 83.857 154.0204
165.841644 83.786 153.9627
167.043396 83.719 153.9185
168.253860 83.661 153.9125
169.473099 83.617 153.9619
170.701172 83.586 154.0699
171.938141 83.562 154.1983
173.184082 83.536 154.3456
174.439041 83.508 154.5108
175.703094 83.484 154.6547
176.976318 83.469 154.7733
178.258759 83.467 154.8864
179.550491 83.470 154.9807
180.851593 83.462 155.0450
182.162125 83.436 155.0671
183.482147 83.395 154.9756
184.811737 83.357 154.6812
186.150955 83.343 154.2642
187.499878 83.379 153.9755
188.858582 83.481 154.0053
190.227127 83.632 154.3028
191.605591 83.773 154.5406
192.994049 83.820 154.4361
194.392563 83.726 154.2100
195.801208 83.541 154.1611
197.220062 83.351 154.1709
198.649200 83.212 154.0624
200.088699 83.132 153.8400
201.538620 83.087 153.5791
202.999054 83.044 153.3677
204.470062 82.990 153.2386
205.951736 82.932 153.1149
207.444153 82.879 152.9500
208.947372 82.835 152.7770
210.461487 82.800 152.6468
211.986572 82.762 152.5657
213.522720 82.715 152.5010
215.069992 82.656 152.4272
216.628479 82.596 152.3566
218.198257 82.545 152.2988
219.779419 82.507 152.2330
221.372025 82.474 152.1769
222.976181 82.441 152.1440
224.591965 82.405 152.1145
226.219452 82.365 152.0693
227.858734 82.324 152.0124
229.509888 82.282 151.9590
231.173004 82.241 151.9121
232.848175 82.201 151.8678
234.535492 82.160 151.8339
236.235031 82.118 151.8229
237.946884 82.077 151.8247
239.671143 82.035 151.8111
241.407898 81.991 151.7822
243.157242 81.945 151.7522
244.919266 81.898 151.7198
246.694046 81.848 151.6826
248.481689 81.797 151.6513
250.282288 81.743 151.6399
252.095932 81.688 151.6669
253.922729 81.634 151.7470
255.762756 81.584 151.8729
257.616119 81.543 152.0093
259.482910 81.508 152.1111
261.363220 81.476 152.1559
263.257172 81.440 152.1563
265.164856 81.398 152.1440
267.086365 81.352 152.1467
269.021790 81.304 152.1736
270.971222 81.256 152.2180
272.934784 81.210 152.2758
274.912567 81.165 152.3424
276.904694 81.120 152.4115
278.911255 81.074 152.4862
280.932373 81.028 152.5796
282.968140 80.982 152.7019
285.018646 80.938 152.8542
287.084015 80.899 153.0143
289.164337 80.871 153.1251
291.259735 80.852 153.1283
293.370331 80.831 153.0456
295.496216 80.801 152.9595
297.637512 80.762 152.9184
299.794312 80.716 152.9416
301.966736 80.669 153.0292
304.154907 80.624 153.1557
306.358948 80.582 153.2745
308.578949 80.542 153.3507
310.815033 80.502 153.3862
313.067322 80.463 153.4056
315.335938 80.421 153.4319
317.621002 80.376 153.4836
319.922607 80.326 153.5656
322.240906 80.276 153.6724
324.575989 80.226 153.7976
326.928009 80.178 153.9316
329.297058 80.134 154.0661
331.683289 80.094 154.2039
334.086792 80.056 154.3467
336.507721 80.018 154.4794
338.946198 79.977 154.5890
341.402344 79.933 154.6790
343.876282 79.887 154.7628
346.368164 79.841 154.8553
348.878082 79.795 154.9648
351.406189 79.750 155.0891
353.952637 79.707 155.2228
356.517517 79.665 155.3622
359.100983 79.623 155.5064
361.703186 79.581 155.6550
364.324249 79.537 155.8046
366.964294 79.492 155.9513
369.623474 79.448 156.1006
372.301910 79.404 156.2606
374.999756 79.361 156.4302
377.717163 79.319 156.6013
380.454254 79.277 156.7707
383.211182 79.236 156.9568
385.988098 79.196 157.1720
388.785126 79.155 157.3888
391.602417 79.112 157.5847
394.440125 79.068 157.7653
397.298401 79.027 157.9446
400.177399 78.987 158.1319
403.077240 78.949 158.3283
405.998108 78.912 158.5302
408.940125 78.877 158.7291
411.903473 78.839 158.9170
414.888306 78.798 159.1002
417.894745 78.755 159.2881
420.922974 78.710 159.4918
423.973145 78.666 159.7259
427.045441 78.624 159.9938
430.139984 78.587 160.2784
433.256958 78.556 160.5493
436.396515 78.525 160.7946
439.558838 78.493 161.0313
442.744049 78.460 161.2782
445.952362 78.429 161.5403
449.183929 78.401 161.8036
452.438904 78.376 162.0359
455.717468 78.354 162.2089
459.019775 78.327 162.3313
462.346008 78.292 162.4512
465.696350 78.249 162.6105
469.070984 78.203 162.8158
472.470062 78.157 163.0627
475.893768 78.112 163.3505
479.342285 78.071 163.6573
482.815796 78.036 163.9330
486.314484 78.002 164.1460
489.838531 77.964 164.3289
493.388092 77.920 164.5510
496.963379 77.874 164.8473
500.564575 77.834 165.1891
504.191864 77.799 165.5307
507.845459 77.767 165.8488
511.525513 77.736 166.1434
515.232239 77.703 166.4235
518.965820 77.668 166.6964
522.726440 77.631 166.9727
526.514343 77.590 167.2703
530.329712 77.550 167.6042
534.172729 77.515 167.9621
538.043579 77.484 168.3125
541.942444 77.453 168.6428
545.869568 77.421 168.9753
549.825134 77.388 169.3332
553.809387 77.359 169.7072
557.822510 77.332 170.0734
561.864746 77.305 170.4233
565.936279 77.276 170.7665
570.037292 77.243 171.1183
574.168030 77.208 171.4952
578.328674 77.175 171.8894
582.519470 77.147 172.2595
586.740662 77.122 172.5947
590.992432 77.095 172.9328
595.275024 77.066 173.3091
599.588623 77.038 173.7224
603.933472 77.014 174.1487
608.309814 76.990 174.5706
612.717896 76.967 174.9762
617.157898 76.943 175.3636
621.630066 76.917 175.7499
626.134644 76.887 176.1738
630.671875 76.858 176.6610
635.242004 76.836 177.1774
639.845215 76.819 177.6707
644.481812 76.801 178.1418
649.151978 76.782 178.6248
653.856018 76.766 179.1391
658.594116 76.757 179.6746
663.366577 76.756 -179.8096
668.173584 76.758 -179.3577
673.015442 76.758 -178.9592
677.892395 76.752 -178.5715
682.804688 76.742 -178.1735
687.752563 76.731 -177.7696
692.736328 76.718 -177.3611
697.756165 76.702 -176.9280
702.812378 76.687 -176.4566
707.905273 76.674 -175.9592
713.035034 76.666 -175.4587
718.201965 76.659 -174.9697
723.406372 76.652 -174.4863
728.648499 76.646 -173.9964
733.928589 76.640 -173.4937
739.246948 76.634 -172.9809
744.603821 76.630 -172.4612
749.999512 76.627 -171.9335
755.434326 76.627 -171.3986
760.908508 76.627 -170.8594
766.422363 76.630 -170.3198
771.976196 76.634 -169.7744
777.570251 76.639 -169.2182
783.204834 76.646 -168.6606
788.880249 76.653 -168.1094
794.596802 76.660 -167.5532
800.354797 76.667 -166.9712
806.154480 76.680 -166.3550
811.996216 76.698 -165.7233
817.880249 76.723 -165.0923
823.806946 76.755 -164.4733
829.776611 76.794 -163.9026
835.789490 76.832 -163.4065
841.845947 76.865 -162.9491
847.946289 76.891 -162.4821
854.090881 76.917 -161.9942
860.279968 76.944 -161.5063
866.513916 76.969 -161.0254
872.793030 76.992 -160.5148
879.117676 77.020 -159.9669
885.488098 77.053 -159.4178
891.904724 77.088 -158.8905
898.367859 77.123 -158.3763
904.877808 77.156 -157.8531
911.434937 77.192 -157.3134
918.039551 77.232 -156.7720
924.692017 77.274 -156.2275
931.392700 77.320 -155.6814
938.141968 77.369 -155.1537
944.940125 77.420 -154.6527
951.787537 77.472 -154.1646
958.684570 77.523 -153.6841
965.631592 77.573 -153.2172
972.628967 77.623 -152.7474
979.677063 77.676 -152.2670
986.776184 77.732 -151.7944
993.926758 77.787 -151.3432
1001.129150 77.839 -150.8936
1008.383728 77.892 -150.4103
1015.690918 77.948 -149.9039
1023.051025 78.009 -149.3931
1030.464478 78.075 -148.8682
1037.931641 78.151 -148.3481
1045.452881 78.236 -147.8937
1053.028687 78.321 -147.5274
1060.659424 78.403 -147.2195
1068.345459 78.478 -146.9401
1076.087158 78.548 -146.6553
1083.884888 78.617 -146.3462
1091.739136 78.686 -146.0324
1099.650269 78.756 -145.7337
1107.618774 78.825 -145.4488
1115.645020 78.892 -145.1724
1123.729492 78.959 -144.8988
1131.872559 79.025 -144.6233
1140.074585 79.091 -144.3441
1148.336060 79.157 -144.0636
1156.657349 79.222 -143.7863
1165.038940 79.287 -143.5155
1173.481323 79.350 -143.2364
1181.984863 79.415 -142.9263
1190.550049 79.484 -142.5882
1199.177246 79.563 -142.2513
1207.866943 79.648 -141.9651
1216.619629 79.733 -141.7583
1225.435791 79.812 -141.5964
1234.315796 79.885 -141.4473
1243.260132 79.954 -141.3035
1252.269287 80.018 -141.1431
1261.343750 80.083 -140.9631
1270.484009 80.149 -140.7835
1279.690430 80.212 -140.6016
1288.963623 80.274 -140.3999
1298.303955 80.336 -140.1821
1307.712036 80.399 -139.9596
1317.188232 80.466 -139.7494
1326.733154 80.534 -139.5598
1336.347168 80.600 -139.3823
1346.030884 80.663 -139.2041
1355.784790 80.725 -139.0130
1365.609375 80.787 -138.8181
1375.505127 80.845 -138.6195
1385.472656 80.902 -138.3864
1395.512329 80.959 -138.1047
1405.624756 81.022 -137.7736
1415.810547 81.097 -137.4157
1426.070068 81.181 -137.0991
1436.403931 81.270 -136.8539
1446.812744 81.356 -136.6595
1457.296997 81.439 -136.4788
1467.857178 81.519 -136.2936
1478.493896 81.599 -136.1095
1489.207642 81.679 -135.9300
1499.999023 81.757 -135.7530
1510.868652 81.835 -135.5718
1521.817017 81.914 -135.3816
1532.844727 81.993 -135.1821
1543.952393 82.072 -134.9725
1555.140503 82.151 -134.7346
1566.409668 82.235 -134.4527
1577.760498 82.330 -134.1540
1589.193604 82.437 -133.9019
1600.709595 82.547 -133.7281
1612.308960 82.656 -133.6123
1623.992432 82.760 -133.5268
1635.760498 82.862 -133.4459
1647.613892 82.962 -133.3722
1659.553223 83.060 -133.3047
1671.578979 83.157 -133.2289
1683.691895 83.257 -133.1443
1695.892578 83.359 -133.0675
1708.181763 83.463 -133.0146
1720.559937 83.566 -132.9849
1733.027832 83.669 -132.9686
1745.586060 83.769 -132.9637
1758.235352 83.865 -132.9561
1770.976196 83.959 -132.9093
1783.809448 84.057 -132.8064
1796.735718 84.166 -132.6744
1809.755615 84.287 -132.5816
1822.869873 84.413 -132.5608
1836.079102 84.539 -132.5956
1849.384033 84.664 -132.6644
1862.785400 84.787 -132.7637
1876.283936 84.909 -132.8909
1889.880249 85.029 -133.0391
1903.575073 85.147 -133.2014
1917.369141 85.262 -133.3723
1931.263184 85.375 -133.5343
1945.257935 85.490 -133.6618
1959.354126 85.615 -133.7742
1973.552368 85.749 -133.9359
1987.853516 85.887 -134.1795
2002.258301 86.022 -134.4981
2016.767456 86.152 -134.8677
2031.381836 86.277 -135.2753
2046.102051 86.396 -135.7031
2060.928955 86.512 -136.1354
2075.863281 86.625 -136.5761
2090.905762 86.736 -137.0395
2106.057373 86.843 -137.5283
2121.318848 86.945 -138.0354
2136.690918 87.039 -138.5402
2152.174316 87.128 -138.9975
2167.769775 87.220 -139.3834
2183.478271 87.323 -139.7421
2199.300537 87.437 -140.1472
2215.237549 87.558 -140.6315
2231.290039 87.679 -141.1971
2247.458984 87.796 -141.8439
2263.745117 87.906 -142.5652
2280.149170 88.005 -143.3416
2296.672119 88.090 -144.1440
2313.314697 88.163 -144.9282
2330.077881 88.229 -145.6520
2346.962646 88.295 -146.3315
2363.969727 88.365 -147.0143
2381.100098 88.433 -147.7206
2398.354492 88.499 -148.4436
2415.733887 88.562 -149.1757
2433.239258 88.621 -149.9060
2450.871582 88.681 -150.6363
2468.631592 88.741 -151.3924
2486.520264 88.799 -152.1996
2504.538574 88.849 -153.0639
2522.687500 88.886 -153.9569
2540.968018 88.910 -154.8183
2559.380859 88.927 -155.6186
2577.927246 88.944 -156.3891
2596.607910 88.959 -157.1581
2615.424072 88.970 -157.9282
2634.376465 88.976 -158.6961
2653.466309 88.974 -159.4538
2672.694336 88.963 -160.1849
2692.061768 88.942 -160.8560
2711.569580 88.917 -161.4257
2731.218750 88.898 -161.9043
2751.010254 88.886 -162.3409
2770.945312 88.881 -162.7681
2791.024658 88.881 -163.1960
2811.249512 88.882 -163.6184
2831.621094 88.886 -164.0271
2852.140137 88.895 -164.4351
2872.807861 88.907 -164.8664
2893.625488 88.916 -165.3284
2914.593994 88.918 -165.7825
2935.714355 88.918 -166.1759
2956.987793 88.922 -166.5120
2978.415283 88.934 -166.8244
2999.998047 88.953 -167.1385
3021.737305 88.977 -167.4723
3043.634033 89.004 -167.8333
3065.689453 89.031 -168.2065
3087.904785 89.057 -168.5490
3110.281006 89.090 -168.8447
3132.819336 89.136 -169.1327
3155.520996 89.194 -169.4605
3178.387207 89.261 -169.8556
3201.419189 89.333 -170.3197
3224.617920 89.409 -170.8523
3247.984863 89.487 -171.4713
3271.520996 89.563 -172.1950
3295.227783 89.630 -172.9993
3319.106445 89.688 -173.8256
3343.157959 89.740 -174.6526
3367.383789 89.791 -175.4933
3391.785156 89.841 -176.3650
3416.363525 89.888 -177.2799
3441.119873 89.929 -178.2313
3466.055664 89.961 -179.1755
3491.172119 89.993 179.9303
3516.470703 90.034 179.0674
3541.952393 90.088 178.1777
3567.618896 90.155 177.2043
3593.471436 90.232 176.1127
3619.511230 90.315 174.8682
3645.739746 90.397 173.4265
3672.158203 90.467 171.7750
3698.768066 90.514 169.9656
3725.570801 90.538 168.0496
3752.567871 90.541 166.0427
3779.760498 90.521 163.9400
3807.150146 90.474 161.7354
3834.738281 90.392 159.4521
3862.526367 90.270 157.1658
3890.515869 90.111 154.9479
3918.708252 89.923 152.8253
3947.104736 89.710 150.8008
3975.707031 89.474 148.8828
4004.516602 89.220 147.0746
4033.534912 88.950 145.3521
4062.763672 88.658 143.7100
4092.204102 88.343 142.1994
4121.857910 88.009 140.8660
4151.726562 87.663 139.7156
4181.811523 87.312 138.7167
4212.114746 86.955 137.8351
4242.637695 86.587 137.0912
4273.381836 86.210 136.5343
4304.348633 85.830 136.1794
4335.539551 85.455 136.0074
4366.956543 85.088 135.9991
4398.601074 84.734 136.1178
4430.475098 84.393 136.3004
4462.580078 84.055 136.5317
4494.917969 83.718 136.8521
4527.490234 83.385 137.2893
4560.298340 83.061 137.8249
4593.344238 82.745 138.4115
4626.629395 82.431 139.0454
4660.155762 82.116 139.7731
4693.925293 81.804 140.6288
4727.939453 81.500 141.6167
4762.200195 81.209 142.7274
4796.708984 80.938 143.9133
4831.467773 80.682 145.1115
4866.478516 80.436 146.3225
4901.743164 80.198 147.5795
4937.263184 79.970 148.8849
4973.040527 79.755 150.1945
5009.077148 79.545 151.4847
5045.375000 79.335 152.7911
5081.936035 79.124 154.1567
5118.761719 78.916 155.6106
5155.854492 78.718 157.1694
5193.215820 78.535 158.7940
5230.848145 78.366 160.4323
5268.752930 78.205 162.0869
5306.932617 78.055 163.7826
5345.388672 77.917 165.5034
5384.123535 77.790 167.1997
5423.139160 77.668 168.8691
5462.437500 77.547 170.5523
5502.020508 77.426 172.2900
5541.890625 77.310 174.1132
5582.049316 77.207 176.0036
5622.499023 77.116 177.9192
5663.242188 77.037 179.8604
5704.280273 76.970 -178.1523
5745.615723 76.918 -176.1438
5787.250977 76.879 -174.1631
5829.187988 76.847 -172.2120
5871.428711 76.819 -170.2576
5913.975586 76.793 -168.2571
5956.830566 76.777 -166.1913
5999.996094 76.774 -164.0881
6043.474609 76.783 -161.9637
6087.268066 76.804 -159.8026
6131.378906 76.843 -157.6138
6175.809570 76.900 -155.4372
6220.562012 76.970 -153.2922
6265.638672 77.048 -151.1659
6311.041992 77.134 -149.0197
6356.774414 77.232 -146.8325
6402.838379 77.345 -144.6187
6449.235840 77.474 -142.3813
6495.969727 77.622 -140.1159
6543.041992 77.794 -137.8544
6590.455566 77.986 -135.6327
6638.212891 78.196 -133.4579
6686.315918 78.420 -131.3045
6734.767578 78.663 -129.1475
6783.570312 78.926 -126.9942
6832.727051 79.212 -124.8466
6882.239746 79.526 -122.7010
6932.111328 79.874 -120.5914
6982.344238 80.255 -118.5714
7032.941406 80.666 -116.6728
7083.904785 81.106 -114.8884
7135.237793 81.578 -113.2154
7186.942871 82.085 -111.6737
7239.022461 82.632 -110.2739
7291.479492 83.223 -109.0494
7344.316406 83.864 -108.0881
7397.536133 84.550 -107.4896
7451.141602 85.275 -107.3266
7505.135742 86.035 -107.6542
7559.520996 86.821 -108.5543
7614.300293 87.620 -110.1048
7669.476562 88.420 -112.3703
7725.052734 89.198 -115.4337
7781.031738 89.924 -119.3565
7837.416504 90.556 -124.1120
7894.209473 91.059 -129.5556
7951.414062 91.404 -135.4643
8009.033203 91.578 -141.5435
8067.069824 91.585 -147.4666
8125.527344 91.449 -152.9710
8184.408203 91.202 -157.8932
8243.715820 90.872 -162.1396
8303.453125 90.491 -165.6644
8363.623047 90.085 -168.4818
8424.229492 89.678 -170.6151
8485.275391 89.292 -172.0995
8546.763672 88.953 -173.0331
8608.697266 88.675 -173.5636
8671.079102 88.466 -173.8243
8733.913086 88.328 -173.9435
8797.202148 88.261 -174.0293
8860.950195 88.262 -174.1484
8925.160156 88.339 -174.3958
8989.835938 88.490 -174.9309
9054.980469 88.708 -175.9229
9120.596680 88.975 -177.5321
9186.688477 89.261 -179.8879
9253.258789 89.533 176.9589
9320.311523 89.758 173.0132
9387.850586 89.897 168.3287
9455.878906 89.917 163.0523
9524.400391 89.790 157.4116
9593.417969 89.500 151.6812
9662.935547 89.051 146.1581
9732.957031 88.460 141.0873
9803.486328 87.755 136.6182
9874.526367 86.960 132.8401
9946.081055 86.101 129.7898
10018.154297 85.193 127.4990
10090.750000 84.258 126.0203
10163.872070 83.319 125.3662
10237.523438 82.405 125.4791
10311.708984 81.538 126.2332
10386.431641 80.730 127.4659
10461.696289 79.981 129.0751
10537.505859 79.291 131.0121
10613.865234 78.662 133.2238
10690.777344 78.099 135.6291
10768.247070 77.599 138.1128
10846.278320 77.151 140.6142
10924.875000 76.747 143.1443
11004.041016 76.385 145.7233
11083.781250 76.067 148.3387
11164.098633 75.795 150.9237
11244.998047 75.561 153.4462
11326.484375 75.358 155.9385
11408.560547 75.189 158.4517
11491.231445 75.062 160.9992
11574.501953 74.985 163.5158
11658.375977 74.962 165.9444
11742.857422 74.994 168.2652
11827.951172 75.090 170.4550
11913.661133 75.264 172.4124
11999.992188 75.518 173.9415
12086.949219 75.847 174.8454
12174.536133 76.233 174.9538
12262.757812 76.657 174.1023
12351.619141 77.082 172.1043
12441.124023 77.450 168.8415
12531.277344 77.690 164.3696
12622.083984 77.737 158.9714
12713.548828 77.550 153.1093
12805.676758 77.114 147.3092
12898.471680 76.445 142.0777
12991.939453 75.581 137.8273
13086.083984 74.583 134.8254
13180.911133 73.523 133.1219
13276.425781 72.462 132.5647
13372.631836 71.443 132.8966
13469.535156 70.486 133.8743
13567.140625 69.597 135.2747
13665.454102 68.768 136.8914
13764.479492 67.977 138.6023
13864.222656 67.197 140.4512
13964.688477 66.416 142.5746
14065.882812 65.638 145.0703
14167.809570 64.873 147.9703
14270.475586 64.132 151.3062
14373.885742 63.430 155.0801
14478.044922 62.784 159.2247
14582.958984 62.198 163.6281
14688.632812 61.669 168.2342
14795.072266 61.199 173.0213
14902.283203 60.792 177.9206
15010.271484 60.443 -177.1333
15119.041992 60.153 -172.1382
15228.600586 59.926 -167.0871
15338.953125 59.770 -161.9951
15450.105469 59.685 -156.8732
15562.063477 59.674 -151.7420
15674.833008 59.749 -146.6449
15788.418945 59.923 -141.6615
15902.828125 60.216 -136.8924
16018.066406 60.645 -132.4722
16134.139648 61.223 -128.7006
16251.054688 61.930 -126.1032
16368.816406 62.691 -125.2185
16487.431641 63.375 -126.2173
16606.906250 63.860 -128.4868
16727.246094 64.166 -130.6101
16848.458984 64.528 -131.9026
16970.550781 65.094 -133.9467
17093.527344 65.674 -138.4944
17217.394531 65.977 -145.4155
17342.158203 65.846 -153.3549
17467.826172 65.275 -160.8250
17594.404297 64.362 -166.7434
17721.900391 63.253 -170.5881
17850.320312 62.105 -172.4037
17979.671875 61.048 -172.6633
18109.960938 60.159 -172.0218
18241.193359 59.473 -171.1851
18373.376953 58.973 -170.8554
18506.517578 58.604 -171.5802
18640.623047 58.280 -173.6854
18775.701172 57.893 -177.2456
18911.757812 57.326 178.0188
19048.800781 56.485 172.7288
19186.835938 55.325 167.6843
19325.871094 53.850 163.6842
19465.914062 52.117 161.3697
19606.972656 50.224 161.1040
19749.052734 48.314 162.8980
19892.162109 46.640 166.1887
20036.308594 45.631 169.2392
