* Measurement data measured by REW V5.31
* Source: EXCL: Microphone (USB Sound Device        ), MICROPHONE (Master Volume), L, volume: 0.390
* Format: 256k Log Swept Sine, 1 sweep at -10.0 dBFS with no timing reference
* Dated: Oct 7, 2024 11:38:41 PM
* REW Settings:
*  C-weighting compensation: Off
*  Target level: 75.0 dB
* Note: INAWAKEN DAWN Ms R
* Measurement: R INAWAKEN DAWN Ms
* Smoothing: 1/12 octave
* Frequency Step: 96 ppo
* Start Frequency: 0.36621094 Hz
*
* Freq(Hz)	SPL(dB)	Phase(degrees)
0.366211	90.210	-58.5999
0.368865	90.213	-58.6620
0.371538	90.219	-58.7550
0.374230	90.225	-58.8717
0.376942	90.232	-59.0059
0.379673	90.240	-59.1531
0.382424	90.248	-59.3104
0.385196	90.257	-59.4759
0.387987	90.265	-59.6486
0.390798	90.274	-59.8279
0.393630	90.282	-60.0136
0.396483	90.291	-60.2054
0.399356	90.300	-60.4034
0.402250	90.309	-60.6076
0.405165	90.318	-60.8178
0.408101	90.327	-61.0343
0.411058	90.336	-61.2569
0.414037	90.345	-61.4857
0.417037	90.354	-61.7208
0.420059	90.364	-61.9621
0.423103	90.373	-62.2098
0.426169	90.383	-62.4637
0.429257	90.392	-62.7239
0.432368	90.402	-62.9905
0.435501	90.411	-63.2634
0.438656	90.421	-63.5426
0.441835	90.431	-63.8281
0.445037	90.441	-64.1200
0.448262	90.451	-64.4182
0.451510	90.461	-64.7227
0.454782	90.471	-65.0335
0.458077	90.481	-65.3505
0.461397	90.491	-65.6739
0.464740	90.501	-66.0034
0.468108	90.512	-66.3391
0.471500	90.522	-66.6809
0.474917	90.533	-67.0289
0.478358	90.543	-67.3829
0.481825	90.554	-67.7429
0.485316	90.565	-68.1088
0.488833	90.576	-68.4806
0.492375	90.586	-68.8582
0.495943	90.597	-69.2416
0.499537	90.608	-69.6306
0.503157	90.620	-70.0251
0.506803	90.631	-70.4251
0.510475	90.642	-70.8305
0.514175	90.654	-71.2412
0.517900	90.665	-71.6570
0.521653	90.677	-72.0779
0.525434	90.688	-72.5037
0.529241	90.700	-72.9343
0.533076	90.712	-73.3696
0.536939	90.724	-73.8095
0.540830	90.736	-74.2537
0.544749	90.748	-74.7022
0.548696	90.760	-75.1548
0.552673	90.772	-75.6113
0.556677	90.784	-76.0717
0.560711	90.797	-76.5356
0.564774	90.809	-77.0030
0.568867	90.822	-77.4738
0.572989	90.835	-77.9476
0.577141	90.847	-78.4243
0.581324	90.860	-78.9039
0.585536	90.873	-79.3859
0.589779	90.886	-79.8704
0.594053	90.899	-80.3570
0.598358	90.913	-80.8457
0.602694	90.926	-81.3361
0.607061	90.940	-81.8282
0.611460	90.953	-82.3216
0.615891	90.967	-82.8163
0.620354	90.980	-83.3120
0.624849	90.994	-83.8085
0.629377	91.008	-84.3056
0.633938	91.022	-84.8031
0.638532	91.036	-85.3009
0.643159	91.051	-85.7987
0.647819	91.065	-86.2963
0.652514	91.079	-86.7935
0.657242	91.094	-87.2902
0.662005	91.109	-87.7862
0.666802	91.123	-88.2812
0.671634	91.138	-88.7752
0.676501	91.153	-89.2678
0.681403	91.168	-89.7590
0.686341	91.184	-90.2486
0.691314	91.199	-90.7364
0.696324	91.214	-91.2223
0.701370	91.229	-91.7063
0.706452	91.245	-92.1884
0.711571	91.260	-92.6686
0.716728	91.275	-93.1474
0.721921	91.289	-93.6253
0.727153	91.302	-94.1034
0.732422	91.313	-94.5831
0.737729	91.324	-95.0661
0.743075	91.333	-95.5540
0.748460	91.340	-96.0484
0.753883	91.347	-96.5501
0.759346	91.354	-97.0599
0.764849	91.360	-97.5780
0.770391	91.366	-98.1047
0.775974	91.372	-98.6398
0.781597	91.377	-99.1834
0.787261	91.382	-99.7354
0.792966	91.387	-100.2955
0.798712	91.392	-100.8637
0.804500	91.397	-101.4396
0.810329	91.402	-102.0232
0.816201	91.406	-102.6141
0.822116	91.410	-103.2122
0.828073	91.414	-103.8172
0.834074	91.417	-104.4288
0.840118	91.420	-105.0467
0.846206	91.423	-105.6707
0.852338	91.426	-106.3005
0.858514	91.428	-106.9357
0.864735	91.430	-107.5760
0.871001	91.431	-108.2211
0.877313	91.432	-108.8706
0.883670	91.432	-109.5242
0.890074	91.432	-110.1814
0.896524	91.431	-110.8420
0.903020	91.430	-111.5054
0.909564	91.428	-112.1713
0.916155	91.426	-112.8393
0.922794	91.423	-113.5089
0.929481	91.419	-114.1797
0.936216	91.414	-114.8513
0.943000	91.409	-115.5233
0.949834	91.403	-116.1951
0.956717	91.396	-116.8664
0.963649	91.389	-117.5366
0.970632	91.380	-118.2053
0.977666	91.370	-118.8720
0.984750	91.360	-119.5363
0.991886	91.348	-120.1977
0.999074	91.336	-120.8557
1.006314	91.322	-121.5097
1.013606	91.307	-122.1594
1.020951	91.291	-122.8043
1.028349	91.273	-123.4439
1.035801	91.255	-124.0776
1.043307	91.234	-124.7052
1.050867	91.213	-125.3262
1.058482	91.190	-125.9404
1.066152	91.166	-126.5476
1.073878	91.140	-127.1481
1.081660	91.113	-127.7425
1.089498	91.084	-128.3321
1.097393	91.055	-128.9188
1.105345	91.024	-129.5053
1.113355	90.993	-130.0944
1.121423	90.962	-130.6887
1.129549	90.930	-131.2901
1.137734	90.899	-131.9003
1.145979	90.866	-132.5202
1.154283	90.834	-133.1507
1.162647	90.801	-133.7924
1.171072	90.767	-134.4457
1.179558	90.733	-135.1109
1.188106	90.698	-135.7883
1.196715	90.662	-136.4781
1.205387	90.624	-137.1806
1.214122	90.585	-137.8959
1.222920	90.545	-138.6241
1.231782	90.503	-139.3652
1.240708	90.459	-140.1193
1.249699	90.412	-140.8862
1.258754	90.364	-141.6658
1.267876	90.312	-142.4579
1.277063	90.258	-143.2622
1.286318	90.201	-144.0782
1.295639	90.141	-144.9054
1.305027	90.076	-145.7433
1.314484	90.009	-146.5909
1.324009	89.936	-147.4475
1.333604	89.860	-148.3119
1.343268	89.779	-149.1830
1.353002	89.693	-150.0592
1.362806	89.601	-150.9390
1.372681	89.504	-151.8206
1.382628	89.401	-152.7019
1.392647	89.292	-153.5809
1.402739	89.176	-154.4553
1.412904	89.053	-155.3228
1.423142	88.921	-156.1811
1.433455	88.782	-157.0287
1.443843	88.633	-157.8647
1.454305	88.474	-158.6897
1.464844	88.302	-159.5059
1.475459	88.118	-160.3173
1.486150	87.918	-161.1285
1.496920	87.703	-161.9444
1.507767	87.471	-162.7689
1.518693	87.223	-163.6052
1.529698	86.959	-164.4561
1.540783	86.680	-165.3236
1.551948	86.387	-166.2097
1.563194	86.080	-167.1160
1.574521	85.762	-168.0441
1.585931	85.433	-168.9958
1.597423	85.094	-169.9725
1.608999	84.748	-170.9761
1.620658	84.395	-172.0081
1.632402	84.037	-173.0705
1.644232	83.677	-174.1649
1.656146	83.316	-175.2933
1.668147	82.956	-176.4576
1.680235	82.598	-177.6598
1.692411	82.246	-178.9019
1.704675	81.902	179.8141
1.717028	81.567	178.4860
1.729470	81.245	177.1115
1.742003	80.938	175.6884
1.754626	80.649	174.2141
1.767341	80.381	172.6851
1.780147	80.136	171.0970
1.793047	79.918	169.4430
1.806040	79.728	167.7119
1.819128	79.567	165.8854
1.832310	79.437	163.9339
1.845587	79.338	161.8121
1.858961	79.267	159.4538
1.872432	79.224	156.7651
1.886001	79.208	153.6115
1.899667	79.216	149.7943
1.913433	79.249	145.0091
1.927299	79.304	138.7775
1.941265	79.381	130.3456
1.955332	79.479	118.6157
1.969501	79.596	102.4766
1.983773	79.732	82.3423
1.998148	79.885	61.7800
2.012627	80.054	44.7893
2.027212	80.237	32.3106
2.041902	80.434	23.3516
2.056698	80.643	16.7639
2.071602	80.862	11.7329
2.086614	81.091	7.7389
2.101734	81.327	4.4534
2.116964	81.571	1.6639
2.132304	81.820	-0.7714
2.147756	82.076	-2.9508
2.163320	82.338	-4.9448
2.178996	82.607	-6.8055
2.194786	82.887	-8.5715
2.210690	83.179	-10.2706
2.226710	83.487	-11.9213
2.242845	83.812	-13.5337
2.259098	84.155	-15.1123
2.275468	84.516	-16.6581
2.291957	84.892	-18.1702
2.308566	85.282	-19.6474
2.325295	85.683	-21.0886
2.342145	86.093	-22.4931
2.359117	86.510	-23.8606
2.376212	86.931	-25.1914
2.393431	87.352	-26.4862
2.410775	87.772	-27.7462
2.428244	88.186	-28.9728
2.445840	88.592	-30.1682
2.463564	88.988	-31.3347
2.481416	89.370	-32.4753
2.499397	89.737	-33.5940
2.517509	90.085	-34.6956
2.535752	90.415	-35.7861
2.554127	90.725	-36.8728
2.572635	91.016	-37.9633
2.591277	91.290	-39.0645
2.610055	91.546	-40.1806
2.628968	91.788	-41.3129
2.648019	92.015	-42.4602
2.667208	92.230	-43.6192
2.686535	92.433	-44.7858
2.706003	92.625	-45.9554
2.725612	92.807	-47.1233
2.745363	92.980	-48.2850
2.765257	93.145	-49.4363
2.785295	93.303	-50.5734
2.805478	93.456	-51.6932
2.825808	93.604	-52.7933
2.846285	93.748	-53.8722
2.866910	93.889	-54.9296
2.887685	94.028	-55.9672
2.908611	94.164	-56.9883
2.929688	94.297	-57.9987
2.950917	94.426	-59.0049
2.972301	94.550	-60.0134
2.993839	94.670	-61.0283
3.015534	94.783	-62.0515
3.037386	94.891	-63.0825
3.059396	94.993	-64.1191
3.081565	95.089	-65.1583
3.103896	95.180	-66.1962
3.126388	95.266	-67.2284
3.149043	95.347	-68.2507
3.171862	95.423	-69.2589
3.194847	95.496	-70.2490
3.217998	95.565	-71.2181
3.241317	95.631	-72.1646
3.264805	95.693	-73.0882
3.288463	95.751	-73.9912
3.312293	95.806	-74.8776
3.336295	95.856	-75.7524
3.360471	95.901	-76.6198
3.384822	95.942	-77.4822
3.409350	95.977	-78.3402
3.434056	96.009	-79.1929
3.458940	96.035	-80.0378
3.484005	96.059	-80.8721
3.509252	96.078	-81.6916
3.534681	96.094	-82.4922
3.560295	96.108	-83.2695
3.586094	96.119	-84.0195
3.612081	96.128	-84.7386
3.638255	96.135	-85.4247
3.664620	96.139	-86.0771
3.691175	96.141	-86.6968
3.717923	96.139	-87.2856
3.744864	96.134	-87.8458
3.772001	96.126	-88.3790
3.799335	96.116	-88.8867
3.826866	96.103	-89.3694
3.854597	96.089	-89.8274
3.882529	96.075	-90.2603
3.910664	96.061	-90.6671
3.939002	96.047	-91.0466
3.967546	96.035	-91.3970
3.996296	96.025	-91.7161
4.025255	96.016	-92.0014
4.054423	96.010	-92.2510
4.083804	96.005	-92.4636
4.113396	96.001	-92.6398
4.143204	95.999	-92.7817
4.173227	95.999	-92.8928
4.203468	96.002	-92.9774
4.233928	96.007	-93.0407
4.264609	96.016	-93.0876
4.295512	96.030	-93.1229
4.326639	96.048	-93.1501
4.357992	96.071	-93.1714
4.389572	96.101	-93.1873
4.421380	96.136	-93.1967
4.453419	96.177	-93.1987
4.485691	96.225	-93.1937
4.518196	96.277	-93.1841
4.550936	96.335	-93.1744
4.583914	96.397	-93.1704
4.617131	96.464	-93.1784
4.650589	96.533	-93.2048
4.684289	96.607	-93.2554
4.718233	96.683	-93.3344
4.752424	96.762	-93.4438
4.786862	96.844	-93.5844
4.821549	96.930	-93.7547
4.856488	97.019	-93.9536
4.891680	97.110	-94.1801
4.927127	97.203	-94.4337
4.962831	97.298	-94.7151
4.998794	97.392	-95.0250
5.035017	97.486	-95.3649
5.071503	97.578	-95.7358
5.108253	97.669	-96.1395
5.145270	97.758	-96.5765
5.182555	97.844	-97.0469
5.220110	97.928	-97.5489
5.257937	98.011	-98.0798
5.296038	98.090	-98.6359
5.334415	98.167	-99.2133
5.373071	98.241	-99.8082
5.412006	98.310	-100.4178
5.451224	98.376	-101.0407
5.490725	98.438	-101.6763
5.530514	98.494	-102.3253
5.570590	98.547	-102.9877
5.610957	98.594	-103.6624
5.651616	98.638	-104.3463
5.692570	98.677	-105.0352
5.733821	98.712	-105.7242
5.775370	98.743	-106.4088
5.817221	98.770	-107.0853
5.859375	98.793	-107.7518
5.901834	98.811	-108.4081
5.944602	98.826	-109.0541
5.987679	98.837	-109.6895
6.031068	98.844	-110.3127
6.074771	98.849	-110.9214
6.118792	98.851	-111.5126
6.163131	98.852	-112.0828
6.207792	98.851	-112.6296
6.252776	98.848	-113.1513
6.298086	98.845	-113.6477
6.343725	98.841	-114.1195
6.389694	98.836	-114.5678
6.435996	98.832	-114.9941
6.482634	98.828	-115.3995
6.529610	98.827	-115.7847
6.576926	98.827	-116.1499
6.624585	98.830	-116.4955
6.672590	98.836	-116.8221
6.720942	98.845	-117.1319
6.769645	98.856	-117.4283
6.818700	98.871	-117.7156
6.868111	98.889	-117.9983
6.917881	98.911	-118.2802
6.968010	98.936	-118.5640
7.018504	98.965	-118.8514
7.069362	98.998	-119.1440
7.120590	99.035	-119.4442
7.172189	99.074	-119.7548
7.224161	99.115	-120.0793
7.276511	99.158	-120.4209
7.329239	99.203	-120.7817
7.382350	99.249	-121.1630
7.435845	99.297	-121.5645
7.489729	99.344	-121.9858
7.544002	99.392	-122.4263
7.598669	99.439	-122.8851
7.653732	99.485	-123.3618
7.709194	99.529	-123.8560
7.765058	99.571	-124.3668
7.821327	99.611	-124.8924
7.878004	99.649	-125.4300
7.935091	99.684	-125.9763
7.992592	99.716	-126.5281
8.050510	99.746	-127.0826
8.108847	99.772	-127.6381
8.167607	99.795	-128.1926
8.226793	99.816	-128.7438
8.286408	99.833	-129.2888
8.346454	99.849	-129.8247
8.406936	99.862	-130.3486
8.467856	99.873	-130.8588
8.529218	99.883	-131.3540
8.591024	99.891	-131.8339
8.653278	99.899	-132.2977
8.715983	99.906	-132.7451
8.779143	99.913	-133.1755
8.842760	99.921	-133.5892
8.906839	99.929	-133.9868
8.971381	99.938	-134.3698
9.036392	99.949	-134.7403
9.101873	99.961	-135.1004
9.167829	99.974	-135.4521
9.234263	99.990	-135.7971
9.301178	100.007	-136.1373
9.368578	100.026	-136.4752
9.436467	100.047	-136.8130
9.504847	100.068	-137.1531
9.573723	100.091	-137.4973
9.643099	100.114	-137.8464
9.712976	100.137	-138.2015
9.783361	100.158	-138.5630
9.854255	100.178	-138.9313
9.925663	100.195	-139.3064
9.997588	100.209	-139.6880
10.070035	100.220	-140.0753
10.143007	100.227	-140.4667
10.216507	100.232	-140.8610
10.290540	100.234	-141.2567
10.365109	100.233	-141.6525
10.440219	100.229	-142.0471
10.515873	100.223	-142.4387
10.592076	100.216	-142.8260
10.668830	100.207	-143.2076
10.746141	100.196	-143.5830
10.824012	100.185	-143.9515
10.902447	100.173	-144.3129
10.981451	100.160	-144.6672
11.061027	100.147	-145.0144
11.141180	100.133	-145.3552
11.221913	100.120	-145.6903
11.303232	100.106	-146.0209
11.385140	100.093	-146.3480
11.467641	100.079	-146.6724
11.550741	100.066	-146.9953
11.634442	100.053	-147.3176
11.718750	100.040	-147.6400
11.803669	100.027	-147.9634
11.889203	100.014	-148.2878
11.975357	100.001	-148.6134
12.062136	99.988	-148.9402
12.149543	99.975	-149.2678
12.237583	99.961	-149.5959
12.326262	99.946	-149.9240
12.415583	99.931	-150.2513
12.505552	99.915	-150.5776
12.596172	99.898	-150.9023
12.687449	99.881	-151.2253
12.779387	99.863	-151.5465
12.871992	99.845	-151.8661
12.965268	99.827	-152.1846
13.059220	99.809	-152.5024
13.153852	99.792	-152.8206
13.249170	99.774	-153.1400
13.345179	99.757	-153.4615
13.441884	99.741	-153.7861
13.539289	99.725	-154.1145
13.637401	99.709	-154.4473
13.736223	99.693	-154.7849
13.835761	99.676	-155.1271
13.936021	99.660	-155.4738
14.037007	99.642	-155.8243
14.138725	99.624	-156.1779
14.241180	99.605	-156.5333
14.344377	99.585	-156.8895
14.448323	99.564	-157.2454
14.553021	99.543	-157.6000
14.658478	99.521	-157.9524
14.764700	99.499	-158.3022
14.871691	99.478	-158.6493
14.979457	99.457	-158.9940
15.088005	99.436	-159.3367
15.197339	99.417	-159.6785
15.307465	99.398	-160.0204
15.418389	99.381	-160.3638
15.530117	99.364	-160.7098
15.642655	99.348	-161.0595
15.756008	99.333	-161.4136
15.870182	99.318	-161.7724
15.985184	99.303	-162.1359
16.101019	99.288	-162.5035
16.217694	99.273	-162.8743
16.335214	99.257	-163.2469
16.453586	99.241	-163.6199
16.572815	99.225	-163.9918
16.692909	99.209	-164.3610
16.813872	99.193	-164.7263
16.935713	99.177	-165.0868
17.058436	99.161	-165.4421
17.182048	99.147	-165.7920
17.306556	99.133	-166.1370
17.431967	99.120	-166.4778
17.558286	99.107	-166.8152
17.685521	99.095	-167.1503
17.813677	99.084	-167.4841
17.942762	99.074	-167.8171
18.072783	99.063	-168.1500
18.203746	99.053	-168.4826
18.335658	99.043	-168.8149
18.468526	99.033	-169.1462
18.602356	99.022	-169.4758
18.737156	99.011	-169.8031
18.872934	99.000	-170.1273
19.009695	98.989	-170.4478
19.147447	98.978	-170.7643
19.286197	98.967	-171.0768
19.425953	98.956	-171.3856
19.566721	98.944	-171.6910
19.708510	98.933	-171.9935
19.851326	98.921	-172.2937
19.995177	98.909	-172.5920
20.140070	98.897	-172.8887
20.286013	98.884	-173.1839
20.433014	98.871	-173.4777
20.581080	98.857	-173.7700
20.730219	98.843	-174.0607
20.880439	98.828	-174.3501
21.031747	98.814	-174.6382
21.184152	98.799	-174.9254
21.337661	98.784	-175.2124
21.492282	98.769	-175.4996
21.648024	98.754	-175.7878
21.804895	98.739	-176.0774
21.962902	98.723	-176.3687
22.122054	98.707	-176.6617
22.282360	98.691	-176.9562
22.443827	98.674	-177.2520
22.606464	98.657	-177.5485
22.770280	98.639	-177.8453
22.935283	98.622	-178.1425
23.101481	98.604	-178.4399
23.268884	98.586	-178.7380
23.437500	98.568	-179.0374
23.607338	98.550	-179.3386
23.778406	98.533	-179.6421
23.950714	98.515	-179.9482
24.124271	98.497	179.7431
24.299086	98.479	179.4323
24.475167	98.461	179.1201
24.652524	98.443	178.8074
24.831166	98.424	178.4954
25.011103	98.406	178.1845
25.192344	98.388	177.8755
25.374898	98.370	177.5686
25.558775	98.352	177.2635
25.743984	98.335	176.9601
25.930536	98.318	176.6580
26.118439	98.302	176.3569
26.307704	98.286	176.0569
26.498341	98.269	175.7581
26.690359	98.253	175.4612
26.883768	98.237	175.1666
27.078579	98.221	174.8747
27.274801	98.204	174.5860
27.472446	98.188	174.3007
27.671522	98.171	174.0186
27.872042	98.154	173.7396
28.074014	98.137	173.4637
28.277450	98.120	173.1905
28.482360	98.103	172.9200
28.688755	98.085	172.6519
28.896645	98.067	172.3862
29.106042	98.048	172.1224
29.316957	98.029	171.8601
29.529400	98.011	171.5989
29.743382	97.991	171.3380
29.958915	97.972	171.0771
30.176009	97.952	170.8159
30.394677	97.933	170.5544
30.614929	97.912	170.2927
30.836778	97.892	170.0309
31.060234	97.871	169.7688
31.285309	97.850	169.5063
31.512015	97.829	169.2430
31.740364	97.808	168.9781
31.970368	97.787	168.7114
32.202039	97.766	168.4424
32.435388	97.745	168.1712
32.670428	97.724	167.8982
32.907171	97.702	167.6238
33.145630	97.681	167.3486
33.385817	97.659	167.0731
33.627745	97.638	166.7972
33.871425	97.617	166.5212
34.116871	97.595	166.2453
34.364096	97.574	165.9697
34.613113	97.553	165.6948
34.863934	97.531	165.4214
35.116572	97.510	165.1501
35.371041	97.488	164.8815
35.627354	97.466	164.6159
35.885525	97.444	164.3535
36.145566	97.422	164.0941
36.407492	97.400	163.8376
36.671316	97.378	163.5837
36.937051	97.356	163.3323
37.204712	97.333	163.0832
37.474313	97.311	162.8364
37.745867	97.288	162.5916
38.019389	97.264	162.3487
38.294893	97.241	162.1074
38.572394	97.217	161.8672
38.851905	97.193	161.6282
39.133442	97.169	161.3898
39.417019	97.144	161.1519
39.702651	97.119	160.9143
39.990353	97.094	160.6769
40.280140	97.068	160.4398
40.572026	97.043	160.2032
40.866028	97.017	159.9673
41.162160	96.991	159.7320
41.460438	96.965	159.4972
41.760877	96.939	159.2626
42.063494	96.913	159.0276
42.368303	96.887	158.7922
42.675322	96.860	158.5567
42.984565	96.834	158.3214
43.296048	96.807	158.0873
43.609789	96.780	157.8550
43.925804	96.753	157.6252
44.244108	96.726	157.3982
44.564719	96.698	157.1738
44.887654	96.671	156.9517
45.212928	96.644	156.7313
45.540560	96.617	156.5121
45.870565	96.590	156.2934
46.202962	96.563	156.0752
46.537768	96.535	155.8574
46.875000	96.507	155.6406
47.214676	96.479	155.4250
47.556813	96.451	155.2112
47.901429	96.423	154.9993
48.248542	96.394	154.7897
48.598171	96.365	154.5823
48.950334	96.336	154.3772
49.305048	96.307	154.1743
49.662333	96.278	153.9735
50.022206	96.249	153.7745
50.384688	96.220	153.5768
50.749796	96.191	153.3801
51.117550	96.162	153.1839
51.487969	96.133	152.9882
51.861072	96.104	152.7933
52.236879	96.075	152.5999
52.615409	96.045	152.4087
52.996681	96.016	152.2202
53.380717	95.987	152.0345
53.767536	95.957	151.8512
54.157158	95.929	151.6696
54.549603	95.900	151.4889
54.944892	95.872	151.3085
55.343045	95.844	151.1280
55.744084	95.817	150.9468
56.148028	95.789	150.7642
56.554900	95.762	150.5797
56.964720	95.735	150.3929
57.377510	95.707	150.2041
57.793291	95.679	150.0135
58.212085	95.651	149.8217
58.633914	95.622	149.6292
59.058799	95.593	149.4361
59.486764	95.563	149.2430
59.917829	95.532	149.0510
60.352019	95.500	148.8608
60.789354	95.468	148.6736
61.229859	95.435	148.4897
61.673556	95.402	148.3092
62.120468	95.368	148.1318
62.570618	95.335	147.9570
63.024031	95.301	147.7847
63.480729	95.267	147.6147
63.940736	95.233	147.4471
64.404077	95.198	147.2817
64.870776	95.164	147.1185
65.340856	95.130	146.9572
65.814343	95.095	146.7977
66.291261	95.061	146.6398
66.771635	95.027	146.4835
67.255489	94.992	146.3287
67.742850	94.958	146.1756
68.233743	94.923	146.0243
68.728193	94.889	145.8750
69.226226	94.854	145.7275
69.727867	94.819	145.5817
70.233144	94.784	145.4373
70.742083	94.749	145.2943
71.254709	94.714	145.1523
71.771050	94.679	145.0117
72.291132	94.644	144.8725
72.814984	94.609	144.7350
73.342631	94.573	144.5996
73.874102	94.538	144.4664
74.409424	94.502	144.3361
74.948626	94.466	144.2091
75.491734	94.431	144.0856
76.038779	94.396	143.9645
76.589787	94.361	143.8442
77.144788	94.327	143.7227
77.703811	94.293	143.5984
78.266885	94.260	143.4705
78.834039	94.226	143.3386
79.405303	94.193	143.2025
79.980706	94.159	143.0618
80.560280	94.125	142.9160
81.144053	94.091	142.7649
81.732056	94.057	142.6086
82.324320	94.021	142.4478
82.920876	93.985	142.2844
83.521755	93.947	142.1208
84.126988	93.907	141.9604
84.736607	93.867	141.8060
85.350643	93.825	141.6600
85.969129	93.783	141.5243
86.592097	93.740	141.3990
87.219579	93.697	141.2836
87.851608	93.655	141.1763
88.488217	93.612	141.0755
89.129439	93.570	140.9799
89.775308	93.528	140.8881
90.425856	93.487	140.7996
91.081119	93.445	140.7145
91.741131	93.403	140.6339
92.405925	93.361	140.5588
93.075536	93.320	140.4900
93.750000	93.279	140.4261
94.429351	93.238	140.3632
95.113625	93.198	140.2970
95.802858	93.157	140.2263
96.497085	93.115	140.1542
97.196342	93.072	140.0850
97.900667	93.028	140.0217
98.610096	92.983	139.9664
99.324665	92.939	139.9203
100.044413	92.894	139.8842
100.769376	92.851	139.8585
101.499592	92.808	139.8433
102.235100	92.767	139.8383
102.975938	92.727	139.8423
103.722144	92.688	139.8533
104.473757	92.651	139.8689
105.230817	92.616	139.8856
105.993363	92.582	139.8995
106.761435	92.549	139.9064
107.535072	92.517	139.9021
108.314315	92.487	139.8830
109.099206	92.457	139.8467
109.889783	92.427	139.7930
110.686090	92.397	139.7236
111.488167	92.364	139.6433
112.296056	92.329	139.5607
113.109800	92.291	139.4857
113.929440	92.250	139.4245
114.755020	92.206	139.3777
115.586582	92.161	139.3441
116.424170	92.114	139.3232
117.267827	92.065	139.3176
118.117598	92.018	139.3309
118.973527	91.972	139.3655
119.835658	91.933	139.4149
120.704037	91.900	139.4615
121.578708	91.874	139.4872
122.459718	91.852	139.4861
123.347111	91.831	139.4630
124.240935	91.809	139.4265
125.141236	91.784	139.3845
126.048061	91.758	139.3425
126.961458	91.729	139.3024
127.881473	91.698	139.2636
128.808154	91.667	139.2244
129.741551	91.635	139.1824
130.681712	91.602	139.1359
131.628686	91.570	139.0843
132.582521	91.536	139.0300
133.543269	91.500	138.9775
134.510979	91.463	138.9321
135.485701	91.424	138.8967
136.467486	91.383	138.8708
137.456386	91.342	138.8519
138.452451	91.300	138.8376
139.455735	91.258	138.8267
140.466288	91.217	138.8187
141.484165	91.176	138.8142
142.509418	91.136	138.8140
143.542100	91.096	138.8192
144.582265	91.056	138.8300
145.629968	91.015	138.8466
146.685262	90.974	138.8696
147.748204	90.932	138.8991
148.818849	90.889	138.9341
149.897251	90.847	138.9722
150.983469	90.805	139.0115
152.077557	90.764	139.0520
153.179574	90.723	139.0970
154.289576	90.683	139.1509
155.407622	90.645	139.2150
156.533770	90.608	139.2861
157.668078	90.574	139.3586
158.810606	90.542	139.4278
159.961413	90.512	139.4898
161.120559	90.482	139.5422
162.288105	90.453	139.5836
163.464112	90.423	139.6136
164.648640	90.393	139.6334
165.841752	90.362	139.6453
167.043510	90.328	139.6531
168.253976	90.294	139.6609
169.473213	90.257	139.6722
170.701286	90.221	139.6889
171.938258	90.184	139.7109
173.184194	90.147	139.7371
174.439158	90.111	139.7659
175.703216	90.075	139.7963
176.976434	90.039	139.8273
178.258878	90.003	139.8578
179.550615	89.967	139.8878
180.851713	89.931	139.9173
182.162239	89.895	139.9468
183.482262	89.858	139.9767
184.811850	89.822	140.0073
186.151073	89.785	140.0391
187.500000	89.748	140.0731
188.858702	89.710	140.1105
190.227250	89.673	140.1519
191.605715	89.635	140.1976
192.994169	89.598	140.2478
194.392685	89.561	140.3027
195.801334	89.523	140.3627
197.220191	89.486	140.4287
198.649330	89.449	140.5020
200.088825	89.412	140.5830
201.538751	89.376	140.6711
202.999184	89.341	140.7640
204.470200	89.307	140.8577
205.951875	89.275	140.9478
207.444287	89.243	141.0312
208.947514	89.211	141.1071
210.461634	89.178	141.1772
211.986726	89.144	141.2455
213.522869	89.108	141.3175
215.070144	89.071	141.3989
216.628631	89.033	141.4946
218.198411	88.994	141.6057
219.779567	88.957	141.7296
221.372180	88.920	141.8601
222.976334	88.886	141.9907
224.592112	88.852	142.1167
226.219600	88.820	142.2367
227.858880	88.788	142.3514
229.510039	88.756	142.4628
231.173164	88.724	142.5729
232.848340	88.692	142.6829
234.535655	88.660	142.7928
236.235197	88.628	142.9019
237.947054	88.596	143.0089
239.671317	88.564	143.1136
241.408074	88.531	143.2170
243.157416	88.497	143.3218
244.919435	88.462	143.4306
246.694223	88.427	143.5468
248.481871	88.391	143.6735
250.282473	88.355	143.8137
252.096123	88.320	143.9695
253.922915	88.287	144.1395
255.762945	88.256	144.3181
257.616309	88.229	144.4954
259.483103	88.204	144.6616
261.363424	88.180	144.8113
263.257372	88.156	144.9459
265.165043	88.130	145.0717
267.086538	88.103	145.1969
269.021957	88.074	145.3284
270.971401	88.045	145.4702
272.934972	88.017	145.6229
274.912771	87.989	145.7849
276.904902	87.963	145.9537
278.911469	87.938	146.1271
280.932577	87.915	146.3032
282.968330	87.894	146.4785
285.018835	87.876	146.6473
287.084199	87.859	146.8022
289.164530	87.843	146.9367
291.259935	87.826	147.0490
293.370525	87.808	147.1442
295.496408	87.787	147.2325
297.637697	87.763	147.3238
299.794503	87.737	147.4248
301.966937	87.710	147.5381
304.155114	87.682	147.6629
306.359147	87.655	147.7962
308.579152	87.628	147.9342
310.815244	87.601	148.0735
313.067539	87.574	148.2124
315.336156	87.546	148.3522
317.621211	87.518	148.4968
319.922826	87.489	148.6508
322.241118	87.461	148.8165
324.576210	87.433	148.9929
326.928223	87.407	149.1767
329.297280	87.381	149.3635
331.683504	87.357	149.5493
334.087019	87.334	149.7313
336.507952	87.312	149.9083
338.946427	87.289	150.0806
341.402572	87.266	150.2501
343.876516	87.243	150.4196
346.368387	87.219	150.5916
348.878315	87.195	150.7675
351.406431	87.171	150.9474
353.952867	87.147	151.1306
356.517756	87.124	151.3158
359.101230	87.101	151.5023
361.703426	87.078	151.6896
364.324478	87.055	151.8776
366.964523	87.033	152.0669
369.623699	87.011	152.2579
372.302145	86.989	152.4512
375.000000	86.967	152.6466
377.717405	86.946	152.8444
380.454501	86.925	153.0439
383.211431	86.904	153.2451
385.988339	86.884	153.4473
388.785369	86.864	153.6508
391.602668	86.845	153.8557
394.440383	86.826	154.0620
397.298660	86.807	154.2698
400.177650	86.789	154.4787
403.077502	86.772	154.6876
405.998368	86.755	154.8953
408.940400	86.738	155.1013
411.903750	86.720	155.3070
414.888575	86.702	155.5156
417.895028	86.684	155.7303
420.923268	86.666	155.9536
423.973452	86.648	156.1860
427.045738	86.632	156.4258
430.140287	86.618	156.6689
433.257261	86.605	156.9108
436.396822	86.594	157.1490
439.559133	86.584	157.3832
442.744360	86.575	157.6136
445.952668	86.567	157.8381
449.184225	86.561	158.0515
452.439199	86.555	158.2471
455.717760	86.549	158.4219
459.020079	86.540	158.5795
462.346327	86.528	158.7308
465.696680	86.514	158.8879
469.071310	86.498	159.0587
472.470394	86.481	159.2448
475.894109	86.464	159.4434
479.342634	86.448	159.6489
482.816148	86.432	159.8557
486.314833	86.416	160.0620
489.838871	86.400	160.2722
493.388445	86.382	160.4945
496.963741	86.365	160.7330
500.564945	86.350	160.9844
504.192245	86.336	161.2406
507.845830	86.324	161.4942
511.525890	86.313	161.7419
515.232618	86.302	161.9843
518.966206	86.290	162.2245
522.726849	86.277	162.4674
526.514743	86.265	162.7175
530.330086	86.252	162.9771
534.173076	86.241	163.2444
538.043915	86.232	163.5152
541.942803	86.223	163.7871
545.869944	86.215	164.0604
549.825542	86.209	164.3354
553.809805	86.203	164.6101
557.822939	86.198	164.8810
561.865154	86.194	165.1462
565.936660	86.190	165.4067
570.037671	86.186	165.6656
574.168399	86.181	165.9265
578.329060	86.176	166.1911
582.519870	86.171	166.4593
586.741049	86.166	166.7307
590.992817	86.162	167.0070
595.275394	86.158	167.2901
599.589005	86.155	167.5790
603.933874	86.154	167.8689
608.310228	86.153	168.1550
612.718295	86.154	168.4346
617.158304	86.155	168.7086
621.630488	86.155	168.9814
626.135079	86.156	169.2587
630.672311	86.157	169.5417
635.242423	86.159	169.8258
639.845651	86.162	170.1042
644.482237	86.166	170.3739
649.152421	86.169	170.6360
653.856447	86.171	170.8918
658.594560	86.173	171.1382
663.367008	86.172	171.3691
668.174039	86.167	171.5903
673.015903	86.155	171.8309
677.892854	86.138	172.1290
682.805145	86.122	172.5036
687.753032	86.112	172.9425
692.736774	86.112	173.4137
697.756631	86.122	173.8838
702.812863	86.140	174.3281
707.905735	86.165	174.7324
713.035511	86.192	175.0924
718.202461	86.219	175.4115
723.406852	86.245	175.6984
728.648956	86.268	175.9641
733.929047	86.287	176.2195
739.247399	86.303	176.4745
744.604290	86.315	176.7379
750.000000	86.324	177.0167
755.434809	86.331	177.3162
760.909001	86.336	177.6394
766.422861	86.341	177.9869
771.976677	86.346	178.3572
777.570739	86.354	178.7469
783.205337	86.363	179.1521
788.880766	86.376	179.5698
794.597321	86.391	179.9993
800.355301	86.410	-179.5599
806.155005	86.433	-179.1117
811.996736	86.461	-178.6634
817.880799	86.494	-178.2249
823.807501	86.531	-177.8061
829.777150	86.570	-177.4156
835.790057	86.610	-177.0558
841.846536	86.650	-176.7203
847.946903	86.687	-176.3983
854.091476	86.723	-176.0812
860.280575	86.758	-175.7644
866.514523	86.792	-175.4443
872.793644	86.826	-175.1174
879.118267	86.860	-174.7835
885.488720	86.896	-174.4465
891.905336	86.933	-174.1100
898.368450	86.970	-173.7742
904.878398	87.009	-173.4370
911.435520	87.049	-173.0973
918.040157	87.091	-172.7566
924.692655	87.135	-172.4176
931.393359	87.180	-172.0834
938.142619	87.228	-171.7572
944.940787	87.276	-171.4409
951.788218	87.326	-171.1332
958.685268	87.376	-170.8318
965.632296	87.426	-170.5336
972.629666	87.478	-170.2357
979.677741	87.530	-169.9370
986.776890	87.583	-169.6382
993.927482	87.637	-169.3390
1001.129891	87.693	-169.0361
1008.384491	87.750	-168.7266
1015.691660	87.810	-168.4114
1023.051781	87.874	-168.0956
1030.465236	87.943	-167.7869
1037.932411	88.015	-167.4970
1045.453698	88.092	-167.2385
1053.029486	88.169	-167.0172
1060.660172	88.246	-166.8300
1068.346153	88.322	-166.6684
1076.087829	88.396	-166.5235
1083.885605	88.469	-166.3889
1091.739887	88.541	-166.2623
1099.651084	88.612	-166.1436
1107.619609	88.683	-166.0319
1115.645878	88.752	-165.9260
1123.730308	88.822	-165.8240
1131.873321	88.890	-165.7241
1140.075341	88.959	-165.6250
1148.336797	89.027	-165.5255
1156.658119	89.096	-165.4246
1165.039741	89.166	-165.3216
1173.482099	89.237	-165.2157
1181.985634	89.310	-165.1084
1190.550789	89.387	-165.0064
1199.178011	89.468	-164.9216
1207.867749	89.552	-164.8667
1216.620457	89.636	-164.8483
1225.436590	89.720	-164.8642
1234.316609	89.802	-164.9070
1243.260976	89.882	-164.9691
1252.270157	89.958	-165.0439
1261.344623	90.032	-165.1277
1270.484846	90.104	-165.2192
1279.691303	90.174	-165.3164
1288.964474	90.243	-165.4167
1298.304842	90.309	-165.5187
1307.712894	90.375	-165.6232
1317.189120	90.440	-165.7322
1326.734016	90.504	-165.8468
1336.348077	90.567	-165.9655
1346.031806	90.629	-166.0845
1355.785708	90.690	-166.1993
1365.610290	90.751	-166.3055
1375.506065	90.812	-166.3986
1385.473549	90.874	-166.4735
1395.513261	90.939	-166.5289
1405.625726	91.006	-166.5699
1415.811469	91.078	-166.6078
1426.071023	91.152	-166.6567
1436.404921	91.228	-166.7260
1446.813703	91.303	-166.8161
1457.297912	91.376	-166.9218
1467.858093	91.448	-167.0369
1478.494798	91.516	-167.1565
1489.208581	91.582	-167.2772
1500.000000	91.643	-167.3956
1510.869618	91.701	-167.5085
1521.818002	91.753	-167.6129
1532.845723	91.802	-167.7061
1543.953355	91.846	-167.7863
1555.141477	91.889	-167.8530
1566.410674	91.931	-167.9106
1577.761531	91.975	-167.9694
1589.194642	92.021	-168.0426
1600.710601	92.067	-168.1392
1612.310010	92.113	-168.2599
1623.993473	92.157	-168.3998
1635.761599	92.199	-168.5521
1647.615002	92.238	-168.7108
1659.554299	92.276	-168.8706
1671.580114	92.311	-169.0280
1683.693072	92.347	-169.1815
1695.893807	92.381	-169.3326
1708.182952	92.414	-169.4830
1720.561150	92.446	-169.6322
1733.029045	92.475	-169.7770
1745.587288	92.501	-169.9117
1758.236533	92.525	-170.0296
1770.977440	92.548	-170.1247
1783.810673	92.572	-170.1971
1796.736900	92.599	-170.2554
1809.756796	92.629	-170.3132
1822.871040	92.661	-170.3811
1836.080315	92.695	-170.4628
1849.385310	92.729	-170.5565
1862.786718	92.763	-170.6587
1876.285239	92.797	-170.7647
1889.881575	92.833	-170.8695
1903.576436	92.871	-170.9683
1917.370535	92.912	-171.0573
1931.264593	92.959	-171.1353
1945.259332	93.012	-171.2059
1959.355483	93.071	-171.2797
1973.553781	93.136	-171.3712
1987.854965	93.203	-171.4906
2002.259781	93.270	-171.6398
2016.768981	93.336	-171.8131
2031.383320	93.397	-172.0006
2046.103561	93.455	-172.1910
2060.930471	93.509	-172.3740
2075.864823	93.559	-172.5422
2090.907395	93.607	-172.6904
2106.058972	93.651	-172.8120
2121.320344	93.694	-172.8985
2136.692305	93.735	-172.9392
2152.175658	93.776	-172.9246
2167.771210	93.822	-172.8526
2183.479774	93.875	-172.7333
2199.302169	93.936	-172.5857
2215.239219	94.008	-172.4305
2231.291755	94.090	-172.2878
2247.460615	94.181	-172.1750
2263.746641	94.280	-172.1063
2280.150683	94.385	-172.0905
2296.673595	94.494	-172.1301
2313.316238	94.606	-172.2234
2330.079481	94.721	-172.3687
2346.964198	94.837	-172.5688
2363.971268	94.954	-172.8296
2381.101578	95.071	-173.1555
2398.356022	95.185	-173.5464
2415.735498	95.295	-173.9986
2433.240913	95.400	-174.5052
2450.873180	95.497	-175.0580
2468.633217	95.588	-175.6478
2486.521951	95.670	-176.2637
2504.540314	95.745	-176.8917
2522.689246	95.811	-177.5154
2540.969692	95.871	-178.1200
2559.382606	95.928	-178.6993
2577.928947	95.984	-179.2575
2596.609683	96.041	-179.8047
2615.425787	96.097	179.6489
2634.378241	96.153	179.0952
2653.468031	96.209	178.5303
2672.696154	96.262	177.9547
2692.063613	96.314	177.3715
2711.571415	96.365	176.7828
2731.220579	96.415	176.1851
2751.012130	96.465	175.5707
2770.947098	96.514	174.9327
2791.026522	96.559	174.2687
2811.251451	96.601	173.5804
2831.622938	96.638	172.8723
2852.142045	96.669	172.1497
2872.809842	96.694	171.4186
2893.627406	96.713	170.6882
2914.595823	96.725	169.9709
2935.716186	96.731	169.2774
2956.989596	96.734	168.6116
2978.417161	96.735	167.9709
3000.000000	96.733	167.3507
3021.739237	96.729	166.7484
3043.636005	96.722	166.1663
3065.691446	96.712	165.6122
3087.906710	96.700	165.0967
3110.282955	96.687	164.6260
3132.821347	96.676	164.1981
3155.523062	96.668	163.8048
3178.389283	96.664	163.4349
3201.421202	96.664	163.0774
3224.620020	96.668	162.7217
3247.986946	96.674	162.3586
3271.523198	96.682	161.9827
3295.230004	96.691	161.5954
3319.108599	96.699	161.2028
3343.160228	96.707	160.8094
3367.386145	96.715	160.4163
3391.787613	96.723	160.0230
3416.365904	96.731	159.6308
3441.122300	96.739	159.2457
3466.058091	96.747	158.8777
3491.174576	96.756	158.5353
3516.473066	96.769	158.2189
3541.954880	96.786	157.9198
3567.621345	96.810	157.6241
3593.473800	96.839	157.3168
3619.513592	96.872	156.9842
3645.742080	96.908	156.6166
3672.160630	96.945	156.2122
3698.770620	96.982	155.7766
3725.573436	97.018	155.3170
3752.570477	97.054	154.8361
3779.763150	97.090	154.3313
3807.152872	97.124	153.7991
3834.741071	97.157	153.2392
3862.529185	97.186	152.6562
3890.518664	97.213	152.0545
3918.710966	97.239	151.4329
3947.107561	97.265	150.7845
3975.709929	97.291	150.0997
4004.519563	97.316	149.3675
4033.537962	97.339	148.5796
4062.766641	97.357	147.7344
4092.207123	97.369	146.8384
4121.860942	97.374	145.9003
4151.729646	97.372	144.9266
4181.814790	97.361	143.9210
4212.117944	97.340	142.8894
4242.640687	97.309	141.8427
4273.384610	97.267	140.7952
4304.351317	97.215	139.7585
4335.542421	97.154	138.7383
4366.959549	97.085	137.7343
4398.604338	97.009	136.7419
4430.478438	96.925	135.7559
4462.583511	96.833	134.7758
4494.921231	96.732	133.8068
4527.493283	96.622	132.8544
4560.301365	96.503	131.9225
4593.347189	96.375	131.0143
4626.632476	96.235	130.1382
4660.158962	96.086	129.3078
4693.928395	95.926	128.5370
4727.942535	95.757	127.8351
4762.203156	95.583	127.2047
4796.712043	95.403	126.6420
4831.470996	95.218	126.1413
4866.481826	95.029	125.7012
4901.746360	94.834	125.3245
4937.266434	94.635	125.0145
4973.043902	94.429	124.7756
5009.080628	94.217	124.6184
5045.378492	93.997	124.5637
5081.939384	93.772	124.6396
5118.765212	93.545	124.8745
5155.857894	93.322	125.2867
5193.219366	93.112	125.8721
5230.851574	92.923	126.5914
5268.756481	92.764	127.3659
5306.936062	92.633	128.0885
5345.392309	92.522	128.6639
5384.127225	92.413	129.0593
5423.142830	92.293	129.3187
5462.441159	92.152	129.5294
5502.024259	91.991	129.7772
5541.894195	91.814	130.1203
5582.053045	91.627	130.5836
5622.502902	91.439	131.1669
5663.245876	91.251	131.8584
5704.284090	91.069	132.6418
5745.619684	90.893	133.4983
5787.254813	90.724	134.4113
5829.191647	90.561	135.3720
5871.432373	90.403	136.3809
5913.979192	90.251	137.4427
5956.834323	90.105	138.5607
6000.000000	89.967	139.7330
6043.478473	89.837	140.9547
6087.272010	89.716	142.2190
6131.382892	89.605	143.5166
6175.813420	89.504	144.8372
6220.565910	89.412	146.1749
6265.642695	89.327	147.5308
6311.046124	89.251	148.9104
6356.778566	89.182	150.3186
6402.842404	89.123	151.7560
6449.240040	89.074	153.2201
6495.973891	89.037	154.7046
6543.046396	89.011	156.2001
6590.460007	88.998	157.6963
6638.217197	88.996	159.1877
6686.320456	89.005	160.6738
6734.772290	89.026	162.1562
6783.575226	89.058	163.6344
6832.731809	89.104	165.1047
6882.244600	89.163	166.5596
6932.116181	89.235	167.9863
6982.349153	89.320	169.3699
7032.946133	89.419	170.6984
7083.909760	89.530	171.9645
7135.242690	89.655	173.1619
7186.947600	89.794	174.2823
7239.027185	89.949	175.3132
7291.484160	90.120	176.2359
7344.321260	90.307	177.0244
7397.541239	90.508	177.6509
7451.146872	90.721	178.0910
7505.140954	90.943	178.3248
7559.526299	91.172	178.3340
7614.305743	91.403	178.1007
7669.482141	91.633	177.6062
7725.058371	91.856	176.8305
7781.037328	92.065	175.7574
7837.421932	92.252	174.3832
7894.215122	92.407	172.7213
7951.419859	92.521	170.8022
8009.039125	92.585	168.6719
8067.075924	92.595	166.3882
8125.533282	92.546	164.0153
8184.414245	92.434	161.6215
8243.721885	92.258	159.2806
8303.459292	92.019	157.0715
8363.629581	91.720	155.0733
8424.235888	91.365	153.3615
8485.281374	90.963	151.9997
8546.769221	90.524	151.0323
8608.702634	90.060	150.4835
8671.084842	89.581	150.3616
8733.919097	89.099	150.6637
8797.208675	88.623	151.3784
8860.956876	88.163	152.4843
8925.167022	87.729	153.9436
8989.842461	87.329	155.6990
9054.986566	86.971	157.6781
9120.602731	86.657	159.8038
9186.694378	86.386	162.0042
9253.264952	86.156	164.2199
9320.317925	85.962	166.4034
9387.856790	85.800	168.5166
9455.885071	85.662	170.5336
9524.406312	85.541	172.4454
9593.424086	85.431	174.2640
9662.941992	85.326	176.0195
9732.963653	85.224	177.7504
9803.492719	85.123	179.4916
9874.532869	85.024	-178.7294
9946.087805	84.930	-176.8921
10018.161257	84.840	-174.9771
10090.756983	84.759	-172.9658
10163.878768	84.690	-170.8469
10237.530423	84.639	-168.6219
10311.715789	84.608	-166.3044
10386.438732	84.602	-163.9130
10461.703149	84.624	-161.4628
10537.512962	84.676	-158.9686
10613.872125	84.763	-156.4513
10690.784618	84.887	-153.9423
10768.254450	85.052	-151.4805
10846.285661	85.258	-149.1052
10924.882318	85.508	-146.8556
11004.048518	85.803	-144.7788
11083.788390	86.144	-142.9365
11164.106090	86.530	-141.4034
11245.005805	86.956	-140.2592
11326.491752	87.416	-139.5824
11408.568180	87.901	-139.4497
11491.239368	88.395	-139.9333
11574.509626	88.881	-141.0922
11658.383294	89.337	-142.9567
11742.864745	89.739	-145.5176
11827.958384	90.063	-148.7227
11913.668646	90.287	-152.4759
12000.000000	90.390	-156.6390
12086.956947	90.358	-161.0342
12174.544019	90.184	-165.4575
12262.765784	89.871	-169.7006
12351.626840	89.427	-173.5751
12441.131819	88.868	-176.9288
12531.285389	88.214	-179.6500
12622.092249	87.487	178.3332
12713.557132	86.707	177.0534
12805.684808	85.898	176.5071
12898.480079	85.077	176.6632
12991.947783	84.263	177.4744
13086.092792	83.468	178.8836
13180.920015	82.704	-179.1764
13276.434395	81.981	-176.7813
13372.640911	81.304	-174.0072
13469.544580	80.676	-170.9226
13567.150452	80.100	-167.5880
13665.463617	79.573	-164.0581
13764.489200	79.096	-160.3768
13864.232362	78.667	-156.5720
13964.698305	78.283	-152.6579
14065.892266	77.948	-148.6427
14167.819519	77.662	-144.5338
14270.485380	77.431	-140.3450
14373.895200	77.261	-136.1102
14478.054370	77.158	-131.8909
14582.968320	77.126	-127.7670
14688.642520	77.170	-123.8234
14795.082478	77.291	-120.1492
14902.293745	77.488	-116.8403
15010.281908	77.759	-113.9972
15119.052599	78.098	-111.7217
15228.611486	78.498	-110.1191
15338.964283	78.945	-109.2953
15450.116741	79.419	-109.3458
15562.074656	79.891	-110.3406
15674.843864	80.330	-112.3096
15788.430244	80.697	-115.2289
15902.839718	80.957	-119.0082
16018.078250	81.073	-123.4841
16134.151848	81.021	-128.4269
16251.066563	80.784	-133.5605
16368.828491	80.359	-138.5934
16487.443769	79.755	-143.2537
16606.918584	78.991	-147.3212
16727.259161	78.094	-150.6400
16848.471777	77.092	-153.1193
16970.562748	76.014	-154.7285
17093.538442	74.889	-155.4901
17217.405268	73.742	-155.4664
17342.169684	72.593	-154.7482
17467.838194	71.459	-153.4440
17594.417350	70.351	-151.6653
17721.913751	69.272	-149.5128
17850.334044	68.223	-147.0730
17979.684923	67.201	-144.4174
18109.973131	66.198	-141.6006
18241.205462	65.208	-138.6622
18373.388756	64.223	-135.6292
18506.529905	63.236	-132.5128
18640.635849	62.237	-129.3091
18775.713581	61.220	-125.9985
18911.770141	60.174	-122.5375
19048.812624	59.091	-118.8510
19186.848172	57.964	-114.8373
19325.883983	56.793	-110.3882
19465.927305	55.594	-105.4384
19606.985439	54.406	-100.0554
19749.065738	53.306	-94.5887
19892.175609	52.422	-89.8306
20036.322514	51.918	-86.9600
