* Measurement data measured by REW V5.31
* Source: EXCL: Microphone (USB Sound Device        ), MICROPHONE (Master Volume), L, volume: 0.560
* Format: 256k Log Swept Sine, 1 sweep at -15.0 dBFS with no timing reference
* Dated: May 22, 2024 1:10:21 AM
* REW Settings:
*  C-weighting compensation: Off
*  Target level: 75.0 dB
* Note: Intuaura View Splendor II R
* Measurement: R Intuaura View Splendor II
* Smoothing: 1/12 octave
* Frequency Step: 96 ppo
* Start Frequency: 0.36621094 Hz
*
* Freq(Hz) SPL(dB) Phase(degrees)
0.366211 83.351 157.7096
0.368865 83.345 157.6859
0.371538 83.336 157.6504
0.374230 83.325 157.6057
0.376942 83.312 157.5542
0.379673 83.299 157.4977
0.382424 83.285 157.4371
0.385196 83.270 157.3733
0.387987 83.255 157.3065
0.390798 83.240 157.2370
0.393630 83.225 157.1649
0.396483 83.210 157.0903
0.399356 83.195 157.0130
0.402250 83.180 156.9332
0.405165 83.164 156.8508
0.408101 83.148 156.7657
0.411058 83.133 156.6781
0.414037 83.117 156.5877
0.417037 83.101 156.4947
0.420059 83.085 156.3989
0.423103 83.069 156.3004
0.426169 83.052 156.1991
0.429257 83.036 156.0950
0.432368 83.019 155.9881
0.435501 83.003 155.8784
0.438656 82.986 155.7658
0.441835 82.969 155.6503
0.445037 82.952 155.5318
0.448262 82.935 155.4104
0.451510 82.917 155.2861
0.454782 82.900 155.1587
0.458077 82.882 155.0284
0.461397 82.865 154.8950
0.464740 82.847 154.7586
0.468108 82.829 154.6191
0.471500 82.811 154.4765
0.474917 82.793 154.3308
0.478358 82.774 154.1819
0.481825 82.756 154.0300
0.485316 82.737 153.8749
0.488833 82.719 153.7166
0.492375 82.700 153.5551
0.495943 82.681 153.3904
0.499537 82.662 153.2226
0.503157 82.642 153.0515
0.506803 82.623 152.8772
0.510475 82.603 152.6997
0.514175 82.584 152.5190
0.517900 82.564 152.3350
0.521653 82.544 152.1478
0.525434 82.524 151.9574
0.529241 82.504 151.7637
0.533076 82.483 151.5669
0.536939 82.463 151.3668
0.540830 82.442 151.1635
0.544749 82.421 150.9571
0.548696 82.400 150.7475
0.552673 82.379 150.5347
0.556677 82.357 150.3189
0.560711 82.336 150.0999
0.564774 82.314 149.8778
0.568867 82.293 149.6528
0.572989 82.271 149.4247
0.577141 82.249 149.1936
0.581324 82.226 148.9597
0.585536 82.204 148.7228
0.589779 82.181 148.4832
0.594053 82.159 148.2408
0.598358 82.136 147.9957
0.602694 82.113 147.7479
0.607061 82.089 147.4976
0.611460 82.066 147.2448
0.615891 82.042 146.9895
0.620354 82.019 146.7320
0.624849 81.995 146.4722
0.629377 81.970 146.2104
0.633938 81.946 145.9464
0.638532 81.922 145.6806
0.643159 81.897 145.4130
0.647819 81.872 145.1437
0.652514 81.847 144.8729
0.657242 81.822 144.6008
0.662005 81.797 144.3274
0.666802 81.771 144.0529
0.671634 81.746 143.7775
0.676501 81.720 143.5014
0.681403 81.694 143.2247
0.686341 81.667 142.9477
0.691314 81.641 142.6706
0.696324 81.614 142.3934
0.701370 81.587 142.1165
0.706452 81.559 141.8399
0.711571 81.531 141.5637
0.716728 81.502 141.2879
0.721921 81.472 141.0121
0.727153 81.441 140.7360
0.732422 81.407 140.4586
0.737729 81.371 140.1791
0.743075 81.333 139.8962
0.748460 81.294 139.6091
0.753883 81.252 139.3169
0.759346 81.210 139.0192
0.764849 81.167 138.7155
0.770391 81.123 138.4056
0.775974 81.079 138.0894
0.781597 81.033 137.7666
0.787261 80.988 137.4373
0.792966 80.941 137.1012
0.798712 80.894 136.7583
0.804500 80.846 136.4084
0.810329 80.798 136.0517
0.816201 80.749 135.6879
0.822116 80.699 135.3169
0.828073 80.648 134.9388
0.834074 80.597 134.5535
0.840118 80.545 134.1608
0.846206 80.492 133.7609
0.852338 80.438 133.3535
0.858514 80.383 132.9388
0.864735 80.328 132.5166
0.871001 80.271 132.0869
0.877313 80.214 131.6498
0.883670 80.155 131.2052
0.890074 80.095 130.7532
0.896524 80.035 130.2938
0.903020 79.973 129.8270
0.909564 79.910 129.3529
0.916155 79.846 128.8715
0.922794 79.780 128.3829
0.929481 79.714 127.8873
0.936216 79.646 127.3848
0.943000 79.576 126.8755
0.949834 79.505 126.3596
0.956717 79.433 125.8373
0.963649 79.359 125.3088
0.970632 79.284 124.7744
0.977666 79.207 124.2343
0.984750 79.128 123.6888
0.991886 79.048 123.1384
0.999074 78.966 122.5834
1.006314 78.882 122.0241
1.013606 78.796 121.4612
1.020951 78.709 120.8950
1.028349 78.619 120.3261
1.035801 78.527 119.7552
1.043307 78.433 119.1828
1.050867 78.337 118.6095
1.058482 78.239 118.0361
1.066152 78.138 117.4632
1.073878 78.035 116.8912
1.081660 77.929 116.3206
1.089498 77.820 115.7513
1.097393 77.708 115.1831
1.105345 77.592 114.6152
1.113355 77.473 114.0465
1.121423 77.350 113.4760
1.129549 77.223 112.9024
1.137734 77.091 112.3249
1.145979 76.956 111.7426
1.154283 76.816 111.1547
1.162647 76.673 110.5602
1.171072 76.526 109.9585
1.179558 76.374 109.3487
1.188106 76.219 108.7300
1.196715 76.061 108.1014
1.205387 75.899 107.4621
1.214122 75.734 106.8110
1.222920 75.566 106.1471
1.231782 75.395 105.4693
1.240708 75.221 104.7764
1.249699 75.045 104.0672
1.258754 74.866 103.3402
1.267876 74.685 102.5942
1.277063 74.503 101.8276
1.286318 74.318 101.0390
1.295639 74.133 100.2265
1.305027 73.946 99.3885
1.314484 73.758 98.5232
1.324009 73.569 97.6287
1.333604 73.381 96.7029
1.343268 73.192 95.7438
1.353002 73.003 94.7493
1.362806 72.816 93.7173
1.372681 72.629 92.6454
1.382628 72.443 91.5316
1.392647 72.259 90.3737
1.402739 72.077 89.1695
1.412904 71.898 87.9171
1.423142 71.721 86.6146
1.433455 71.547 85.2602
1.443843 71.375 83.8520
1.454305 71.205 82.3879
1.464844 71.037 80.8655
1.475459 70.870 79.2811
1.486150 70.702 77.6304
1.496920 70.532 75.9076
1.507767 70.361 74.1064
1.518693 70.188 72.2196
1.529698 70.012 70.2394
1.540783 69.835 68.1577
1.551948 69.657 65.9658
1.563194 69.478 63.6551
1.574521 69.298 61.2165
1.585931 69.118 58.6416
1.597423 68.940 55.9221
1.608999 68.763 53.0510
1.620658 68.589 50.0230
1.632402 68.417 46.8347
1.644232 68.250 43.4863
1.656146 68.087 39.9814
1.668147 67.930 36.3286
1.680235 67.779 32.5418
1.692411 67.636 28.6402
1.704675 67.502 24.6488
1.717028 67.377 20.5971
1.729470 67.262 16.5187
1.742003 67.160 12.4486
1.754626 67.070 8.4222
1.767341 66.995 4.4723
1.780147 66.935 0.6279
1.793047 66.893 -3.0885
1.806040 66.869 -6.6615
1.819128 66.865 -10.0841
1.832310 66.884 -13.3569
1.845587 66.925 -16.4869
1.858961 66.990 -19.4844
1.872432 67.080 -22.3595
1.886001 67.193 -25.1209
1.899667 67.329 -27.7755
1.913433 67.487 -30.3284
1.927299 67.665 -32.7833
1.941265 67.861 -35.1433
1.955332 68.073 -37.4105
1.969501 68.300 -39.5870
1.983773 68.539 -41.6741
1.998148 68.789 -43.6733
2.012627 69.046 -45.5857
2.027212 69.309 -47.4122
2.041902 69.576 -49.1539
2.056698 69.843 -50.8114
2.071602 70.109 -52.3856
2.086614 70.371 -53.8771
2.101734 70.626 -55.2867
2.116964 70.873 -56.6155
2.132304 71.109 -57.8651
2.147756 71.332 -59.0378
2.163320 71.540 -60.1371
2.178996 71.734 -61.1686
2.194786 71.914 -62.1394
2.210690 72.081 -63.0585
2.226710 72.236 -63.9349
2.242845 72.381 -64.7764
2.259098 72.517 -65.5887
2.275468 72.646 -66.3756
2.291957 72.768 -67.1392
2.308566 72.883 -67.8805
2.325295 72.993 -68.5995
2.342145 73.098 -69.2958
2.359117 73.198 -69.9683
2.376212 73.293 -70.6158
2.393431 73.385 -71.2367
2.410775 73.473 -71.8291
2.428244 73.558 -72.3910
2.445840 73.640 -72.9203
2.463564 73.720 -73.4146
2.481416 73.799 -73.8716
2.499397 73.876 -74.2895
2.517509 73.952 -74.6663
2.535752 74.027 -75.0011
2.554127 74.100 -75.2938
2.572635 74.171 -75.5453
2.591277 74.239 -75.7574
2.610055 74.303 -75.9322
2.628968 74.364 -76.0721
2.648019 74.421 -76.1788
2.667208 74.474 -76.2542
2.686535 74.524 -76.2998
2.706003 74.571 -76.3167
2.725612 74.616 -76.3062
2.745363 74.660 -76.2694
2.765257 74.703 -76.2074
2.785295 74.747 -76.1210
2.805478 74.791 -76.0114
2.825808 74.837 -75.8795
2.846285 74.886 -75.7258
2.866910 74.938 -75.5509
2.887685 74.993 -75.3546
2.908611 75.052 -75.1360
2.929688 75.115 -74.8938
2.950917 75.182 -74.6261
2.972301 75.252 -74.3316
2.993839 75.324 -74.0103
3.015534 75.400 -73.6634
3.037386 75.478 -73.2933
3.059396 75.558 -72.9036
3.081565 75.641 -72.4983
3.103896 75.727 -72.0820
3.126388 75.815 -71.6594
3.149043 75.906 -71.2353
3.171862 76.000 -70.8142
3.194847 76.098 -70.4004
3.217998 76.198 -69.9976
3.241317 76.302 -69.6084
3.264805 76.410 -69.2340
3.288463 76.522 -68.8740
3.312293 76.639 -68.5268
3.336295 76.760 -68.1901
3.360471 76.885 -67.8627
3.384822 77.015 -67.5445
3.409350 77.149 -67.2370
3.434056 77.286 -66.9426
3.458940 77.427 -66.6641
3.484005 77.569 -66.4050
3.509252 77.713 -66.1685
3.534681 77.857 -65.9578
3.560295 78.001 -65.7759
3.586094 78.146 -65.6252
3.612081 78.289 -65.5074
3.638255 78.431 -65.4232
3.664620 78.572 -65.3726
3.691175 78.712 -65.3543
3.717923 78.852 -65.3663
3.744864 78.991 -65.4064
3.772001 79.130 -65.4726
3.799335 79.268 -65.5628
3.826866 79.405 -65.6750
3.854597 79.540 -65.8077
3.882529 79.674 -65.9594
3.910664 79.805 -66.1289
3.939002 79.934 -66.3154
3.967546 80.060 -66.5186
3.996296 80.183 -66.7385
4.025255 80.302 -66.9757
4.054423 80.417 -67.2307
4.083804 80.529 -67.5039
4.113396 80.637 -67.7946
4.143204 80.742 -68.1014
4.173227 80.844 -68.4221
4.203468 80.942 -68.7539
4.233928 81.038 -69.0939
4.264609 81.130 -69.4395
4.295512 81.218 -69.7881
4.326639 81.304 -70.1381
4.357992 81.386 -70.4885
4.389572 81.464 -70.8394
4.421380 81.539 -71.1917
4.453419 81.610 -71.5464
4.485691 81.677 -71.9038
4.518196 81.741 -72.2633
4.550936 81.801 -72.6231
4.583914 81.858 -72.9812
4.617131 81.913 -73.3348
4.650589 81.964 -73.6811
4.684289 82.014 -74.0178
4.718233 82.062 -74.3429
4.752424 82.107 -74.6555
4.786862 82.150 -74.9555
4.821549 82.191 -75.2433
4.856488 82.230 -75.5198
4.891680 82.267 -75.7854
4.927127 82.302 -76.0403
4.962831 82.336 -76.2842
4.998794 82.369 -76.5169
5.035017 82.402 -76.7376
5.071503 82.435 -76.9456
5.108253 82.468 -77.1400
5.145270 82.502 -77.3205
5.182555 82.536 -77.4869
5.220110 82.570 -77.6400
5.257937 82.605 -77.7811
5.296038 82.641 -77.9122
5.334415 82.678 -78.0356
5.373071 82.716 -78.1535
5.412006 82.756 -78.2679
5.451224 82.797 -78.3801
5.490725 82.841 -78.4909
5.530514 82.887 -78.6007
5.570590 82.935 -78.7097
5.610957 82.986 -78.8189
5.651616 83.038 -78.9303
5.692570 83.092 -79.0462
5.733821 83.148 -79.1694
5.775370 83.206 -79.3025
5.817221 83.265 -79.4478
5.859375 83.326 -79.6064
5.901834 83.388 -79.7790
5.944602 83.451 -79.9656
5.987679 83.516 -80.1663
6.031068 83.582 -80.3816
6.074771 83.649 -80.6120
6.118792 83.716 -80.8584
6.163131 83.782 -81.1217
6.207792 83.849 -81.4025
6.252776 83.915 -81.7012
6.298086 83.980 -82.0176
6.343725 84.045 -82.3509
6.389694 84.109 -82.6997
6.435996 84.172 -83.0625
6.482634 84.234 -83.4378
6.529610 84.294 -83.8243
6.576926 84.353 -84.2212
6.624585 84.410 -84.6280
6.672590 84.466 -85.0441
6.720942 84.520 -85.4686
6.769645 84.572 -85.8997
6.818700 84.622 -86.3355
6.868111 84.671 -86.7738
6.917881 84.719 -87.2128
6.968010 84.765 -87.6514
7.018504 84.810 -88.0889
7.069362 84.853 -88.5248
7.120590 84.895 -88.9584
7.172189 84.937 -89.3888
7.224161 84.978 -89.8146
7.276511 85.018 -90.2349
7.329239 85.059 -90.6489
7.382350 85.100 -91.0561
7.435845 85.140 -91.4567
7.489729 85.182 -91.8513
7.544002 85.223 -92.2402
7.598669 85.266 -92.6241
7.653732 85.310 -93.0035
7.709194 85.355 -93.3787
7.765058 85.401 -93.7501
7.821327 85.449 -94.1187
7.878004 85.499 -94.4855
7.935091 85.549 -94.8519
7.992592 85.602 -95.2193
8.050510 85.655 -95.5888
8.108847 85.711 -95.9611
8.167607 85.767 -96.3367
8.226793 85.826 -96.7164
8.286408 85.885 -97.1008
8.346454 85.945 -97.4906
8.406936 86.006 -97.8864
8.467856 86.067 -98.2884
8.529218 86.129 -98.6965
8.591024 86.191 -99.1105
8.653278 86.253 -99.5296
8.715983 86.315 -99.9532
8.779143 86.377 -100.3808
8.842760 86.439 -100.8116
8.906839 86.500 -101.2450
8.971381 86.560 -101.6798
9.036392 86.620 -102.1147
9.101873 86.679 -102.5483
9.167829 86.737 -102.9796
9.234263 86.795 -103.4075
9.301178 86.852 -103.8313
9.368578 86.908 -104.2499
9.436467 86.964 -104.6626
9.504847 87.019 -105.0683
9.573723 87.074 -105.4665
9.643099 87.129 -105.8570
9.712976 87.182 -106.2397
9.783361 87.234 -106.6146
9.854255 87.284 -106.9818
9.925663 87.333 -107.3415
9.997588 87.379 -107.6942
10.070035 87.424 -108.0405
10.143007 87.468 -108.3812
10.216507 87.510 -108.7170
10.290540 87.552 -109.0489
10.365109 87.593 -109.3775
10.440219 87.634 -109.7036
10.515873 87.674 -110.0279
10.592076 87.715 -110.3513
10.668830 87.755 -110.6743
10.746141 87.796 -110.9974
10.824012 87.836 -111.3209
10.902447 87.876 -111.6450
10.981451 87.916 -111.9698
11.061027 87.955 -112.2955
11.141180 87.993 -112.6220
11.221913 88.031 -112.9489
11.303232 88.068 -113.2762
11.385140 88.105 -113.6034
11.467641 88.140 -113.9304
11.550741 88.175 -114.2569
11.634442 88.209 -114.5825
11.718750 88.242 -114.9071
11.803669 88.275 -115.2303
11.889203 88.307 -115.5522
11.975357 88.339 -115.8727
12.062136 88.370 -116.1916
12.149543 88.401 -116.5091
12.237583 88.431 -116.8252
12.326262 88.460 -117.1400
12.415583 88.489 -117.4537
12.505552 88.517 -117.7665
12.596172 88.544 -118.0785
12.687449 88.571 -118.3898
12.779387 88.596 -118.7007
12.871992 88.621 -119.0113
12.965268 88.645 -119.3217
13.059220 88.669 -119.6321
13.153852 88.692 -119.9427
13.249170 88.715 -120.2535
13.345179 88.737 -120.5648
13.441884 88.759 -120.8768
13.539289 88.781 -121.1898
13.637401 88.803 -121.5039
13.736223 88.825 -121.8195
13.835761 88.846 -122.1370
13.936021 88.867 -122.4567
14.037007 88.887 -122.7789
14.138725 88.908 -123.1040
14.241180 88.927 -123.4324
14.344377 88.947 -123.7642
14.448323 88.966 -124.0996
14.553021 88.985 -124.4388
14.658478 89.003 -124.7817
14.764700 89.022 -125.1283
14.871691 89.039 -125.4783
14.979457 89.057 -125.8316
15.088005 89.075 -126.1879
15.197339 89.092 -126.5468
15.307465 89.109 -126.9080
15.418389 89.127 -127.2711
15.530117 89.144 -127.6360
15.642655 89.161 -128.0023
15.756008 89.178 -128.3699
15.870182 89.195 -128.7387
15.985184 89.212 -129.1086
16.101019 89.230 -129.4797
16.217694 89.248 -129.8520
16.335214 89.266 -130.2255
16.453586 89.284 -130.6002
16.572815 89.303 -130.9759
16.692909 89.323 -131.3527
16.813872 89.342 -131.7301
16.935713 89.363 -132.1081
17.058436 89.384 -132.4861
17.182048 89.405 -132.8637
17.306556 89.426 -133.2406
17.431967 89.448 -133.6162
17.558286 89.470 -133.9902
17.685521 89.492 -134.3621
17.813677 89.514 -134.7316
17.942762 89.536 -135.0986
18.072783 89.558 -135.4629
18.203746 89.580 -135.8244
18.335658 89.603 -136.1830
18.468526 89.625 -136.5387
18.602356 89.647 -136.8915
18.737156 89.670 -137.2411
18.872934 89.692 -137.5877
19.009695 89.715 -137.9309
19.147447 89.737 -138.2706
19.286197 89.760 -138.6067
19.425953 89.782 -138.9390
19.566721 89.803 -139.2675
19.708510 89.825 -139.5922
19.851326 89.845 -139.9131
19.995177 89.866 -140.2306
20.140070 89.886 -140.5448
20.286013 89.905 -140.8562
20.433014 89.924 -141.1651
20.581080 89.943 -141.4720
20.730219 89.961 -141.7771
20.880439 89.978 -142.0809
21.031747 89.995 -142.3835
21.184152 90.012 -142.6851
21.337661 90.028 -142.9859
21.492282 90.044 -143.2860
21.648024 90.059 -143.5857
21.804895 90.074 -143.8852
21.962902 90.088 -144.1849
22.122054 90.102 -144.4851
22.282360 90.116 -144.7865
22.443827 90.129 -145.0895
22.606464 90.142 -145.3947
22.770280 90.154 -145.7026
22.935283 90.166 -146.0134
23.101481 90.177 -146.3275
23.268884 90.188 -146.6446
23.437500 90.198 -146.9647
23.607338 90.208 -147.2874
23.778406 90.217 -147.6123
23.950714 90.226 -147.9388
24.124271 90.234 -148.2664
24.299086 90.242 -148.5948
24.475167 90.250 -148.9234
24.652524 90.258 -149.2522
24.831166 90.266 -149.5810
25.011103 90.274 -149.9098
25.192344 90.282 -150.2386
25.374898 90.290 -150.5677
25.558775 90.299 -150.8970
25.743984 90.308 -151.2266
25.930536 90.318 -151.5563
26.118439 90.327 -151.8859
26.307704 90.337 -152.2150
26.498341 90.346 -152.5430
26.690359 90.356 -152.8692
26.883768 90.365 -153.1929
27.078579 90.374 -153.5135
27.274801 90.383 -153.8305
27.472446 90.392 -154.1435
27.671522 90.401 -154.4525
27.872042 90.409 -154.7574
28.074014 90.418 -155.0585
28.277450 90.426 -155.3562
28.482360 90.434 -155.6508
28.688755 90.442 -155.9425
28.896645 90.449 -156.2315
29.106042 90.456 -156.5181
29.316957 90.463 -156.8023
29.529400 90.469 -157.0846
29.743382 90.475 -157.3654
29.958915 90.481 -157.6454
30.176009 90.486 -157.9254
30.394677 90.491 -158.2060
30.614929 90.496 -158.4878
30.836778 90.500 -158.7709
31.060234 90.503 -159.0554
31.285309 90.506 -159.3407
31.512015 90.508 -159.6263
31.740364 90.510 -159.9117
31.970368 90.511 -160.1968
32.202039 90.511 -160.4817
32.435388 90.512 -160.7670
32.670428 90.513 -161.0538
32.907171 90.514 -161.3429
33.145630 90.515 -161.6349
33.385817 90.516 -161.9298
33.627745 90.517 -162.2271
33.871425 90.517 -162.5258
34.116871 90.518 -162.8247
34.364096 90.518 -163.1225
34.613113 90.518 -163.4187
34.863934 90.519 -163.7132
35.116572 90.519 -164.0065
35.371041 90.520 -164.2996
35.627354 90.521 -164.5932
35.885525 90.522 -164.8875
36.145566 90.523 -165.1824
36.407492 90.523 -165.4766
36.671316 90.523 -165.7686
36.937051 90.522 -166.0566
37.204712 90.520 -166.3392
37.474313 90.518 -166.6155
37.745867 90.515 -166.8854
38.019389 90.513 -167.1494
38.294893 90.511 -167.4089
38.572394 90.509 -167.6654
38.851905 90.507 -167.9206
39.133442 90.505 -168.1760
39.417019 90.503 -168.4330
39.702651 90.501 -168.6922
39.990353 90.497 -168.9535
40.280140 90.493 -169.2156
40.572026 90.487 -169.4762
40.866028 90.480 -169.7322
41.162160 90.473 -169.9810
41.460438 90.465 -170.2210
41.760877 90.457 -170.4528
42.063494 90.451 -170.6792
42.368303 90.445 -170.9050
42.675322 90.442 -171.1352
42.984565 90.438 -171.3737
43.296048 90.435 -171.6218
43.609789 90.431 -171.8779
43.925804 90.426 -172.1382
44.244108 90.419 -172.3984
44.564719 90.412 -172.6546
44.887654 90.404 -172.9048
45.212928 90.397 -173.1491
45.540560 90.390 -173.3893
45.870565 90.384 -173.6284
46.202962 90.378 -173.8701
46.537768 90.374 -174.1183
46.875000 90.369 -174.3754
47.214676 90.363 -174.6415
47.556813 90.355 -174.9131
47.901429 90.344 -175.1831
48.248542 90.331 -175.4422
48.598171 90.316 -175.6820
48.950334 90.300 -175.8987
49.305048 90.287 -176.0947
49.662333 90.276 -176.2786
50.022206 90.268 -176.4625
50.384688 90.264 -176.6584
50.749796 90.261 -176.8750
51.117550 90.259 -177.1160
51.487969 90.254 -177.3797
51.861072 90.248 -177.6601
52.236879 90.237 -177.9480
52.615409 90.224 -178.2328
52.996681 90.208 -178.5058
53.380717 90.191 -178.7620
53.767536 90.175 -179.0022
54.157158 90.160 -179.2316
54.549603 90.147 -179.4570
54.944892 90.136 -179.6834
55.343045 90.126 -179.9120
55.744084 90.116 179.8590
56.148028 90.106 179.6320
56.554900 90.097 179.4076
56.964720 90.089 179.1837
57.377510 90.081 178.9572
57.793291 90.072 178.7266
58.212085 90.063 178.4923
58.633914 90.052 178.2574
59.058799 90.040 178.0256
59.486764 90.026 177.7992
59.917829 90.010 177.5787
60.352019 89.994 177.3628
60.789354 89.977 177.1497
61.229859 89.959 176.9381
61.673556 89.941 176.7273
62.120468 89.922 176.5169
62.570618 89.903 176.3066
63.024031 89.884 176.0963
63.480729 89.865 175.8869
63.940736 89.846 175.6801
64.404077 89.828 175.4773
64.870776 89.811 175.2777
65.340856 89.796 175.0782
65.814343 89.783 174.8749
66.291261 89.770 174.6645
66.771635 89.758 174.4462
67.255489 89.745 174.2220
67.742850 89.730 173.9956
68.233743 89.715 173.7717
68.728193 89.698 173.5544
69.226226 89.680 173.3452
69.727867 89.662 173.1425
70.233144 89.644 172.9429
70.742083 89.626 172.7429
71.254709 89.608 172.5410
71.771050 89.590 172.3372
72.291132 89.571 172.1321
72.814984 89.551 171.9275
73.342631 89.531 171.7251
73.874102 89.510 171.5266
74.409424 89.491 171.3312
74.948626 89.471 171.1366
75.491734 89.452 170.9411
76.038779 89.433 170.7462
76.589787 89.413 170.5561
77.144788 89.394 170.3739
77.703811 89.376 170.1979
78.266885 89.359 170.0207
78.834039 89.343 169.8339
79.405303 89.327 169.6333
79.980706 89.310 169.4218
80.560280 89.290 169.2051
81.144053 89.268 168.9868
81.732056 89.245 168.7661
82.324320 89.220 168.5412
82.920876 89.194 168.3118
83.521755 89.165 168.0792
84.126988 89.135 167.8444
84.736607 89.104 167.6083
85.350643 89.071 167.3735
85.969129 89.036 167.1455
86.592097 89.000 166.9309
87.219579 88.965 166.7340
87.851608 88.931 166.5547
88.488217 88.899 166.3895
89.129439 88.869 166.2332
89.775308 88.839 166.0823
90.425856 88.810 165.9358
91.081119 88.780 165.7942
91.741131 88.749 165.6580
92.405925 88.716 165.5274
93.075536 88.681 165.4036
93.750000 88.645 165.2892
94.429351 88.608 165.1855
95.113625 88.572 165.0904
95.802858 88.538 164.9984
96.497085 88.506 164.9051
97.196342 88.475 164.8095
97.900667 88.445 164.7148
98.610096 88.416 164.6262
99.324665 88.387 164.5480
100.044413 88.359 164.4808
100.769376 88.332 164.4208
101.499592 88.303 164.3620
102.235100 88.275 164.2984
102.975938 88.244 164.2264
103.722144 88.212 164.1480
104.473757 88.179 164.0719
105.230817 88.147 164.0062
105.993363 88.120 163.9480
106.761435 88.099 163.8841
107.535072 88.085 163.8022
108.314315 88.075 163.7000
109.099206 88.069 163.5822
109.889783 88.064 163.4537
110.686090 88.058 163.3157
111.488167 88.050 163.1700
112.296056 88.038 163.0216
113.109800 88.022 162.8758
113.929440 88.001 162.7361
114.755020 87.977 162.6046
115.586582 87.948 162.4829
116.424170 87.918 162.3727
117.267827 87.886 162.2762
118.117598 87.854 162.1933
118.973527 87.824 162.1184
119.835658 87.794 162.0409
120.704037 87.765 161.9508
121.578708 87.736 161.8451
122.459718 87.706 161.7253
123.347111 87.675 161.5950
124.240935 87.643 161.4592
125.141236 87.611 161.3239
126.048061 87.580 161.1940
126.961458 87.549 161.0724
127.881473 87.519 160.9594
128.808154 87.489 160.8533
129.741551 87.458 160.7516
130.681712 87.427 160.6528
131.628686 87.395 160.5559
132.582521 87.362 160.4592
133.543269 87.328 160.3605
134.510979 87.294 160.2585
135.485701 87.260 160.1537
136.467486 87.225 160.0488
137.456386 87.189 159.9474
138.452451 87.153 159.8527
139.455735 87.116 159.7661
140.466288 87.079 159.6876
141.484165 87.041 159.6157
142.509418 87.003 159.5477
143.542100 86.964 159.4807
144.582265 86.926 159.4127
145.629968 86.887 159.3432
146.685262 86.848 159.2720
147.748204 86.810 159.1994
148.818849 86.772 159.1260
149.897251 86.734 159.0537
150.983469 86.695 158.9876
152.077557 86.655 158.9357
153.179574 86.614 158.9053
154.289576 86.573 158.8985
155.407622 86.531 158.9097
156.533770 86.489 158.9278
157.668078 86.448 158.9424
158.810606 86.406 158.9464
159.961413 86.365 158.9369
161.120559 86.324 158.9166
162.288105 86.284 158.8924
163.464112 86.244 158.8724
164.648640 86.204 158.8618
165.841752 86.163 158.8618
167.043510 86.121 158.8705
168.253976 86.077 158.8856
169.473213 86.032 158.9062
170.701286 85.987 158.9314
171.938258 85.944 158.9589
173.184194 85.903 158.9868
174.439158 85.865 159.0154
175.703216 85.828 159.0455
176.976434 85.794 159.0760
178.258878 85.760 159.1050
179.550615 85.727 159.1334
180.851713 85.693 159.1628
182.162239 85.658 159.1938
183.482262 85.624 159.2246
184.811850 85.590 159.2526
186.151073 85.555 159.2773
187.500000 85.520 159.3012
188.858702 85.484 159.3278
190.227250 85.450 159.3590
191.605715 85.416 159.3943
192.994169 85.383 159.4324
194.392685 85.350 159.4722
195.801334 85.317 159.5130
197.220191 85.283 159.5558
198.649330 85.249 159.6023
200.088825 85.214 159.6537
201.538751 85.180 159.7092
202.999184 85.147 159.7654
204.470200 85.115 159.8175
205.951875 85.084 159.8615
207.444287 85.052 159.8961
208.947514 85.018 159.9226
210.461634 84.983 159.9442
211.986726 84.946 159.9658
213.522869 84.907 159.9932
215.070144 84.867 160.0326
216.628631 84.825 160.0897
218.198411 84.784 160.1670
219.779567 84.742 160.2615
221.372180 84.702 160.3670
222.976334 84.662 160.4781
224.592112 84.621 160.5919
226.219600 84.581 160.7090
227.858880 84.541 160.8315
229.510039 84.501 160.9612
231.173164 84.462 161.0980
232.848340 84.424 161.2403
234.535655 84.387 161.3848
236.235197 84.351 161.5288
237.947054 84.317 161.6717
239.671317 84.284 161.8137
241.408074 84.251 161.9545
243.157416 84.220 162.0939
244.919435 84.189 162.2323
246.694223 84.160 162.3720
248.481871 84.132 162.5161
250.282473 84.106 162.6655
252.096123 84.081 162.8184
253.922915 84.058 162.9704
255.762945 84.038 163.1152
257.616309 84.020 163.2443
259.483103 84.002 163.3496
261.363424 83.984 163.4296
263.257372 83.964 163.4905
265.165043 83.941 163.5430
267.086538 83.914 163.5957
269.021957 83.884 163.6548
270.971401 83.852 163.7249
272.934972 83.819 163.8079
274.912771 83.786 163.9042
276.904902 83.753 164.0119
278.911469 83.721 164.1285
280.932577 83.691 164.2513
282.968330 83.662 164.3768
285.018835 83.635 164.4989
287.084199 83.610 164.6100
289.164530 83.584 164.7039
291.259935 83.558 164.7796
293.370525 83.530 164.8431
295.496408 83.498 164.9049
297.637697 83.464 164.9751
299.794503 83.428 165.0597
301.966937 83.392 165.1593
304.155114 83.354 165.2711
306.359147 83.317 165.3910
308.579152 83.279 165.5163
310.815244 83.242 165.6456
313.067539 83.204 165.7780
315.336156 83.165 165.9138
317.621211 83.126 166.0563
319.922826 83.086 166.2098
322.241118 83.046 166.3773
324.576210 83.007 166.5584
326.928223 82.969 166.7493
329.297280 82.932 166.9453
331.683504 82.896 167.1425
334.087019 82.861 167.3386
336.507952 82.828 167.5320
338.946427 82.794 167.7226
341.402572 82.760 167.9117
343.876516 82.725 168.1020
346.368387 82.690 168.2961
348.878315 82.654 168.4955
351.406431 82.619 168.6999
353.952867 82.584 168.9081
356.517756 82.549 169.1192
359.101230 82.514 169.3325
361.703426 82.479 169.5477
364.324478 82.445 169.7649
366.964523 82.410 169.9842
369.623699 82.376 170.2064
372.302145 82.343 170.4317
375.000000 82.309 170.6604
377.717405 82.276 170.8925
380.454501 82.243 171.1284
383.211431 82.211 171.3685
385.988339 82.179 171.6130
388.785369 82.147 171.8619
391.602668 82.116 172.1149
394.440383 82.085 172.3714
397.298660 82.054 172.6307
400.177650 82.024 172.8915
403.077502 81.995 173.1523
405.998368 81.965 173.4120
408.940400 81.936 173.6697
411.903750 81.906 173.9267
414.888575 81.876 174.1863
417.895028 81.845 174.4525
420.923268 81.815 174.7283
423.973452 81.785 175.0147
427.045738 81.756 175.3102
430.140287 81.729 175.6116
433.257261 81.704 175.9146
436.396822 81.680 176.2160
439.559133 81.657 176.5144
442.744360 81.636 176.8091
445.952668 81.617 177.0981
449.184225 81.598 177.3773
452.439199 81.579 177.6415
455.717760 81.560 177.8885
459.020079 81.539 178.1222
462.346327 81.515 178.3529
465.696680 81.489 178.5920
469.071310 81.460 178.8464
472.470394 81.430 179.1172
475.894109 81.401 179.4014
479.342634 81.372 179.6929
482.816148 81.343 179.9855
486.314833 81.315 -179.7230
489.838871 81.285 -179.4280
493.388445 81.255 -179.1207
496.963741 81.225 -178.7957
500.564945 81.197 -178.4560
504.192245 81.170 -178.1099
507.845830 81.145 -177.7654
511.525890 81.120 -177.4268
515.232618 81.096 -177.0930
518.966206 81.071 -176.7597
522.726849 81.045 -176.4207
526.514743 81.019 -176.0709
530.330086 80.993 -175.7086
534.173076 80.968 -175.3373
538.043915 80.945 -174.9620
541.942803 80.922 -174.5850
545.869944 80.901 -174.2056
549.825542 80.880 -173.8234
553.809805 80.860 -173.4405
557.822939 80.842 -173.0599
561.865154 80.824 -172.6835
565.936660 80.806 -172.3105
570.037671 80.787 -171.9379
574.168399 80.768 -171.5615
578.329060 80.749 -171.1785
582.519870 80.730 -170.7893
586.741049 80.710 -170.3942
590.992817 80.691 -169.9912
595.275394 80.673 -169.5773
599.589005 80.655 -169.1532
603.933874 80.638 -168.7231
608.310228 80.623 -168.2915
612.718295 80.607 -167.8606
617.158304 80.592 -167.4291
621.630488 80.577 -166.9912
626.135079 80.561 -166.5400
630.672311 80.547 -166.0726
635.242423 80.535 -165.5930
639.845651 80.525 -165.1074
644.482237 80.517 -164.6181
649.152421 80.511 -164.1250
653.856447 80.507 -163.6300
658.594560 80.507 -163.1401
663.367008 80.510 -162.6654
668.174039 80.514 -162.2132
673.015903 80.517 -161.7829
677.892854 80.519 -161.3668
682.805145 80.519 -160.9553
687.753032 80.517 -160.5406
692.736774 80.513 -160.1171
697.756631 80.507 -159.6802
702.812863 80.502 -159.2286
707.905735 80.497 -158.7648
713.035511 80.493 -158.2931
718.202461 80.491 -157.8170
723.406852 80.489 -157.3377
728.648956 80.487 -156.8547
733.929047 80.486 -156.3675
739.247399 80.486 -155.8760
744.604290 80.486 -155.3794
750.000000 80.487 -154.8767
755.434809 80.489 -154.3678
760.909001 80.492 -153.8533
766.422861 80.496 -153.3348
771.976677 80.501 -152.8140
777.570739 80.507 -152.2920
783.205337 80.513 -151.7690
788.880766 80.521 -151.2429
794.597321 80.529 -150.7102
800.355301 80.539 -150.1675
806.155005 80.551 -149.6150
811.996736 80.565 -149.0570
817.880799 80.583 -148.5001
823.807501 80.603 -147.9506
829.777150 80.624 -147.4132
835.790057 80.646 -146.8875
841.846536 80.668 -146.3669
847.946903 80.689 -145.8437
854.091476 80.711 -145.3163
860.280575 80.733 -144.7871
866.514523 80.756 -144.2583
872.793644 80.780 -143.7290
879.118267 80.805 -143.1995
885.488720 80.830 -142.6728
891.905336 80.857 -142.1506
898.368450 80.884 -141.6309
904.878398 80.912 -141.1092
911.435520 80.941 -140.5826
918.040157 80.972 -140.0517
924.692655 81.004 -139.5181
931.393359 81.039 -138.9852
938.142619 81.075 -138.4576
944.940787 81.113 -137.9385
951.788218 81.152 -137.4283
958.685268 81.192 -136.9248
965.632296 81.232 -136.4252
972.629666 81.274 -135.9270
979.677741 81.316 -135.4297
986.776890 81.360 -134.9337
993.927482 81.404 -134.4378
1001.129891 81.450 -133.9378
1008.384491 81.497 -133.4306
1015.691660 81.547 -132.9178
1023.051781 81.601 -132.4046
1030.465236 81.659 -131.8983
1037.932411 81.720 -131.4097
1045.453698 81.784 -130.9504
1053.029486 81.849 -130.5253
1060.660172 81.912 -130.1305
1068.346153 81.974 -129.7570
1076.087829 82.035 -129.3951
1083.885605 82.093 -129.0378
1091.739887 82.151 -128.6826
1099.651084 82.208 -128.3296
1107.619609 82.264 -127.9785
1115.645878 82.319 -127.6288
1123.730308 82.374 -127.2791
1131.873321 82.428 -126.9280
1140.075341 82.482 -126.5747
1148.336797 82.536 -126.2186
1156.658119 82.590 -125.8596
1165.039741 82.645 -125.4967
1173.482099 82.701 -125.1284
1181.985634 82.760 -124.7551
1190.550789 82.821 -124.3830
1199.178011 82.886 -124.0232
1207.867749 82.954 -123.6877
1216.620457 83.022 -123.3824
1225.436590 83.089 -123.1036
1234.316609 83.154 -122.8419
1243.260976 83.216 -122.5875
1252.270157 83.275 -122.3326
1261.344623 83.333 -122.0729
1270.484846 83.389 -121.8076
1279.691303 83.444 -121.5356
1288.964474 83.498 -121.2556
1298.304842 83.552 -120.9681
1307.712894 83.607 -120.6755
1317.189120 83.661 -120.3813
1326.734016 83.717 -120.0872
1336.348077 83.773 -119.7921
1346.031806 83.829 -119.4929
1355.785708 83.886 -119.1856
1365.610290 83.944 -118.8665
1375.506065 84.004 -118.5315
1385.473549 84.066 -118.1755
1395.513261 84.131 -117.7975
1405.625726 84.201 -117.4029
1415.811469 84.275 -117.0036
1426.071023 84.354 -116.6141
1436.404921 84.435 -116.2438
1446.813703 84.517 -115.8932
1457.297912 84.599 -115.5571
1467.858093 84.679 -115.2288
1478.494798 84.757 -114.9032
1489.208581 84.833 -114.5763
1500.000000 84.907 -114.2444
1510.869618 84.977 -113.9037
1521.818002 85.043 -113.5505
1532.845723 85.105 -113.1815
1543.953355 85.165 -112.7942
1555.141477 85.224 -112.3880
1566.410674 85.285 -111.9669
1577.761531 85.347 -111.5420
1589.194642 85.413 -111.1266
1600.710601 85.481 -110.7292
1612.310010 85.549 -110.3488
1623.993473 85.617 -109.9787
1635.761599 85.684 -109.6100
1647.615002 85.750 -109.2354
1659.554299 85.817 -108.8485
1671.580114 85.885 -108.4438
1683.693072 85.955 -108.0186
1695.893807 86.027 -107.5729
1708.182952 86.103 -107.1078
1720.561150 86.182 -106.6228
1733.029045 86.265 -106.1157
1745.587288 86.351 -105.5833
1758.236533 86.444 -105.0224
1770.977440 86.547 -104.4337
1783.810673 86.661 -103.8269
1796.736900 86.790 -103.2241
1809.756796 86.934 -102.6545
1822.871040 87.093 -102.1460
1836.080315 87.264 -101.7195
1849.385310 87.445 -101.3899
1862.786718 87.633 -101.1677
1876.285239 87.826 -101.0587
1889.881575 88.020 -101.0625
1903.576436 88.215 -101.1728
1917.370535 88.407 -101.3779
1931.264593 88.596 -101.6626
1945.259332 88.780 -102.0128
1959.355483 88.961 -102.4198
1973.553781 89.135 -102.8791
1987.854965 89.302 -103.3847
2002.259781 89.461 -103.9262
2016.768981 89.610 -104.4910
2031.383320 89.751 -105.0671
2046.103561 89.884 -105.6451
2060.930471 90.011 -106.2190
2075.864823 90.132 -106.7877
2090.907395 90.248 -107.3524
2106.058972 90.360 -107.9133
2121.320344 90.467 -108.4687
2136.692305 90.569 -109.0139
2152.175658 90.668 -109.5445
2167.771210 90.765 -110.0615
2183.479774 90.861 -110.5738
2199.302169 90.958 -111.0954
2215.239219 91.054 -111.6369
2231.291755 91.148 -112.2038
2247.460615 91.239 -112.7962
2263.746641 91.325 -113.4096
2280.150683 91.405 -114.0365
2296.673595 91.480 -114.6674
2313.316238 91.550 -115.2935
2330.079481 91.617 -115.9101
2346.964198 91.681 -116.5198
2363.971268 91.743 -117.1289
2381.101578 91.802 -117.7405
2398.356022 91.858 -118.3518
2415.735498 91.909 -118.9553
2433.240913 91.956 -119.5412
2450.873180 92.000 -120.1012
2468.633217 92.043 -120.6310
2486.521951 92.087 -121.1297
2504.540314 92.133 -121.5987
2522.689246 92.184 -122.0423
2540.969692 92.242 -122.4711
2559.382606 92.310 -122.9071
2577.928947 92.388 -123.3825
2596.609683 92.475 -123.9306
2615.425787 92.565 -124.5764
2634.378241 92.653 -125.3311
2653.468031 92.735 -126.1910
2672.696154 92.805 -127.1390
2692.063613 92.862 -128.1497
2711.571415 92.903 -129.1964
2731.220579 92.931 -130.2590
2751.012130 92.945 -131.3251
2770.947098 92.947 -132.3860
2791.026522 92.937 -133.4332
2811.251451 92.915 -134.4581
2831.622938 92.883 -135.4528
2852.142045 92.840 -136.4113
2872.809842 92.788 -137.3280
2893.627406 92.726 -138.1952
2914.595823 92.656 -139.0026
2935.716186 92.579 -139.7411
2956.989596 92.498 -140.4091
2978.417161 92.415 -141.0114
3000.000000 92.330 -141.5555
3021.739237 92.243 -142.0467
3043.636005 92.156 -142.4858
3065.691446 92.066 -142.8680
3087.906710 91.976 -143.1855
3110.282955 91.887 -143.4344
3132.821347 91.801 -143.6186
3155.523062 91.719 -143.7475
3178.389283 91.642 -143.8317
3201.421202 91.571 -143.8804
3224.620020 91.504 -143.9009
3247.986946 91.441 -143.8994
3271.523198 91.381 -143.8777
3295.230004 91.324 -143.8318
3319.108599 91.270 -143.7545
3343.160228 91.220 -143.6426
3367.386145 91.175 -143.4997
3391.787613 91.135 -143.3333
3416.365904 91.102 -143.1494
3441.122300 91.074 -142.9493
3466.058091 91.050 -142.7284
3491.174576 91.033 -142.4816
3516.473066 91.022 -142.2095
3541.954880 91.019 -141.9192
3567.621345 91.024 -141.6207
3593.473800 91.037 -141.3236
3619.513592 91.058 -141.0364
3645.742080 91.085 -140.7647
3672.160630 91.116 -140.5082
3698.770620 91.152 -140.2608
3725.573436 91.192 -140.0167
3752.570477 91.238 -139.7765
3779.763150 91.288 -139.5458
3807.152872 91.344 -139.3302
3834.741071 91.403 -139.1304
3862.529185 91.467 -138.9410
3890.518664 91.535 -138.7575
3918.710966 91.610 -138.5818
3947.107561 91.693 -138.4230
3975.709929 91.785 -138.2945
4004.519563 91.887 -138.2111
4033.537962 91.997 -138.1867
4062.766641 92.114 -138.2293
4092.207123 92.236 -138.3397
4121.860942 92.363 -138.5181
4151.729646 92.496 -138.7686
4181.814790 92.632 -139.0983
4212.117944 92.772 -139.5130
4242.640687 92.912 -140.0125
4273.384610 93.054 -140.5951
4304.351317 93.197 -141.2628
4335.542421 93.342 -142.0245
4366.959549 93.487 -142.8943
4398.604338 93.632 -143.8893
4430.478438 93.774 -145.0243
4462.583511 93.910 -146.3060
4494.921231 94.035 -147.7331
4527.493283 94.148 -149.3011
4560.301365 94.244 -151.0049
4593.347189 94.322 -152.8362
4626.632476 94.377 -154.7793
4660.158962 94.406 -156.8115
4693.928395 94.409 -158.9084
4727.942535 94.386 -161.0483
4762.203156 94.335 -163.2135
4796.712043 94.258 -165.3900
4831.470996 94.154 -167.5641
4866.481826 94.022 -169.7172
4901.746360 93.862 -171.8274
4937.266434 93.673 -173.8734
4973.043902 93.457 -175.8364
5009.080628 93.214 -177.6964
5045.378492 92.946 -179.4298
5081.939384 92.653 178.9875
5118.765212 92.340 177.5753
5155.857894 92.011 176.3445
5193.219366 91.669 175.2967
5230.851574 91.318 174.4265
5268.756481 90.960 173.7285
5306.936062 90.597 173.1971
5345.392309 90.231 172.8247
5384.127225 89.862 172.6038
5423.142830 89.490 172.5327
5462.441159 89.114 172.6174
5502.024259 88.735 172.8684
5541.894195 88.353 173.2958
5582.053045 87.971 173.9060
5622.502902 87.592 174.7030
5663.245876 87.215 175.6943
5704.284090 86.844 176.8918
5745.619684 86.481 178.3094
5787.254813 86.128 179.9646
5829.191647 85.790 -178.1191
5871.432373 85.472 -175.9129
5913.979192 85.182 -173.3885
5956.834323 84.933 -170.5272
6000.000000 84.739 -167.3339
6043.478473 84.617 -163.8560
6087.272010 84.583 -160.2007
6131.382892 84.648 -156.5421
6175.813420 84.812 -153.0981
6220.565910 85.062 -150.0811
6265.642695 85.375 -147.6477
6311.046124 85.721 -145.8698
6356.778566 86.073 -144.7354
6402.842404 86.407 -144.1672
6449.240040 86.707 -144.0474
6495.973891 86.962 -144.2435
6543.046396 87.171 -144.6293
6590.460007 87.336 -145.0963
6638.217197 87.462 -145.5565
6686.320456 87.559 -145.9440
6734.772290 87.635 -146.2158
6783.575226 87.699 -146.3511
6832.731809 87.762 -146.3475
6882.244600 87.829 -146.2178
6932.116181 87.907 -145.9870
6982.349153 88.002 -145.6871
7032.946133 88.116 -145.3499
7083.909760 88.252 -145.0043
7135.242690 88.413 -144.6788
7186.947600 88.603 -144.4047
7239.027185 88.824 -144.2181
7291.484160 89.077 -144.1625
7344.321260 89.362 -144.2895
7397.541239 89.679 -144.6542
7451.146872 90.024 -145.3100
7505.140954 90.393 -146.3073
7559.526299 90.778 -147.6956
7614.305743 91.172 -149.5219
7669.482141 91.564 -151.8286
7725.058371 91.940 -154.6498
7781.037328 92.284 -158.0025
7837.421932 92.576 -161.8753
7894.215122 92.798 -166.2214
7951.419859 92.931 -170.9586
8009.039125 92.962 -175.9722
8067.075924 92.882 178.8762
8125.533282 92.686 173.7354
8184.414245 92.378 168.7518
8243.721885 91.964 164.0604
8303.459292 91.455 159.7771
8363.629581 90.865 155.9920
8424.235888 90.212 152.7672
8485.281374 89.513 150.1343
8546.769221 88.787 148.0932
8608.702634 88.051 146.6167
8671.084842 87.318 145.6605
8733.919097 86.600 145.1729
8797.208675 85.905 145.1025
8860.956876 85.239 145.4025
8925.167022 84.606 146.0266
8989.842461 84.009 146.9264
9054.986566 83.450 148.0549
9120.602731 82.930 149.3708
9186.694378 82.446 150.8427
9253.264952 81.998 152.4503
9320.317925 81.585 154.1786
9387.856790 81.207 156.0106
9455.885071 80.865 157.9260
9524.406312 80.557 159.9046
9593.424086 80.283 161.9325
9662.941992 80.042 164.0046
9732.963653 79.836 166.1184
9803.492719 79.664 168.2662
9874.532869 79.529 170.4338
9946.087805 79.430 172.6042
10018.161257 79.367 174.7647
10090.756983 79.341 176.9084
10163.878768 79.353 179.0263
10237.530423 79.405 -178.8994
10311.715789 79.500 -176.8956
10386.438732 79.639 -174.9932
10461.703149 79.825 -173.2218
10537.512962 80.059 -171.6144
10613.872125 80.344 -170.2162
10690.784618 80.681 -169.0891
10768.254450 81.069 -168.3083
10846.285661 81.505 -167.9543
10924.882318 81.981 -168.1091
11004.048518 82.489 -168.8564
11083.788390 83.012 -170.2767
11164.106090 83.529 -172.4364
11245.005805 84.015 -175.3700
11326.491752 84.442 -179.0685
11408.568180 84.781 176.5269
11491.239368 85.005 171.5262
11574.509626 85.090 166.0906
11658.383294 85.022 160.4264
11742.864745 84.791 154.7679
11827.958384 84.403 149.3503
11913.668646 83.872 144.3813
12000.000000 83.217 140.0228
12086.956947 82.464 136.3857
12174.544019 81.640 133.5319
12262.765784 80.770 131.4797
12351.626840 79.881 130.2073
12441.131819 78.994 129.6615
12531.285389 78.127 129.7704
12622.092249 77.296 130.4550
12713.557132 76.511 131.6340
12805.684808 75.779 133.2239
12898.480079 75.104 135.1442
12991.947783 74.489 137.3233
13086.092792 73.932 139.7028
13180.920015 73.433 142.2343
13276.434395 72.988 144.8771
13372.640911 72.596 147.6013
13469.544580 72.253 150.3893
13567.150452 71.959 153.2288
13665.463617 71.713 156.1072
13764.489200 71.516 159.0118
13864.232362 71.368 161.9326
13964.698305 71.273 164.8587
14065.892266 71.235 167.7716
14167.819519 71.262 170.6440
14270.485380 71.360 173.4389
14373.895200 71.539 176.1032
14478.054370 71.809 178.5600
14582.968320 72.179 -179.2935
14688.642520 72.653 -177.5860
14795.082478 73.232 -176.4734
14902.293745 73.905 -176.1331
15010.281908 74.651 -176.7440
15119.052599 75.436 -178.4618
15228.611486 76.218 178.6024
15338.964283 76.946 174.4050
15450.116741 77.564 168.9928
15562.074656 78.018 162.5215
15674.843864 78.263 155.2637
15788.430244 78.267 147.5959
15902.839718 78.019 139.9545
16018.078250 77.533 132.7624
16134.151848 76.840 126.3641
16251.066563 75.988 120.9932
16368.828491 75.025 116.7723
16487.443769 74.006 113.7240
16606.918584 72.982 111.7811
16727.259161 72.002 110.8024
16848.471777 71.109 110.5907
16970.562748 70.336 110.9084
17093.538442 69.709 111.4891
17217.405268 69.241 112.0516
17342.169684 68.931 112.3134
17467.838194 68.763 112.0050
17594.417350 68.704 110.8948
17721.913751 68.704 108.8179
17850.334044 68.705 105.7020
17979.684923 68.642 101.5914
18109.973131 68.453 96.6632
18241.205462 68.089 91.2176
18373.388756 67.519 85.6402
18506.529905 66.734 80.3379
18640.635849 65.749 75.6656
18775.713581 64.594 71.8688
18911.770141 63.307 69.0580
19048.812624 61.926 67.2285
19186.848172 60.481 66.3255
19325.883983 58.997 66.3135
19465.927305 57.500 67.1707
19606.985439 56.034 68.7996
19749.065738 54.681 70.9215
19892.175609 53.588 73.0071
20036.322514 52.956 74.3373
