* Measurement data measured by REW V5.31
* Source: EXCL: Microphone (USB Sound Device        ), MICROPHONE (Master Volume), L, volume: 0.390
* Format: 256k Log Swept Sine, 1 sweep at -4.0 dBFS with no timing reference
* Dated: Jul 21, 2024 11:49:49 PM
* REW Settings:
*  C-weighting compensation: Off
*  Target level: 75.0 dB
* Note: Kefine Delci AE Silver L
* Measurement: L Kefine Delci AE Silver
* Smoothing: 1/12 octave
* Frequency Step: 96 ppo
* Start Frequency: 0.36621094 Hz
*
* Freq(Hz) SPL(dB) Phase(degrees)
0.366211 84.907 -65.2613
0.368865 84.913 -65.3270
0.371538 84.921 -65.4254
0.374230 84.931 -65.5487
0.376942 84.942 -65.6906
0.379673 84.955 -65.8462
0.382424 84.967 -66.0122
0.385196 84.981 -66.1869
0.387987 84.994 -66.3691
0.390798 85.007 -66.5581
0.393630 85.021 -66.7536
0.396483 85.035 -66.9556
0.399356 85.048 -67.1638
0.402250 85.062 -67.3783
0.405165 85.076 -67.5992
0.408101 85.091 -67.8263
0.411058 85.105 -68.0598
0.414037 85.119 -68.2996
0.417037 85.134 -68.5457
0.420059 85.148 -68.7981
0.423103 85.163 -69.0569
0.426169 85.178 -69.3221
0.429257 85.192 -69.5935
0.432368 85.207 -69.8713
0.435501 85.222 -70.1555
0.438656 85.238 -70.4459
0.441835 85.253 -70.7426
0.445037 85.268 -71.0455
0.448262 85.284 -71.3547
0.451510 85.300 -71.6701
0.454782 85.315 -71.9917
0.458077 85.331 -72.3193
0.461397 85.347 -72.6530
0.464740 85.363 -72.9928
0.468108 85.379 -73.3384
0.471500 85.396 -73.6900
0.474917 85.412 -74.0474
0.478358 85.429 -74.4106
0.481825 85.445 -74.7794
0.485316 85.462 -75.1538
0.488833 85.479 -75.5337
0.492375 85.496 -75.9189
0.495943 85.513 -76.3095
0.499537 85.531 -76.7053
0.503157 85.548 -77.1062
0.506803 85.566 -77.5120
0.510475 85.583 -77.9227
0.514175 85.601 -78.3382
0.517900 85.619 -78.7582
0.521653 85.637 -79.1826
0.525434 85.655 -79.6114
0.529241 85.674 -80.0444
0.533076 85.692 -80.4813
0.536939 85.711 -80.9222
0.540830 85.730 -81.3667
0.544749 85.748 -81.8148
0.548696 85.767 -82.2663
0.552673 85.787 -82.7210
0.556677 85.806 -83.1788
0.560711 85.825 -83.6394
0.564774 85.845 -84.1027
0.568867 85.865 -84.5686
0.572989 85.884 -85.0367
0.577141 85.904 -85.5070
0.581324 85.925 -85.9793
0.585536 85.945 -86.4534
0.589779 85.965 -86.9290
0.594053 85.986 -87.4061
0.598358 86.007 -87.8844
0.602694 86.028 -88.3637
0.607061 86.049 -88.8438
0.611460 86.070 -89.3246
0.615891 86.091 -89.8059
0.620354 86.113 -90.2875
0.624849 86.134 -90.7691
0.629377 86.156 -91.2507
0.633938 86.178 -91.7321
0.638532 86.200 -92.2130
0.643159 86.222 -92.6933
0.647819 86.245 -93.1728
0.652514 86.267 -93.6514
0.657242 86.290 -94.1289
0.662005 86.313 -94.6052
0.666802 86.336 -95.0800
0.671634 86.359 -95.5533
0.676501 86.383 -96.0249
0.681403 86.406 -96.4946
0.686341 86.430 -96.9624
0.691314 86.454 -97.4281
0.696324 86.478 -97.8917
0.701370 86.502 -98.3531
0.706452 86.526 -98.8123
0.711571 86.550 -99.2696
0.716728 86.573 -99.7253
0.721921 86.595 -100.1800
0.727153 86.616 -100.6348
0.732422 86.635 -101.0910
0.737729 86.653 -101.5503
0.743075 86.668 -102.0145
0.748460 86.682 -102.4847
0.753883 86.694 -102.9620
0.759346 86.706 -103.4470
0.764849 86.717 -103.9400
0.770391 86.728 -104.4410
0.775974 86.739 -104.9502
0.781597 86.749 -105.4673
0.787261 86.760 -105.9923
0.792966 86.769 -106.5250
0.798712 86.779 -107.0652
0.804500 86.788 -107.6126
0.810329 86.797 -108.1672
0.816201 86.806 -108.7286
0.822116 86.814 -109.2965
0.828073 86.822 -109.8708
0.834074 86.830 -110.4511
0.840118 86.837 -111.0373
0.846206 86.844 -111.6288
0.852338 86.850 -112.2256
0.858514 86.856 -112.8272
0.864735 86.861 -113.4334
0.871001 86.866 -114.0437
0.877313 86.870 -114.6579
0.883670 86.874 -115.2755
0.890074 86.876 -115.8963
0.896524 86.879 -116.5198
0.903020 86.880 -117.1457
0.909564 86.881 -117.7736
0.916155 86.881 -118.4030
0.922794 86.880 -119.0335
0.929481 86.878 -119.6648
0.936216 86.876 -120.2964
0.943000 86.872 -120.9280
0.949834 86.868 -121.5589
0.956717 86.862 -122.1889
0.963649 86.855 -122.8175
0.970632 86.848 -123.4442
0.977666 86.839 -124.0686
0.984750 86.829 -124.6903
0.991886 86.818 -125.3087
0.999074 86.805 -125.9234
1.006314 86.791 -126.5340
1.013606 86.776 -127.1400
1.020951 86.759 -127.7409
1.028349 86.741 -128.3362
1.035801 86.721 -128.9256
1.043307 86.699 -129.5086
1.050867 86.676 -130.0849
1.058482 86.651 -130.6541
1.066152 86.625 -131.2162
1.073878 86.597 -131.7715
1.081660 86.567 -132.3205
1.089498 86.536 -132.8647
1.097393 86.504 -133.4062
1.105345 86.472 -133.9474
1.113355 86.440 -134.4915
1.121423 86.408 -135.0410
1.129549 86.377 -135.5980
1.137734 86.346 -136.1640
1.145979 86.316 -136.7402
1.154283 86.286 -137.3272
1.162647 86.256 -137.9257
1.171072 86.226 -138.5360
1.179558 86.196 -139.1584
1.188106 86.166 -139.7933
1.196715 86.134 -140.4408
1.205387 86.102 -141.1010
1.214122 86.068 -141.7742
1.222920 86.032 -142.4603
1.231782 85.994 -143.1594
1.240708 85.954 -143.8715
1.249699 85.911 -144.5965
1.258754 85.864 -145.3341
1.267876 85.814 -146.0842
1.277063 85.760 -146.8464
1.286318 85.702 -147.6203
1.295639 85.638 -148.4052
1.305027 85.569 -149.2005
1.314484 85.495 -150.0055
1.324009 85.414 -150.8191
1.333604 85.326 -151.6402
1.343268 85.231 -152.4674
1.353002 85.128 -153.2993
1.362806 85.016 -154.1342
1.372681 84.896 -154.9701
1.382628 84.766 -155.8048
1.392647 84.625 -156.6360
1.402739 84.474 -157.4612
1.412904 84.310 -158.2778
1.423142 84.134 -159.0834
1.433455 83.944 -159.8761
1.443843 83.738 -160.6548
1.454305 83.515 -161.4200
1.464844 83.272 -162.1741
1.475459 83.005 -162.9211
1.486150 82.713 -163.6663
1.496920 82.394 -164.4147
1.507767 82.045 -165.1706
1.518693 81.668 -165.9378
1.529698 81.264 -166.7191
1.540783 80.832 -167.5170
1.551948 80.375 -168.3337
1.563194 79.895 -169.1713
1.574521 79.393 -170.0318
1.585931 78.873 -170.9175
1.597423 78.336 -171.8305
1.608999 77.786 -172.7734
1.620658 77.225 -173.7490
1.632402 76.657 -174.7601
1.644232 76.084 -175.8101
1.656146 75.510 -176.9028
1.668147 74.939 -178.0423
1.680235 74.375 -179.2337
1.692411 73.822 179.5175
1.704675 73.285 178.2047
1.717028 72.769 176.8197
1.729470 72.279 175.3529
1.742003 71.821 173.7919
1.754626 71.401 172.1208
1.767341 71.026 170.3181
1.780147 70.702 168.3533
1.793047 70.436 166.1807
1.806040 70.234 163.7288
1.819128 70.102 160.8787
1.832310 70.044 157.4240
1.845587 70.062 152.9882
1.858961 70.155 146.8447
1.872432 70.321 137.4913
1.886001 70.558 121.7349
1.899667 70.861 94.7149
1.913433 71.224 60.6200
1.927299 71.643 35.5985
1.941265 72.111 21.2330
1.955332 72.623 12.6553
1.969501 73.172 7.0165
1.983773 73.753 2.9835
1.998148 74.360 -0.0980
2.012627 74.987 -2.5765
2.027212 75.626 -4.6523
2.041902 76.273 -6.4485
2.056698 76.921 -8.0443
2.071602 77.564 -9.4937
2.086614 78.196 -10.8347
2.101734 78.812 -12.0952
2.116964 79.407 -13.2966
2.132304 79.976 -14.4556
2.147756 80.516 -15.5861
2.163320 81.025 -16.6994
2.178996 81.504 -17.8054
2.194786 81.955 -18.9121
2.210690 82.380 -20.0250
2.226710 82.785 -21.1469
2.242845 83.174 -22.2778
2.259098 83.549 -23.4154
2.275468 83.913 -24.5560
2.291957 84.266 -25.6958
2.308566 84.609 -26.8308
2.325295 84.944 -27.9577
2.342145 85.269 -29.0736
2.359117 85.587 -30.1761
2.376212 85.897 -31.2639
2.393431 86.199 -32.3354
2.410775 86.493 -33.3903
2.428244 86.781 -34.4282
2.445840 87.063 -35.4495
2.463564 87.338 -36.4550
2.481416 87.607 -37.4460
2.499397 87.870 -38.4249
2.517509 88.128 -39.3948
2.535752 88.378 -40.3600
2.554127 88.623 -41.3259
2.572635 88.859 -42.2985
2.591277 89.087 -43.2828
2.610055 89.306 -44.2827
2.628968 89.515 -45.2987
2.648019 89.715 -46.3299
2.667208 89.906 -47.3735
2.686535 90.088 -48.4258
2.706003 90.261 -49.4828
2.725612 90.427 -50.5405
2.745363 90.586 -51.5948
2.765257 90.738 -52.6420
2.785295 90.885 -53.6786
2.805478 91.026 -54.7015
2.825808 91.164 -55.7086
2.846285 91.298 -56.6982
2.866910 91.429 -57.6698
2.887685 91.557 -58.6246
2.908611 91.683 -59.5653
2.929688 91.805 -60.4966
2.950917 91.924 -61.4243
2.972301 92.039 -62.3538
2.993839 92.148 -63.2887
3.015534 92.253 -64.2306
3.037386 92.352 -65.1790
3.059396 92.446 -66.1321
3.081565 92.535 -67.0870
3.103896 92.619 -68.0402
3.126388 92.699 -68.9879
3.149043 92.774 -69.9261
3.171862 92.846 -70.8512
3.194847 92.914 -71.7593
3.217998 92.979 -72.6478
3.241317 93.040 -73.5147
3.264805 93.098 -74.3600
3.288463 93.153 -75.1851
3.312293 93.205 -75.9937
3.336295 93.252 -76.7896
3.360471 93.295 -77.5767
3.384822 93.334 -78.3570
3.409350 93.368 -79.1311
3.434056 93.398 -79.8981
3.458940 93.425 -80.6561
3.484005 93.448 -81.4023
3.509252 93.468 -82.1334
3.534681 93.485 -82.8458
3.560295 93.501 -83.5358
3.586094 93.514 -84.1995
3.612081 93.525 -84.8340
3.638255 93.535 -85.4371
3.664620 93.543 -86.0082
3.691175 93.548 -86.5475
3.717923 93.551 -87.0568
3.744864 93.552 -87.5375
3.772001 93.550 -87.9914
3.799335 93.545 -88.4198
3.826866 93.540 -88.8235
3.854597 93.533 -89.2030
3.882529 93.527 -89.5584
3.910664 93.521 -89.8895
3.939002 93.516 -90.1954
3.967546 93.513 -90.4752
3.996296 93.512 -90.7269
4.025255 93.514 -90.9488
4.054423 93.518 -91.1389
4.083804 93.524 -91.2961
4.113396 93.532 -91.4211
4.143204 93.541 -91.5158
4.173227 93.554 -91.5836
4.203468 93.568 -91.6289
4.233928 93.586 -91.6565
4.264609 93.608 -91.6715
4.295512 93.633 -91.6785
4.326639 93.663 -91.6811
4.357992 93.698 -91.6816
4.389572 93.738 -91.6807
4.421380 93.784 -91.6776
4.453419 93.835 -91.6714
4.485691 93.891 -91.6622
4.518196 93.953 -91.6523
4.550936 94.019 -91.6453
4.583914 94.089 -91.6459
4.617131 94.162 -91.6597
4.650589 94.239 -91.6920
4.684289 94.318 -91.7477
4.718233 94.400 -91.8301
4.752424 94.483 -91.9415
4.786862 94.570 -92.0820
4.821549 94.658 -92.2506
4.856488 94.749 -92.4460
4.891680 94.842 -92.6672
4.927127 94.936 -92.9135
4.962831 95.031 -93.1846
4.998794 95.126 -93.4810
5.035017 95.219 -93.8033
5.071503 95.311 -94.1526
5.108253 95.402 -94.5297
5.145270 95.489 -94.9353
5.182555 95.575 -95.3694
5.220110 95.659 -95.8306
5.257937 95.740 -96.3164
5.296038 95.818 -96.8233
5.334415 95.894 -97.3477
5.373071 95.966 -97.8859
5.412006 96.036 -98.4351
5.451224 96.101 -98.9936
5.490725 96.162 -99.5609
5.530514 96.219 -100.1373
5.570590 96.272 -100.7229
5.610957 96.320 -101.3167
5.651616 96.365 -101.9159
5.692570 96.406 -102.5169
5.733821 96.443 -103.1154
5.775370 96.477 -103.7073
5.817221 96.507 -104.2893
5.859375 96.533 -104.8596
5.901834 96.556 -105.4176
5.944602 96.576 -105.9634
5.987679 96.593 -106.4968
6.031068 96.607 -107.0167
6.074771 96.618 -107.5215
6.118792 96.628 -108.0086
6.163131 96.637 -108.4758
6.207792 96.645 -108.9209
6.252776 96.652 -109.3428
6.298086 96.659 -109.7414
6.343725 96.666 -110.1174
6.389694 96.673 -110.4723
6.435996 96.680 -110.8080
6.482634 96.689 -111.1260
6.529610 96.700 -111.4277
6.576926 96.713 -111.7139
6.624585 96.729 -111.9852
6.672590 96.748 -112.2426
6.720942 96.769 -112.4879
6.769645 96.793 -112.7244
6.818700 96.820 -112.9561
6.868111 96.851 -113.1871
6.917881 96.884 -113.4209
6.968010 96.920 -113.6600
7.018504 96.960 -113.9059
7.069362 97.002 -114.1599
7.120590 97.047 -114.4236
7.172189 97.094 -114.6993
7.224161 97.143 -114.9894
7.276511 97.193 -115.2963
7.329239 97.243 -115.6215
7.382350 97.295 -115.9658
7.435845 97.346 -116.3289
7.489729 97.398 -116.7098
7.544002 97.448 -117.1075
7.598669 97.498 -117.5208
7.653732 97.547 -117.9487
7.709194 97.593 -118.3906
7.765058 97.637 -118.8455
7.821327 97.679 -119.3115
7.878004 97.719 -119.7863
7.935091 97.756 -120.2666
7.992592 97.791 -120.7496
8.050510 97.823 -121.2327
8.108847 97.852 -121.7142
8.167607 97.879 -122.1925
8.226793 97.903 -122.6658
8.286408 97.925 -123.1320
8.346454 97.945 -123.5884
8.406936 97.964 -124.0333
8.467856 97.981 -124.4652
8.529218 97.997 -124.8834
8.591024 98.012 -125.2878
8.653278 98.028 -125.6786
8.715983 98.043 -126.0558
8.779143 98.058 -126.4196
8.842760 98.075 -126.7705
8.906839 98.092 -127.1095
8.971381 98.110 -127.4382
9.036392 98.130 -127.7587
9.101873 98.151 -128.0731
9.167829 98.174 -128.3834
9.234263 98.198 -128.6912
9.301178 98.224 -128.9982
9.368578 98.251 -129.3060
9.436467 98.279 -129.6167
9.504847 98.308 -129.9320
9.573723 98.337 -130.2531
9.643099 98.367 -130.5805
9.712976 98.395 -130.9147
9.783361 98.423 -131.2554
9.854255 98.447 -131.6028
9.925663 98.469 -131.9564
9.997588 98.488 -132.3156
10.070035 98.504 -132.6792
10.143007 98.516 -133.0459
10.216507 98.525 -133.4142
10.290540 98.532 -133.7827
10.365109 98.536 -134.1503
10.440219 98.538 -134.5156
10.515873 98.538 -134.8774
10.592076 98.536 -135.2346
10.668830 98.533 -135.5862
10.746141 98.530 -135.9319
10.824012 98.525 -136.2713
10.902447 98.521 -136.6047
10.981451 98.515 -136.9321
11.061027 98.510 -137.2540
11.141180 98.505 -137.5712
11.221913 98.500 -137.8843
11.303232 98.495 -138.1946
11.385140 98.491 -138.5031
11.467641 98.486 -138.8105
11.550741 98.482 -139.1177
11.634442 98.478 -139.4253
11.718750 98.474 -139.7341
11.803669 98.470 -140.0443
11.889203 98.466 -140.3560
11.975357 98.462 -140.6690
12.062136 98.458 -140.9830
12.149543 98.454 -141.2977
12.237583 98.449 -141.6124
12.326262 98.444 -141.9266
12.415583 98.438 -142.2396
12.505552 98.431 -142.5509
12.596172 98.424 -142.8600
12.687449 98.417 -143.1670
12.779387 98.409 -143.4716
12.871992 98.401 -143.7740
12.965268 98.393 -144.0748
13.059220 98.385 -144.3743
13.153852 98.378 -144.6734
13.249170 98.370 -144.9728
13.345179 98.364 -145.2734
13.441884 98.357 -145.5758
13.539289 98.351 -145.8807
13.637401 98.345 -146.1885
13.736223 98.340 -146.4994
13.835761 98.333 -146.8134
13.936021 98.327 -147.1299
14.037007 98.320 -147.4487
14.138725 98.312 -147.7689
14.241180 98.304 -148.0896
14.344377 98.294 -148.4100
14.448323 98.285 -148.7291
14.553021 98.274 -149.0464
14.658478 98.264 -149.3613
14.764700 98.253 -149.6735
14.871691 98.243 -149.9830
14.979457 98.233 -150.2903
15.088005 98.224 -150.5959
15.197339 98.215 -150.9008
15.307465 98.207 -151.2057
15.418389 98.200 -151.5117
15.530117 98.193 -151.8198
15.642655 98.186 -152.1307
15.756008 98.180 -152.4448
15.870182 98.174 -152.7623
15.985184 98.167 -153.0830
16.101019 98.161 -153.4064
16.217694 98.154 -153.7317
16.335214 98.147 -154.0577
16.453586 98.139 -154.3836
16.572815 98.131 -154.7081
16.692909 98.122 -155.0302
16.813872 98.114 -155.3492
16.935713 98.106 -155.6647
17.058436 98.099 -155.9763
17.182048 98.092 -156.2843
17.306556 98.085 -156.5891
17.431967 98.079 -156.8911
17.558286 98.073 -157.1911
17.685521 98.068 -157.4897
17.813677 98.063 -157.7874
17.942762 98.058 -158.0844
18.072783 98.053 -158.3810
18.203746 98.048 -158.6770
18.335658 98.042 -158.9722
18.468526 98.037 -159.2660
18.602356 98.032 -159.5581
18.737156 98.026 -159.8481
18.872934 98.021 -160.1359
19.009695 98.015 -160.4213
19.147447 98.010 -160.7045
19.286197 98.005 -160.9858
19.425953 98.000 -161.2657
19.566721 97.995 -161.5444
19.708510 97.990 -161.8223
19.851326 97.984 -162.0994
19.995177 97.978 -162.3759
20.140070 97.971 -162.6512
20.286013 97.964 -162.9250
20.433014 97.956 -163.1967
20.581080 97.948 -163.4659
20.730219 97.939 -163.7322
20.880439 97.931 -163.9955
21.031747 97.922 -164.2563
21.184152 97.913 -164.5150
21.337661 97.905 -164.7725
21.492282 97.897 -165.0298
21.648024 97.890 -165.2880
21.804895 97.882 -165.5479
21.962902 97.875 -165.8099
22.122054 97.867 -166.0745
22.282360 97.859 -166.3413
22.443827 97.851 -166.6097
22.606464 97.842 -166.8792
22.770280 97.832 -167.1488
22.935283 97.822 -167.4180
23.101481 97.812 -167.6863
23.268884 97.802 -167.9536
23.437500 97.791 -168.2202
23.607338 97.781 -168.4864
23.778406 97.771 -168.7529
23.950714 97.760 -169.0201
24.124271 97.750 -169.2885
24.299086 97.740 -169.5582
24.475167 97.729 -169.8291
24.652524 97.718 -170.1010
24.831166 97.708 -170.3732
25.011103 97.697 -170.6455
25.192344 97.686 -170.9174
25.374898 97.676 -171.1888
25.558775 97.665 -171.4595
25.743984 97.654 -171.7297
25.930536 97.644 -171.9993
26.118439 97.633 -172.2683
26.307704 97.623 -172.5367
26.498341 97.612 -172.8041
26.690359 97.601 -173.0701
26.883768 97.590 -173.3340
27.078579 97.578 -173.5955
27.274801 97.567 -173.8539
27.472446 97.555 -174.1092
27.671522 97.543 -174.3610
27.872042 97.530 -174.6096
28.074014 97.518 -174.8550
28.277450 97.506 -175.0977
28.482360 97.494 -175.3383
28.688755 97.481 -175.5773
28.896645 97.469 -175.8151
29.106042 97.456 -176.0524
29.316957 97.444 -176.2896
29.529400 97.431 -176.5267
29.743382 97.418 -176.7637
29.958915 97.405 -177.0004
30.176009 97.391 -177.2361
30.394677 97.378 -177.4705
30.614929 97.364 -177.7034
30.836778 97.351 -177.9348
31.060234 97.337 -178.1652
31.285309 97.324 -178.3958
31.512015 97.311 -178.6276
31.740364 97.299 -178.8620
31.970368 97.286 -179.0999
32.202039 97.274 -179.3414
32.435388 97.261 -179.5863
32.670428 97.248 -179.8338
32.907171 97.234 179.9174
33.145630 97.220 179.6683
33.385817 97.206 179.4198
33.627745 97.192 179.1724
33.871425 97.177 178.9259
34.116871 97.163 178.6802
34.364096 97.149 178.4347
34.613113 97.135 178.1895
34.863934 97.120 177.9443
35.116572 97.106 177.7000
35.371041 97.091 177.4567
35.627354 97.076 177.2155
35.885525 97.060 176.9767
36.145566 97.045 176.7406
36.407492 97.029 176.5074
36.671316 97.013 176.2768
36.937051 96.997 176.0483
37.204712 96.981 175.8217
37.474313 96.964 175.5966
37.745867 96.948 175.3727
38.019389 96.931 175.1501
38.294893 96.915 174.9289
38.572394 96.898 174.7090
38.851905 96.881 174.4902
39.133442 96.863 174.2724
39.417019 96.846 174.0553
39.702651 96.828 173.8387
39.990353 96.811 173.6227
40.280140 96.793 173.4075
40.572026 96.774 173.1934
40.866028 96.756 172.9809
41.162160 96.738 172.7699
41.460438 96.720 172.5601
41.760877 96.702 172.3508
42.063494 96.684 172.1415
42.368303 96.666 171.9318
42.675322 96.648 171.7214
42.984565 96.629 171.5105
43.296048 96.611 171.2992
43.609789 96.592 171.0880
43.925804 96.572 170.8771
44.244108 96.553 170.6674
44.564719 96.533 170.4592
44.887654 96.512 170.2531
45.212928 96.492 170.0494
45.540560 96.471 169.8479
45.870565 96.451 169.6481
46.202962 96.430 169.4490
46.537768 96.410 169.2502
46.875000 96.389 169.0511
47.214676 96.368 168.8519
47.556813 96.348 168.6530
47.901429 96.327 168.4548
48.248542 96.306 168.2579
48.598171 96.285 168.0622
48.950334 96.264 167.8679
49.305048 96.243 167.6749
49.662333 96.222 167.4836
50.022206 96.201 167.2941
50.384688 96.180 167.1068
50.749796 96.159 166.9215
51.117550 96.138 166.7385
51.487969 96.116 166.5574
51.861072 96.095 166.3782
52.236879 96.074 166.2007
52.615409 96.053 166.0248
52.996681 96.032 165.8500
53.380717 96.011 165.6758
53.767536 95.990 165.5018
54.157158 95.969 165.3279
54.549603 95.948 165.1544
54.944892 95.926 164.9816
55.343045 95.905 164.8094
55.744084 95.885 164.6375
56.148028 95.864 164.4645
56.554900 95.844 164.2894
56.964720 95.823 164.1115
57.377510 95.803 163.9306
57.793291 95.782 163.7474
58.212085 95.761 163.5627
58.633914 95.739 163.3775
59.058799 95.717 163.1926
59.486764 95.694 163.0087
59.917829 95.671 162.8261
60.352019 95.648 162.6451
60.789354 95.623 162.4658
61.229859 95.599 162.2886
61.673556 95.573 162.1138
62.120468 95.548 161.9421
62.570618 95.522 161.7739
63.024031 95.495 161.6094
63.480729 95.469 161.4484
63.940736 95.442 161.2905
64.404077 95.416 161.1349
64.870776 95.389 160.9805
65.340856 95.363 160.8265
65.814343 95.336 160.6730
66.291261 95.309 160.5201
66.771635 95.282 160.3687
67.255489 95.255 160.2194
67.742850 95.228 160.0727
68.233743 95.200 159.9285
68.728193 95.173 159.7864
69.226226 95.146 159.6454
69.727867 95.119 159.5040
70.233144 95.093 159.3611
70.742083 95.066 159.2162
71.254709 95.039 159.0703
71.771050 95.011 158.9249
72.291132 94.984 158.7817
72.814984 94.956 158.6417
73.342631 94.927 158.5054
73.874102 94.899 158.3725
74.409424 94.872 158.2426
74.948626 94.844 158.1151
75.491734 94.817 157.9893
76.038779 94.790 157.8646
76.589787 94.764 157.7404
77.144788 94.737 157.6157
77.703811 94.711 157.4896
78.266885 94.685 157.3611
78.834039 94.660 157.2293
79.405303 94.634 157.0932
79.980706 94.608 156.9520
80.560280 94.581 156.8053
81.144053 94.555 156.6526
81.732056 94.527 156.4944
82.324320 94.498 156.3318
82.920876 94.468 156.1669
83.521755 94.437 156.0021
84.126988 94.405 155.8400
84.736607 94.372 155.6825
85.350643 94.338 155.5308
85.969129 94.303 155.3857
86.592097 94.268 155.2478
87.219579 94.232 155.1185
87.851608 94.195 155.0002
88.488217 94.158 154.8956
89.129439 94.122 154.8047
89.775308 94.087 154.7238
90.425856 94.054 154.6472
91.081119 94.021 154.5710
91.741131 93.988 154.4944
92.405925 93.955 154.4183
93.075536 93.922 154.3435
93.750000 93.889 154.2700
94.429351 93.856 154.1974
95.113625 93.823 154.1251
95.802858 93.789 154.0525
96.497085 93.756 153.9793
97.196342 93.723 153.9058
97.900667 93.690 153.8334
98.610096 93.656 153.7640
99.324665 93.623 153.6995
100.044413 93.590 153.6409
100.769376 93.556 153.5885
101.499592 93.523 153.5414
102.235100 93.489 153.4978
102.975938 93.456 153.4547
103.722144 93.422 153.4087
104.473757 93.388 153.3564
105.230817 93.355 153.2961
105.993363 93.321 153.2275
106.761435 93.288 153.1521
107.535072 93.255 153.0724
108.314315 93.224 152.9913
109.099206 93.193 152.9116
109.889783 93.162 152.8361
110.686090 93.132 152.7668
111.488167 93.100 152.7051
112.296056 93.067 152.6504
113.109800 93.032 152.6008
113.929440 92.995 152.5536
114.755020 92.955 152.5066
115.586582 92.912 152.4590
116.424170 92.869 152.4110
117.267827 92.824 152.3630
118.117598 92.780 152.3173
118.973527 92.737 152.2802
119.835658 92.695 152.2626
120.704037 92.657 152.2715
121.578708 92.622 152.3025
122.459718 92.590 152.3443
123.347111 92.561 152.3865
124.240935 92.533 152.4228
125.141236 92.503 152.4501
126.048061 92.473 152.4678
126.961458 92.440 152.4765
127.881473 92.407 152.4782
128.808154 92.373 152.4751
129.741551 92.340 152.4690
130.681712 92.307 152.4606
131.628686 92.275 152.4515
132.582521 92.242 152.4437
133.543269 92.210 152.4395
134.510979 92.176 152.4401
135.485701 92.143 152.4456
136.467486 92.109 152.4553
137.456386 92.074 152.4685
138.452451 92.040 152.4845
139.455735 92.005 152.5026
140.466288 91.971 152.5220
141.484165 91.938 152.5425
142.509418 91.904 152.5631
143.542100 91.871 152.5825
144.582265 91.838 152.5992
145.629968 91.805 152.6119
146.685262 91.771 152.6194
147.748204 91.736 152.6224
148.818849 91.699 152.6243
149.897251 91.659 152.6305
150.983469 91.619 152.6470
152.077557 91.577 152.6781
153.179574 91.534 152.7260
154.289576 91.493 152.7900
155.407622 91.454 152.8660
156.533770 91.417 152.9469
157.668078 91.383 153.0250
158.810606 91.349 153.0950
159.961413 91.316 153.1547
161.120559 91.283 153.2047
162.288105 91.249 153.2471
163.464112 91.214 153.2844
164.648640 91.178 153.3197
165.841752 91.140 153.3564
167.043510 91.101 153.3982
168.253976 91.061 153.4484
169.473213 91.021 153.5090
170.701286 90.981 153.5809
171.938258 90.942 153.6621
173.184194 90.903 153.7498
174.439158 90.866 153.8403
175.703216 90.829 153.9312
176.976434 90.794 154.0212
178.258878 90.759 154.1097
179.550615 90.724 154.1964
180.851713 90.690 154.2809
182.162239 90.657 154.3630
183.482262 90.623 154.4424
184.811850 90.589 154.5192
186.151073 90.555 154.5935
187.500000 90.521 154.6669
188.858702 90.486 154.7413
190.227250 90.451 154.8185
191.605715 90.415 154.8997
192.994169 90.380 154.9858
194.392685 90.345 155.0775
195.801334 90.309 155.1752
197.220191 90.274 155.2798
198.649330 90.238 155.3917
200.088825 90.203 155.5111
201.538751 90.168 155.6371
202.999184 90.134 155.7670
204.470200 90.101 155.8970
205.951875 90.069 156.0236
207.444287 90.037 156.1447
208.947514 90.006 156.2606
210.461634 89.973 156.3735
211.986726 89.939 156.4869
213.522869 89.904 156.6056
215.070144 89.866 156.7350
216.628631 89.828 156.8797
218.198411 89.789 157.0418
219.779567 89.752 157.2190
221.372180 89.717 157.4055
222.976334 89.684 157.5945
224.592112 89.653 157.7811
226.219600 89.623 157.9633
227.858880 89.593 158.1414
229.510039 89.564 158.3171
231.173164 89.535 158.4930
232.848340 89.505 158.6707
234.535655 89.477 158.8503
236.235197 89.448 159.0302
237.947054 89.420 159.2087
239.671317 89.390 159.3858
241.408074 89.359 159.5633
243.157416 89.327 159.7419
244.919435 89.294 159.9203
246.694223 89.261 160.0968
248.481871 89.229 160.2733
250.282473 89.197 160.4559
252.096123 89.168 160.6508
253.922915 89.140 160.8599
255.762945 89.116 161.0778
257.616309 89.094 161.2933
259.483103 89.075 161.4953
261.363424 89.056 161.6775
263.257372 89.036 161.8414
265.165043 89.015 161.9941
267.086538 88.992 162.1444
269.021957 88.967 162.2999
270.971401 88.941 162.4656
272.934972 88.915 162.6428
274.912771 88.890 162.8302
276.904902 88.865 163.0256
278.911469 88.841 163.2268
280.932577 88.818 163.4319
282.968330 88.796 163.6380
285.018835 88.777 163.8402
287.084199 88.759 164.0319
289.164530 88.741 164.2070
291.259935 88.723 164.3636
293.370525 88.703 164.5070
295.496408 88.680 164.6471
297.637697 88.654 164.7947
299.794503 88.626 164.9573
301.966937 88.597 165.1371
304.155114 88.569 165.3325
306.359147 88.541 165.5391
308.579152 88.514 165.7519
310.815244 88.488 165.9659
313.067539 88.464 166.1780
315.336156 88.440 166.3881
317.621211 88.416 166.5988
319.922826 88.392 166.8134
322.241118 88.368 167.0331
324.576210 88.345 167.2563
326.928223 88.323 167.4798
329.297280 88.301 167.7008
331.683504 88.279 167.9175
334.087019 88.257 168.1288
336.507952 88.235 168.3346
338.946427 88.212 168.5361
341.402572 88.188 168.7362
343.876516 88.163 168.9385
346.368387 88.137 169.1462
348.878315 88.111 169.3608
351.406431 88.084 169.5825
353.952867 88.057 169.8105
356.517756 88.031 170.0440
359.101230 88.005 170.2822
361.703426 87.979 170.5245
364.324478 87.953 170.7705
366.964523 87.927 171.0201
369.623699 87.901 171.2734
372.302145 87.875 171.5309
375.000000 87.850 171.7925
377.717405 87.825 172.0581
380.454501 87.801 172.3270
383.211431 87.778 172.5990
385.988339 87.754 172.8739
388.785369 87.731 173.1522
391.602668 87.708 173.4340
394.440383 87.685 173.7192
397.298660 87.663 174.0075
400.177650 87.642 174.2980
403.077502 87.620 174.5894
405.998368 87.599 174.8798
408.940400 87.579 175.1685
411.903750 87.557 175.4568
414.888575 87.536 175.7485
417.895028 87.514 176.0477
420.923268 87.492 176.3570
423.973452 87.471 176.6772
427.045738 87.451 177.0066
430.140287 87.433 177.3417
433.257261 87.417 177.6779
436.396822 87.403 178.0125
439.559133 87.389 178.3452
442.744360 87.377 178.6763
445.952668 87.366 179.0040
449.184225 87.357 179.3232
452.439199 87.348 179.6277
455.717760 87.339 179.9141
459.020079 87.328 -179.8142
462.346327 87.314 -179.5465
465.696680 87.296 -179.2709
469.071310 87.277 -178.9797
472.470394 87.257 -178.6712
475.894109 87.238 -178.3482
479.342634 87.219 -178.0161
482.816148 87.201 -177.6808
486.314833 87.183 -177.3443
489.838871 87.165 -177.0020
493.388445 87.147 -176.6459
496.963741 87.129 -176.2720
500.564945 87.113 -175.8841
504.192245 87.100 -175.4905
507.845830 87.088 -175.0983
511.525890 87.078 -174.7100
515.232618 87.068 -174.3244
518.966206 87.058 -173.9379
522.726849 87.048 -173.5460
526.514743 87.038 -173.1445
530.330086 87.029 -172.7322
534.173076 87.022 -172.3119
538.043915 87.017 -171.8887
541.942803 87.014 -171.4653
545.869944 87.012 -171.0411
549.825542 87.012 -170.6156
553.809805 87.013 -170.1909
557.822939 87.016 -169.7706
561.865154 87.020 -169.3571
565.936660 87.025 -168.9506
570.037671 87.030 -168.5490
574.168399 87.036 -168.1493
578.329060 87.042 -167.7499
582.519870 87.049 -167.3509
586.741049 87.056 -166.9523
590.992817 87.064 -166.5521
595.275394 87.073 -166.1478
599.589005 87.083 -165.7404
603.933874 87.094 -165.3342
608.310228 87.107 -164.9341
612.718295 87.119 -164.5424
617.158304 87.132 -164.1575
621.630488 87.144 -163.7742
626.135079 87.156 -163.3858
630.672311 87.169 -162.9902
635.242423 87.184 -162.5911
639.845651 87.200 -162.1938
644.482237 87.218 -161.8001
649.152421 87.238 -161.4088
653.856447 87.260 -161.0207
658.594560 87.284 -160.6420
663.367008 87.310 -160.2822
668.174039 87.337 -159.9489
673.015903 87.362 -159.6407
677.892854 87.385 -159.3499
682.805145 87.404 -159.0670
687.753032 87.421 -158.7850
692.736774 87.436 -158.4980
697.756631 87.448 -158.2016
702.812863 87.460 -157.8934
707.905735 87.472 -157.5748
713.035511 87.485 -157.2494
718.202461 87.497 -156.9203
723.406852 87.510 -156.5881
728.648956 87.523 -156.2518
733.929047 87.535 -155.9101
739.247399 87.548 -155.5624
744.604290 87.560 -155.2089
750.000000 87.573 -154.8495
755.434809 87.586 -154.4843
760.909001 87.600 -154.1130
766.422861 87.614 -153.7361
771.976677 87.629 -153.3539
777.570739 87.645 -152.9674
783.205337 87.662 -152.5769
788.880766 87.680 -152.1814
794.597321 87.699 -151.7781
800.355301 87.719 -151.3647
806.155005 87.742 -150.9427
811.996736 87.768 -150.5183
817.880799 87.797 -150.1005
823.807501 87.830 -149.6992
829.777150 87.864 -149.3225
835.790057 87.898 -148.9725
841.846536 87.931 -148.6425
847.946903 87.962 -148.3217
854.091476 87.991 -148.0021
860.280575 88.018 -147.6798
866.514523 88.044 -147.3518
872.793644 88.070 -147.0150
879.118267 88.096 -146.6695
885.488720 88.123 -146.3197
891.905336 88.150 -145.9692
898.368450 88.179 -145.6184
904.878398 88.208 -145.2650
911.435520 88.238 -144.9075
918.040157 88.269 -144.5471
924.692655 88.302 -144.1865
931.393359 88.337 -143.8292
938.142619 88.373 -143.4791
944.940787 88.410 -143.1383
951.788218 88.448 -142.8055
958.685268 88.485 -142.4779
965.632296 88.523 -142.1525
972.629666 88.561 -141.8267
979.677741 88.599 -141.4998
986.776890 88.638 -141.1722
993.927482 88.677 -140.8433
1001.129891 88.716 -140.5090
1008.384491 88.757 -140.1660
1015.691660 88.801 -139.8148
1023.051781 88.847 -139.4603
1030.465236 88.897 -139.1100
1037.932411 88.951 -138.7756
1045.453698 89.008 -138.4689
1053.029486 89.065 -138.1952
1060.660172 89.122 -137.9508
1068.346153 89.177 -137.7274
1076.087829 89.230 -137.5158
1083.885605 89.281 -137.3099
1091.739887 89.332 -137.1076
1099.651084 89.381 -136.9089
1107.619609 89.430 -136.7133
1115.645878 89.478 -136.5196
1123.730308 89.525 -136.3264
1131.873321 89.572 -136.1325
1140.075341 89.618 -135.9370
1148.336797 89.665 -135.7393
1156.658119 89.711 -135.5389
1165.039741 89.757 -135.3350
1173.482099 89.805 -135.1259
1181.985634 89.854 -134.9123
1190.550789 89.907 -134.7001
1199.178011 89.962 -134.5002
1207.867749 90.020 -134.3249
1216.620457 90.079 -134.1799
1225.436590 90.136 -134.0623
1234.316609 90.190 -133.9636
1243.260976 90.241 -133.8749
1252.270157 90.290 -133.7882
1261.344623 90.337 -133.6992
1270.484846 90.381 -133.6062
1279.691303 90.425 -133.5073
1288.964474 90.467 -133.4010
1298.304842 90.509 -133.2875
1307.712894 90.551 -133.1697
1317.189120 90.594 -133.0510
1326.734016 90.637 -132.9341
1336.348077 90.679 -132.8184
1346.031806 90.722 -132.7008
1355.785708 90.766 -132.5778
1365.610290 90.810 -132.4457
1375.506065 90.856 -132.3002
1385.473549 90.903 -132.1367
1395.513261 90.953 -131.9542
1405.625726 91.007 -131.7576
1415.811469 91.066 -131.5584
1426.071023 91.128 -131.3711
1436.404921 91.192 -131.2048
1446.813703 91.256 -131.0601
1457.297912 91.319 -130.9314
1467.858093 91.380 -130.8125
1478.494798 91.439 -130.6992
1489.208581 91.495 -130.5878
1500.000000 91.548 -130.4753
1510.869618 91.598 -130.3586
1521.818002 91.643 -130.2347
1532.845723 91.685 -130.1017
1543.953355 91.723 -129.9575
1555.141477 91.760 -129.8015
1566.410674 91.797 -129.6375
1577.761531 91.836 -129.4756
1589.194642 91.877 -129.3297
1600.710601 91.918 -129.2089
1612.310010 91.960 -129.1141
1623.993473 92.000 -129.0407
1635.761599 92.038 -128.9817
1647.615002 92.074 -128.9309
1659.554299 92.108 -128.8836
1671.580114 92.142 -128.8361
1683.693072 92.175 -128.7872
1695.893807 92.207 -128.7383
1708.182952 92.239 -128.6912
1720.561150 92.269 -128.6455
1733.029045 92.297 -128.5980
1745.587288 92.323 -128.5434
1758.236533 92.347 -128.4752
1770.977440 92.370 -128.3881
1783.810673 92.395 -128.2825
1796.736900 92.423 -128.1677
1809.756796 92.454 -128.0578
1822.871040 92.488 -127.9640
1836.080315 92.524 -127.8905
1849.385310 92.560 -127.8365
1862.786718 92.597 -127.7986
1876.285239 92.633 -127.7717
1889.881575 92.670 -127.7501
1903.576436 92.708 -127.7276
1917.370535 92.749 -127.6986
1931.264593 92.795 -127.6595
1945.259332 92.846 -127.6118
1959.355483 92.904 -127.5645
1973.553781 92.967 -127.5316
1987.854965 93.034 -127.5237
2002.259781 93.102 -127.5448
2016.768981 93.170 -127.5923
2031.383320 93.237 -127.6618
2046.103561 93.302 -127.7478
2060.930471 93.365 -127.8459
2075.864823 93.426 -127.9543
2090.907395 93.484 -128.0723
2106.058972 93.540 -128.1975
2121.320344 93.593 -128.3251
2136.692305 93.642 -128.4470
2152.175658 93.688 -128.5552
2167.771210 93.734 -128.6471
2183.479774 93.780 -128.7292
2199.302169 93.827 -128.8137
2215.239219 93.875 -128.9102
2231.291755 93.923 -129.0234
2247.460615 93.969 -129.1533
2263.746641 94.014 -129.2959
2280.150683 94.056 -129.4445
2296.673595 94.096 -129.5912
2313.316238 94.135 -129.7292
2330.079481 94.175 -129.8573
2346.964198 94.216 -129.9826
2363.971268 94.260 -130.1173
2381.101578 94.304 -130.2715
2398.356022 94.348 -130.4498
2415.735498 94.391 -130.6519
2433.240913 94.432 -130.8745
2450.873180 94.470 -131.1138
2468.633217 94.504 -131.3666
2486.521951 94.535 -131.6294
2504.540314 94.563 -131.8957
2522.689246 94.586 -132.1558
2540.969692 94.606 -132.4005
2559.382606 94.625 -132.6268
2577.928947 94.644 -132.8406
2596.609683 94.664 -133.0511
2615.425787 94.684 -133.2662
2634.378241 94.703 -133.4897
2653.468031 94.721 -133.7201
2672.696154 94.736 -133.9518
2692.063613 94.750 -134.1769
2711.571415 94.762 -134.3898
2731.220579 94.775 -134.5927
2751.012130 94.789 -134.7940
2770.947098 94.803 -135.0027
2791.026522 94.818 -135.2247
2811.251451 94.831 -135.4616
2831.622938 94.843 -135.7124
2852.142045 94.852 -135.9757
2872.809842 94.857 -136.2484
2893.627406 94.858 -136.5233
2914.595823 94.854 -136.7895
2935.716186 94.848 -137.0367
2956.989596 94.839 -137.2618
2978.417161 94.829 -137.4684
3000.000000 94.820 -137.6626
3021.739237 94.809 -137.8484
3043.636005 94.797 -138.0253
3065.691446 94.783 -138.1877
3087.906710 94.768 -138.3277
3110.282955 94.753 -138.4412
3132.821347 94.739 -138.5322
3155.523062 94.728 -138.6098
3178.389283 94.720 -138.6832
3201.421202 94.712 -138.7596
3224.620020 94.706 -138.8439
3247.986946 94.700 -138.9385
3271.523198 94.691 -139.0417
3295.230004 94.681 -139.1456
3319.108599 94.668 -139.2394
3343.160228 94.654 -139.3164
3367.386145 94.639 -139.3766
3391.787613 94.625 -139.4237
3416.365904 94.611 -139.4604
3441.122300 94.597 -139.4849
3466.058091 94.583 -139.4897
3491.174576 94.570 -139.4673
3516.473066 94.558 -139.4163
3541.954880 94.550 -139.3423
3567.621345 94.546 -139.2551
3593.473800 94.546 -139.1646
3619.513592 94.548 -139.0795
3645.742080 94.553 -139.0060
3672.160630 94.557 -138.9440
3698.770620 94.560 -138.8864
3725.573436 94.563 -138.8253
3752.570477 94.564 -138.7578
3779.763150 94.566 -138.6851
3807.152872 94.566 -138.6091
3834.741071 94.565 -138.5267
3862.529185 94.562 -138.4292
3890.518664 94.559 -138.3084
3918.710966 94.556 -138.1627
3947.107561 94.556 -137.9976
3975.709929 94.561 -137.8232
4004.519563 94.569 -137.6522
4033.537962 94.580 -137.4954
4062.766641 94.594 -137.3574
4092.207123 94.608 -137.2352
4121.860942 94.623 -137.1234
4151.729646 94.638 -137.0200
4181.814790 94.653 -136.9258
4212.117944 94.667 -136.8399
4242.640687 94.680 -136.7550
4273.384610 94.692 -136.6609
4304.351317 94.704 -136.5514
4335.542421 94.716 -136.4274
4366.959549 94.732 -136.2966
4398.604338 94.751 -136.1705
4430.478438 94.772 -136.0611
4462.583511 94.796 -135.9736
4494.921231 94.820 -135.9070
4527.493283 94.844 -135.8596
4560.301365 94.868 -135.8312
4593.347189 94.891 -135.8211
4626.632476 94.912 -135.8232
4660.158962 94.931 -135.8260
4693.928395 94.949 -135.8192
4727.942535 94.968 -135.7980
4762.203156 94.989 -135.7653
4796.712043 95.013 -135.7306
4831.470996 95.041 -135.7047
4866.481826 95.072 -135.6938
4901.746360 95.105 -135.7004
4937.266434 95.139 -135.7272
4973.043902 95.175 -135.7775
5009.080628 95.209 -135.8508
5045.378492 95.243 -135.9398
5081.939384 95.274 -136.0343
5118.765212 95.305 -136.1271
5155.857894 95.338 -136.2176
5193.219366 95.372 -136.3129
5230.851574 95.408 -136.4230
5268.756481 95.446 -136.5555
5306.936062 95.484 -136.7161
5345.392309 95.521 -136.9104
5384.127225 95.556 -137.1423
5423.142830 95.587 -137.4088
5462.441159 95.611 -137.6991
5502.024259 95.629 -138.0001
5541.894195 95.642 -138.3008
5582.053045 95.650 -138.5966
5622.502902 95.655 -138.8875
5663.245876 95.658 -139.1735
5704.284090 95.658 -139.4550
5745.619684 95.656 -139.7339
5787.254813 95.651 -140.0118
5829.191647 95.643 -140.2847
5871.432373 95.631 -140.5434
5913.979192 95.616 -140.7766
5956.834323 95.599 -140.9762
6000.000000 95.582 -141.1402
6043.478473 95.567 -141.2704
6087.272010 95.554 -141.3712
6131.382892 95.545 -141.4501
6175.813420 95.540 -141.5162
6220.565910 95.538 -141.5754
6265.642695 95.538 -141.6281
6311.046124 95.542 -141.6706
6356.778566 95.548 -141.7002
6402.842404 95.559 -141.7169
6449.240040 95.574 -141.7234
6495.973891 95.594 -141.7244
6543.046396 95.620 -141.7267
6590.460007 95.652 -141.7370
6638.217197 95.690 -141.7576
6686.320456 95.732 -141.7861
6734.772290 95.780 -141.8188
6783.575226 95.835 -141.8551
6832.731809 95.897 -141.8979
6882.244600 95.967 -141.9548
6932.116181 96.046 -142.0386
6982.349153 96.134 -142.1641
7032.946133 96.230 -142.3436
7083.909760 96.335 -142.5854
7135.242690 96.449 -142.8954
7186.947600 96.572 -143.2806
7239.027185 96.706 -143.7513
7291.484160 96.851 -144.3229
7344.321260 97.009 -145.0168
7397.541239 97.178 -145.8584
7451.146872 97.357 -146.8717
7505.140954 97.546 -148.0805
7559.526299 97.742 -149.5108
7614.305743 97.944 -151.1932
7669.482141 98.148 -153.1630
7725.058371 98.350 -155.4596
7781.037328 98.541 -158.1199
7837.421932 98.710 -161.1673
7894.215122 98.846 -164.6028
7951.419859 98.934 -168.4008
8009.039125 98.965 -172.5073
8067.075924 98.927 -176.8423
8125.533282 98.813 178.6942
8184.414245 98.620 174.2140
8243.721885 98.346 169.8353
8303.459292 97.993 165.6741
8363.629581 97.568 161.8348
8424.235888 97.079 158.4015
8485.281374 96.539 155.4316
8546.769221 95.959 152.9506
8608.702634 95.355 150.9554
8671.084842 94.737 149.4232
8733.919097 94.115 148.3206
8797.208675 93.498 147.6108
8860.956876 92.892 147.2577
8925.167022 92.303 147.2225
8989.842461 91.735 147.4619
9054.986566 91.192 147.9316
9120.602731 90.674 148.5922
9186.694378 90.183 149.4133
9253.264952 89.716 150.3758
9320.317925 89.274 151.4653
9387.856790 88.857 152.6659
9455.885071 88.466 153.9585
9524.406312 88.099 155.3250
9593.424086 87.756 156.7530
9662.941992 87.435 158.2388
9732.963653 87.137 159.7819
9803.492719 86.861 161.3787
9874.532869 86.607 163.0205
9946.087805 86.375 164.6987
10018.161257 86.163 166.4111
10090.756983 85.970 168.1649
10163.878768 85.796 169.9703
10237.530423 85.642 171.8351
10311.715789 85.509 173.7627
10386.438732 85.400 175.7581
10461.703149 85.316 177.8330
10537.512962 85.263 -179.9978
10613.872125 85.246 -177.7286
10690.784618 85.275 -175.3729
10768.254450 85.358 -172.9680
10846.285661 85.503 -170.5740
10924.882318 85.718 -168.2764
11004.048518 86.004 -166.1891
11083.788390 86.357 -164.4469
11164.106090 86.767 -163.1832
11245.005805 87.215 -162.5009
11326.491752 87.680 -162.4537
11408.568180 88.141 -163.0465
11491.239368 88.579 -164.2460
11574.509626 88.978 -165.9921
11658.383294 89.326 -168.2059
11742.864745 89.615 -170.7993
11827.958384 89.842 -173.6849
11913.668646 90.003 -176.7845
12000.000000 90.100 179.9702
12086.956947 90.132 176.6429
12174.544019 90.099 173.2963
12262.765784 90.005 169.9902
12351.626840 89.853 166.7780
12441.131819 89.648 163.7054
12531.285389 89.393 160.8141
12622.092249 89.096 158.1409
12713.557132 88.764 155.7140
12805.684808 88.403 153.5493
12898.480079 88.020 151.6523
12991.947783 87.624 150.0224
13086.092792 87.220 148.6542
13180.920015 86.814 147.5347
13276.434395 86.413 146.6436
13372.640911 86.019 145.9587
13469.544580 85.637 145.4592
13567.150452 85.269 145.1238
13665.463617 84.918 144.9279
13764.489200 84.585 144.8469
13864.232362 84.273 144.8607
13964.698305 83.982 144.9501
14065.892266 83.717 145.0919
14167.819519 83.478 145.2595
14270.485380 83.268 145.4259
14373.895200 83.089 145.5612
14478.054370 82.944 145.6283
14582.968320 82.833 145.5840
14688.642520 82.756 145.3834
14795.082478 82.714 144.9781
14902.293745 82.704 144.3147
15010.281908 82.722 143.3386
15119.052599 82.763 142.0002
15228.611486 82.818 140.2574
15338.964283 82.877 138.0796
15450.116741 82.925 135.4534
15562.074656 82.946 132.3894
15674.843864 82.923 128.9240
15788.430244 82.839 125.1199
15902.839718 82.679 121.0663
16018.078250 82.433 116.8752
16134.151848 82.094 112.6721
16251.066563 81.661 108.5845
16368.828491 81.140 104.7332
16487.443769 80.537 101.2238
16606.918584 79.867 98.1370
16727.259161 79.144 95.5258
16848.471777 78.385 93.4161
16970.562748 77.608 91.8036
17093.538442 76.830 90.6531
17217.405268 76.070 89.8987
17342.169684 75.342 89.4431
17467.838194 74.655 89.1597
17594.417350 74.012 88.9093
17721.913751 73.399 88.5765
17850.334044 72.791 88.1328
17979.684923 72.147 87.7205
18109.973131 71.437 87.7073
18241.205462 70.659 88.5836
18373.388756 69.862 90.6332
18506.529905 69.124 93.6404
18640.635849 68.508 96.9891
18775.713581 68.031 100.0446
18911.770141 67.668 102.4346
19048.812624 67.377 104.0651
19186.848172 67.118 105.0010
19325.883983 66.863 105.3657
19465.927305 66.604 105.2941
19606.985439 66.347 104.9252
19749.065738 66.115 104.4114
19892.175609 65.937 103.9232
20036.322514 65.841 103.6251
