* Measurement data measured by REW V5.31
* Source: EXCL: Microphone (USB Sound Device        ), MICROPHONE (Master Volume), L, volume: 0.390
* Format: 256k Log Swept Sine, 1 sweep at -4.0 dBFS with no timing reference
* Dated: Jul 21, 2024 11:51:29 PM
* REW Settings:
*  C-weighting compensation: Off
*  Target level: 75.0 dB
* Note: Kefine Delci AE Gold L
* Measurement: L Kefine Delci AE Gold
* Smoothing: 1/12 octave
* Frequency Step: 96 ppo
* Start Frequency: 0.36621094 Hz
*
* Freq(Hz) SPL(dB) Phase(degrees)
0.366211 87.125 -60.5453
0.368865 87.129 -60.6083
0.371538 87.135 -60.7027
0.374230 87.142 -60.8211
0.376942 87.151 -60.9574
0.379673 87.160 -61.1068
0.382424 87.169 -61.2665
0.385196 87.179 -61.4345
0.387987 87.189 -61.6097
0.390798 87.199 -61.7917
0.393630 87.209 -61.9801
0.396483 87.219 -62.1747
0.399356 87.229 -62.3755
0.402250 87.239 -62.5825
0.405165 87.250 -62.7957
0.408101 87.260 -63.0152
0.411058 87.271 -63.2408
0.414037 87.281 -63.4728
0.417037 87.292 -63.7110
0.420059 87.303 -63.9555
0.423103 87.314 -64.2063
0.426169 87.325 -64.4634
0.429257 87.336 -64.7268
0.432368 87.347 -64.9966
0.435501 87.358 -65.2728
0.438656 87.369 -65.5552
0.441835 87.381 -65.8440
0.445037 87.392 -66.1392
0.448262 87.404 -66.4406
0.451510 87.415 -66.7483
0.454782 87.427 -67.0623
0.458077 87.439 -67.3825
0.461397 87.450 -67.7089
0.464740 87.462 -68.0415
0.468108 87.474 -68.3802
0.471500 87.486 -68.7250
0.474917 87.499 -69.0758
0.478358 87.511 -69.4326
0.481825 87.523 -69.7953
0.485316 87.536 -70.1639
0.488833 87.548 -70.5382
0.492375 87.561 -70.9182
0.495943 87.574 -71.3039
0.499537 87.586 -71.6951
0.503157 87.599 -72.0917
0.506803 87.612 -72.4936
0.510475 87.625 -72.9007
0.514175 87.639 -73.3130
0.517900 87.652 -73.7303
0.521653 87.665 -74.1524
0.525434 87.679 -74.5793
0.529241 87.692 -75.0109
0.533076 87.706 -75.4469
0.536939 87.720 -75.8872
0.540830 87.734 -76.3318
0.544749 87.748 -76.7804
0.548696 87.762 -77.2328
0.552673 87.776 -77.6890
0.556677 87.790 -78.1488
0.560711 87.805 -78.6120
0.564774 87.819 -79.0783
0.568867 87.834 -79.5478
0.572989 87.848 -80.0201
0.577141 87.863 -80.4950
0.581324 87.878 -80.9725
0.585536 87.893 -81.4523
0.589779 87.908 -81.9342
0.594053 87.923 -82.4180
0.598358 87.939 -82.9036
0.602694 87.954 -83.3907
0.607061 87.970 -83.8791
0.611460 87.986 -84.3687
0.615891 88.001 -84.8592
0.620354 88.017 -85.3505
0.624849 88.033 -85.8424
0.629377 88.049 -86.3346
0.633938 88.066 -86.8269
0.638532 88.082 -87.3193
0.643159 88.099 -87.8114
0.647819 88.115 -88.3031
0.652514 88.132 -88.7942
0.657242 88.149 -89.2845
0.662005 88.166 -89.7739
0.666802 88.183 -90.2621
0.671634 88.200 -90.7489
0.676501 88.217 -91.2343
0.681403 88.235 -91.7180
0.686341 88.253 -92.1999
0.691314 88.270 -92.6799
0.696324 88.288 -93.1578
0.701370 88.306 -93.6335
0.706452 88.323 -94.1072
0.711571 88.341 -94.5789
0.716728 88.358 -95.0489
0.721921 88.374 -95.5180
0.727153 88.390 -95.9871
0.732422 88.403 -96.4576
0.737729 88.415 -96.9313
0.743075 88.426 -97.4098
0.748460 88.435 -97.8945
0.753883 88.443 -98.3865
0.759346 88.451 -98.8864
0.764849 88.459 -99.3944
0.770391 88.466 -99.9108
0.775974 88.472 -100.4355
0.781597 88.479 -100.9685
0.787261 88.486 -101.5096
0.792966 88.492 -102.0588
0.798712 88.498 -102.6157
0.804500 88.504 -103.1802
0.810329 88.509 -103.7522
0.816201 88.514 -104.3313
0.822116 88.519 -104.9174
0.828073 88.524 -105.5101
0.834074 88.529 -106.1092
0.840118 88.533 -106.7145
0.846206 88.536 -107.3256
0.852338 88.540 -107.9423
0.858514 88.542 -108.5642
0.864735 88.545 -109.1910
0.871001 88.547 -109.8223
0.877313 88.548 -110.4579
0.883670 88.549 -111.0972
0.890074 88.549 -111.7401
0.896524 88.549 -112.3860
0.903020 88.548 -113.0345
0.909564 88.547 -113.6854
0.916155 88.544 -114.3381
0.922794 88.541 -114.9922
0.929481 88.538 -115.6474
0.936216 88.533 -116.3031
0.943000 88.528 -116.9589
0.949834 88.522 -117.6144
0.956717 88.514 -118.2691
0.963649 88.506 -118.9225
0.970632 88.497 -119.5742
0.977666 88.487 -120.2237
0.984750 88.476 -120.8705
0.991886 88.463 -121.5142
0.999074 88.450 -122.1542
1.006314 88.435 -122.7900
1.013606 88.419 -123.4213
1.020951 88.401 -124.0474
1.028349 88.382 -124.6679
1.035801 88.362 -125.2823
1.043307 88.340 -125.8902
1.050867 88.317 -126.4912
1.058482 88.292 -127.0850
1.066152 88.265 -127.6714
1.073878 88.237 -128.2507
1.081660 88.207 -128.8236
1.089498 88.177 -129.3912
1.097393 88.145 -129.9556
1.105345 88.112 -130.5193
1.113355 88.080 -131.0854
1.121423 88.047 -131.6562
1.129549 88.014 -132.2339
1.137734 87.982 -132.8200
1.145979 87.950 -133.4157
1.154283 87.917 -134.0216
1.162647 87.885 -134.6383
1.171072 87.852 -135.2663
1.179558 87.819 -135.9059
1.188106 87.786 -136.5573
1.196715 87.751 -137.2209
1.205387 87.715 -137.8968
1.214122 87.678 -138.5851
1.222920 87.639 -139.2858
1.231782 87.598 -139.9992
1.240708 87.555 -140.7251
1.249699 87.509 -141.4634
1.258754 87.461 -142.2141
1.267876 87.409 -142.9768
1.277063 87.354 -143.7513
1.286318 87.295 -144.5370
1.295639 87.232 -145.3335
1.305027 87.165 -146.1402
1.314484 87.092 -146.9561
1.324009 87.014 -147.7805
1.333604 86.931 -148.6120
1.343268 86.842 -149.4496
1.353002 86.746 -150.2917
1.362806 86.643 -151.1365
1.372681 86.532 -151.9823
1.382628 86.414 -152.8269
1.392647 86.287 -153.6680
1.402739 86.151 -154.5032
1.412904 86.005 -155.3300
1.423142 85.849 -156.1460
1.433455 85.682 -156.9494
1.443843 85.502 -157.7390
1.454305 85.307 -158.5153
1.464844 85.096 -159.2803
1.475459 84.867 -160.0379
1.486150 84.617 -160.7927
1.496920 84.344 -161.5495
1.507767 84.049 -162.3123
1.518693 83.730 -163.0843
1.529698 83.389 -163.8681
1.540783 83.027 -164.6658
1.551948 82.644 -165.4792
1.563194 82.243 -166.3100
1.574521 81.824 -167.1598
1.585931 81.391 -168.0300
1.597423 80.945 -168.9225
1.608999 80.488 -169.8388
1.620658 80.023 -170.7806
1.632402 79.551 -171.7498
1.644232 79.076 -172.7484
1.656146 78.601 -173.7783
1.668147 78.127 -174.8417
1.680235 77.660 -175.9408
1.692411 77.201 -177.0781
1.704675 76.754 -178.2562
1.717028 76.323 -179.4780
1.729470 75.913 179.2536
1.742003 75.527 177.9349
1.754626 75.170 176.5617
1.767341 74.846 175.1286
1.780147 74.562 173.6281
1.793047 74.320 172.0486
1.806040 74.126 170.3718
1.819128 73.983 168.5663
1.832310 73.893 166.5791
1.845587 73.857 164.3204
1.858961 73.875 161.6386
1.872432 73.945 158.2683
1.886001 74.065 153.7106
1.899667 74.232 146.9244
1.913433 74.443 135.4644
1.927299 74.695 113.4248
1.941265 74.984 75.1376
1.955332 75.307 40.5180
1.969501 75.661 22.0769
1.983773 76.041 12.2439
1.998148 76.444 6.2433
2.012627 76.866 2.1376
2.027212 77.303 -0.9209
2.041902 77.750 -3.3484
2.056698 78.205 -5.3711
2.071602 78.662 -7.1217
2.086614 79.118 -8.6837
2.101734 79.569 -10.1123
2.116964 80.012 -11.4462
2.132304 80.443 -12.7135
2.147756 80.861 -13.9355
2.163320 81.264 -15.1294
2.178996 81.652 -16.3085
2.194786 82.029 -17.4832
2.210690 82.397 -18.6609
2.226710 82.760 -19.8453
2.242845 83.120 -21.0364
2.259098 83.481 -22.2317
2.275468 83.842 -23.4275
2.291957 84.204 -24.6195
2.308566 84.566 -25.8036
2.325295 84.929 -26.9766
2.342145 85.290 -28.1354
2.359117 85.650 -29.2778
2.376212 86.007 -30.4026
2.393431 86.361 -31.5087
2.410775 86.710 -32.5956
2.428244 87.052 -33.6635
2.445840 87.388 -34.7130
2.463564 87.716 -35.7453
2.481416 88.035 -36.7621
2.499397 88.344 -37.7661
2.517509 88.641 -38.7607
2.535752 88.927 -39.7509
2.554127 89.200 -40.7423
2.572635 89.461 -41.7413
2.591277 89.709 -42.7535
2.610055 89.944 -43.7825
2.628968 90.168 -44.8291
2.648019 90.380 -45.8918
2.667208 90.581 -46.9678
2.686535 90.772 -48.0530
2.706003 90.954 -49.1431
2.725612 91.127 -50.2337
2.745363 91.293 -51.3206
2.765257 91.451 -52.3998
2.785295 91.603 -53.4678
2.805478 91.750 -54.5215
2.825808 91.892 -55.5585
2.846285 92.031 -56.5772
2.866910 92.167 -57.5774
2.887685 92.300 -58.5602
2.908611 92.431 -59.5289
2.929688 92.558 -60.4884
2.950917 92.682 -61.4448
2.972301 92.801 -62.4038
2.993839 92.916 -63.3693
3.015534 93.025 -64.3428
3.037386 93.128 -65.3239
3.059396 93.226 -66.3104
3.081565 93.319 -67.2994
3.103896 93.406 -68.2873
3.126388 93.489 -69.2699
3.149043 93.568 -70.2431
3.171862 93.642 -71.2029
3.194847 93.713 -72.1458
3.217998 93.780 -73.0685
3.241317 93.844 -73.9696
3.264805 93.904 -74.8489
3.288463 93.961 -75.7081
3.312293 94.015 -76.5511
3.336295 94.064 -77.3825
3.360471 94.108 -78.2060
3.384822 94.148 -79.0238
3.409350 94.184 -79.8365
3.434056 94.215 -80.6432
3.458940 94.242 -81.4418
3.484005 94.265 -82.2291
3.509252 94.286 -83.0016
3.534681 94.303 -83.7554
3.560295 94.318 -84.4864
3.586094 94.330 -85.1907
3.612081 94.341 -85.8650
3.638255 94.350 -86.5073
3.664620 94.356 -87.1168
3.691175 94.360 -87.6943
3.717923 94.361 -88.2415
3.744864 94.359 -88.7603
3.772001 94.354 -89.2523
3.799335 94.347 -89.7189
3.826866 94.338 -90.1606
3.854597 94.328 -90.5778
3.882529 94.318 -90.9702
3.910664 94.308 -91.3372
3.939002 94.299 -91.6776
3.967546 94.291 -91.9900
3.996296 94.286 -92.2724
4.025255 94.282 -92.5226
4.054423 94.280 -92.7386
4.083804 94.281 -92.9194
4.113396 94.283 -93.0656
4.143204 94.286 -93.1790
4.173227 94.292 -93.2631
4.203468 94.301 -93.3223
4.233928 94.312 -93.3615
4.264609 94.327 -93.3854
4.295512 94.346 -93.3989
4.326639 94.369 -93.4053
4.357992 94.398 -93.4070
4.389572 94.432 -93.4045
4.421380 94.472 -93.3968
4.453419 94.518 -93.3831
4.485691 94.570 -93.3636
4.518196 94.626 -93.3408
4.550936 94.688 -93.3187
4.583914 94.754 -93.3026
4.617131 94.823 -93.2985
4.650589 94.896 -93.3121
4.684289 94.972 -93.3488
4.718233 95.051 -93.4125
4.752424 95.132 -93.5052
4.786862 95.217 -93.6274
4.821549 95.304 -93.7779
4.856488 95.394 -93.9555
4.891680 95.486 -94.1592
4.927127 95.580 -94.3886
4.962831 95.675 -94.6439
4.998794 95.769 -94.9257
5.035017 95.863 -95.2350
5.071503 95.956 -95.5731
5.108253 96.047 -95.9410
5.145270 96.135 -96.3395
5.182555 96.222 -96.7684
5.220110 96.306 -97.2264
5.257937 96.388 -97.7106
5.296038 96.468 -98.2177
5.334415 96.545 -98.7437
5.373071 96.619 -99.2850
5.412006 96.689 -99.8390
5.451224 96.755 -100.4038
5.490725 96.817 -100.9791
5.530514 96.874 -101.5651
5.570590 96.927 -102.1621
5.610957 96.976 -102.7687
5.651616 97.021 -103.3822
5.692570 97.061 -103.9986
5.733821 97.098 -104.6133
5.775370 97.131 -105.2220
5.817221 97.160 -105.8214
5.859375 97.185 -106.4095
5.901834 97.207 -106.9857
5.944602 97.225 -107.5502
5.987679 97.239 -108.1025
6.031068 97.251 -108.6416
6.074771 97.259 -109.1652
6.118792 97.266 -109.6708
6.163131 97.272 -110.1554
6.207792 97.276 -110.6169
6.252776 97.279 -111.0540
6.298086 97.282 -111.4663
6.343725 97.284 -111.8546
6.389694 97.286 -112.2203
6.435996 97.289 -112.5651
6.482634 97.292 -112.8904
6.529610 97.298 -113.1974
6.576926 97.306 -113.4866
6.624585 97.316 -113.7587
6.672590 97.330 -114.0143
6.720942 97.346 -114.2558
6.769645 97.365 -114.4863
6.818700 97.387 -114.7102
6.868111 97.412 -114.9318
6.917881 97.441 -115.1546
6.968010 97.473 -115.3815
7.018504 97.508 -115.6140
7.069362 97.547 -115.8536
7.120590 97.588 -116.1023
7.172189 97.632 -116.3627
7.224161 97.678 -116.6375
7.276511 97.725 -116.9294
7.329239 97.774 -117.2404
7.382350 97.823 -117.5713
7.435845 97.872 -117.9219
7.489729 97.922 -118.2916
7.544002 97.971 -118.6791
7.598669 98.020 -119.0836
7.653732 98.066 -119.5044
7.709194 98.111 -119.9407
7.765058 98.154 -120.3915
7.821327 98.195 -120.8551
7.878004 98.233 -121.3289
7.935091 98.268 -121.8094
7.992592 98.301 -122.2938
8.050510 98.331 -122.7795
8.108847 98.358 -123.2643
8.167607 98.382 -123.7469
8.226793 98.404 -124.2250
8.286408 98.423 -124.6964
8.346454 98.440 -125.1581
8.406936 98.455 -125.6081
8.467856 98.469 -126.0447
8.529218 98.481 -126.4670
8.591024 98.492 -126.8749
8.653278 98.503 -127.2682
8.715983 98.514 -127.6469
8.779143 98.525 -128.0109
8.842760 98.537 -128.3607
8.906839 98.550 -128.6973
8.971381 98.563 -129.0220
9.036392 98.578 -129.3373
9.101873 98.595 -129.6454
9.167829 98.613 -129.9481
9.234263 98.633 -130.2473
9.301178 98.655 -130.5447
9.368578 98.678 -130.8424
9.436467 98.703 -131.1425
9.504847 98.728 -131.4470
9.573723 98.754 -131.7573
9.643099 98.781 -132.0743
9.712976 98.806 -132.3983
9.783361 98.831 -132.7294
9.854255 98.853 -133.0679
9.925663 98.872 -133.4135
9.997588 98.888 -133.7654
10.070035 98.901 -134.1229
10.143007 98.911 -134.4843
10.216507 98.918 -134.8481
10.290540 98.922 -135.2130
10.365109 98.923 -135.5776
10.440219 98.923 -135.9406
10.515873 98.920 -136.3005
10.592076 98.915 -136.6561
10.668830 98.909 -137.0063
10.746141 98.903 -137.3505
10.824012 98.895 -137.6884
10.902447 98.887 -138.0197
10.981451 98.878 -138.3446
11.061027 98.870 -138.6635
11.141180 98.861 -138.9768
11.221913 98.852 -139.2855
11.303232 98.844 -139.5904
11.385140 98.836 -139.8926
11.467641 98.828 -140.1929
11.550741 98.820 -140.4921
11.634442 98.812 -140.7910
11.718750 98.805 -141.0903
11.803669 98.798 -141.3903
11.889203 98.791 -141.6912
11.975357 98.784 -141.9928
12.062136 98.777 -142.2949
12.149543 98.770 -142.5973
12.237583 98.762 -142.8994
12.326262 98.754 -143.2007
12.415583 98.746 -143.5007
12.505552 98.737 -143.7988
12.596172 98.728 -144.0950
12.687449 98.719 -144.3890
12.779387 98.709 -144.6810
12.871992 98.700 -144.9711
12.965268 98.690 -145.2600
13.059220 98.681 -145.5483
13.153852 98.672 -145.8369
13.249170 98.664 -146.1266
13.345179 98.656 -146.4182
13.441884 98.649 -146.7126
13.539289 98.642 -147.0105
13.637401 98.635 -147.3121
13.736223 98.627 -147.6177
13.835761 98.620 -147.9270
13.936021 98.612 -148.2396
14.037007 98.604 -148.5549
14.138725 98.594 -148.8718
14.241180 98.584 -149.1893
14.344377 98.573 -149.5063
14.448323 98.561 -149.8218
14.553021 98.549 -150.1348
14.658478 98.536 -150.4448
14.764700 98.523 -150.7513
14.871691 98.510 -151.0544
14.979457 98.498 -151.3544
15.088005 98.486 -151.6519
15.197339 98.475 -151.9479
15.307465 98.465 -152.2435
15.418389 98.455 -152.5397
15.530117 98.446 -152.8378
15.642655 98.438 -153.1384
15.756008 98.429 -153.4421
15.870182 98.421 -153.7494
15.985184 98.413 -154.0599
16.101019 98.404 -154.3732
16.217694 98.395 -154.6884
16.335214 98.386 -155.0043
16.453586 98.376 -155.3199
16.572815 98.366 -155.6337
16.692909 98.356 -155.9448
16.813872 98.345 -156.2523
16.935713 98.335 -156.5556
17.058436 98.326 -156.8547
17.182048 98.317 -157.1497
17.306556 98.308 -157.4410
17.431967 98.301 -157.7296
17.558286 98.293 -158.0161
17.685521 98.287 -158.3016
17.813677 98.280 -158.5868
17.942762 98.274 -158.8720
18.072783 98.268 -159.1577
18.203746 98.262 -159.4437
18.335658 98.256 -159.7297
18.468526 98.250 -160.0153
18.602356 98.243 -160.2999
18.737156 98.237 -160.5828
18.872934 98.230 -160.8635
19.009695 98.223 -161.1419
19.147447 98.217 -161.4178
19.286197 98.210 -161.6912
19.425953 98.204 -161.9626
19.566721 98.197 -162.2321
19.708510 98.190 -162.5002
19.851326 98.183 -162.7672
19.995177 98.176 -163.0331
20.140070 98.169 -163.2979
20.286013 98.161 -163.5613
20.433014 98.152 -163.8231
20.581080 98.144 -164.0830
20.730219 98.135 -164.3409
20.880439 98.125 -164.5967
21.031747 98.116 -164.8506
21.184152 98.107 -165.1031
21.337661 98.098 -165.3549
21.492282 98.090 -165.6065
21.648024 98.081 -165.8588
21.804895 98.073 -166.1122
21.962902 98.065 -166.3672
22.122054 98.056 -166.6237
22.282360 98.047 -166.8815
22.443827 98.037 -167.1403
22.606464 98.027 -167.3992
22.770280 98.017 -167.6580
22.935283 98.006 -167.9163
23.101481 97.995 -168.1738
23.268884 97.985 -168.4307
23.437500 97.974 -168.6874
23.607338 97.963 -168.9443
23.778406 97.952 -169.2018
23.950714 97.941 -169.4603
24.124271 97.929 -169.7200
24.299086 97.918 -169.9806
24.475167 97.906 -170.2417
24.652524 97.895 -170.5030
24.831166 97.883 -170.7638
25.011103 97.871 -171.0237
25.192344 97.859 -171.2825
25.374898 97.847 -171.5399
25.558775 97.835 -171.7961
25.743984 97.824 -172.0513
25.930536 97.813 -172.3055
26.118439 97.801 -172.5590
26.307704 97.790 -172.8115
26.498341 97.779 -173.0629
26.690359 97.768 -173.3130
26.883768 97.757 -173.5616
27.078579 97.745 -173.8083
27.274801 97.734 -174.0533
27.472446 97.723 -174.2964
27.671522 97.711 -174.5377
27.872042 97.699 -174.7772
28.074014 97.688 -175.0150
28.277450 97.676 -175.2510
28.482360 97.664 -175.4852
28.688755 97.651 -175.7175
28.896645 97.639 -175.9480
29.106042 97.626 -176.1770
29.316957 97.614 -176.4052
29.529400 97.601 -176.6328
29.743382 97.588 -176.8606
29.958915 97.576 -177.0888
30.176009 97.563 -177.3177
30.394677 97.550 -177.5470
30.614929 97.537 -177.7766
30.836778 97.524 -178.0061
31.060234 97.511 -178.2354
31.285309 97.497 -178.4645
31.512015 97.483 -178.6937
31.740364 97.470 -178.9233
31.970368 97.456 -179.1540
32.202039 97.443 -179.3858
32.435388 97.429 -179.6188
32.670428 97.415 -179.8528
32.907171 97.401 179.9124
33.145630 97.387 179.6774
33.385817 97.373 179.4423
33.627745 97.358 179.2073
33.871425 97.344 178.9725
34.116871 97.330 178.7380
34.364096 97.315 178.5037
34.613113 97.301 178.2701
34.863934 97.286 178.0373
35.116572 97.271 177.8056
35.371041 97.256 177.5754
35.627354 97.241 177.3468
35.885525 97.226 177.1201
36.145566 97.210 176.8954
36.407492 97.194 176.6730
36.671316 97.178 176.4531
36.937051 97.162 176.2358
37.204712 97.145 176.0209
37.474313 97.129 175.8082
37.745867 97.113 175.5972
38.019389 97.096 175.3872
38.294893 97.080 175.1779
38.572394 97.063 174.9690
38.851905 97.047 174.7605
39.133442 97.030 174.5527
39.417019 97.013 174.3457
39.702651 96.995 174.1398
39.990353 96.978 173.9348
40.280140 96.961 173.7307
40.572026 96.944 173.5269
40.866028 96.926 173.3230
41.162160 96.909 173.1189
41.460438 96.892 172.9144
41.760877 96.874 172.7095
42.063494 96.857 172.5047
42.368303 96.839 172.3002
42.675322 96.821 172.0963
42.984565 96.803 171.8932
43.296048 96.784 171.6913
43.609789 96.765 171.4905
43.925804 96.746 171.2913
44.244108 96.727 171.0938
44.564719 96.707 170.8986
44.887654 96.688 170.7057
45.212928 96.668 170.5148
45.540560 96.648 170.3252
45.870565 96.629 170.1360
46.202962 96.609 169.9465
46.537768 96.590 169.7564
46.875000 96.570 169.5660
47.214676 96.550 169.3762
47.556813 96.530 169.1873
47.901429 96.509 169.0001
48.248542 96.489 168.8144
48.598171 96.468 168.6301
48.950334 96.448 168.4467
49.305048 96.427 168.2641
49.662333 96.406 168.0820
50.022206 96.386 167.9008
50.384688 96.364 167.7209
50.749796 96.343 167.5430
51.117550 96.321 167.3679
51.487969 96.299 167.1962
51.861072 96.277 167.0284
52.236879 96.256 166.8645
52.615409 96.234 166.7039
52.996681 96.213 166.5458
53.380717 96.192 166.3890
53.767536 96.172 166.2324
54.157158 96.152 166.0753
54.549603 96.133 165.9172
54.944892 96.113 165.7583
55.343045 96.094 165.5986
55.744084 96.075 165.4378
56.148028 96.056 165.2755
56.554900 96.037 165.1109
56.964720 96.018 164.9438
57.377510 95.999 164.7742
57.793291 95.980 164.6022
58.212085 95.960 164.4284
58.633914 95.940 164.2534
59.058799 95.919 164.0779
59.486764 95.898 163.9025
59.917829 95.876 163.7280
60.352019 95.853 163.5548
60.789354 95.829 163.3835
61.229859 95.806 163.2142
61.673556 95.781 163.0475
62.120468 95.756 162.8838
62.570618 95.731 162.7230
63.024031 95.706 162.5651
63.480729 95.681 162.4095
63.940736 95.655 162.2556
64.404077 95.630 162.1029
64.870776 95.604 161.9512
65.340856 95.578 161.8005
65.814343 95.552 161.6511
66.291261 95.526 161.5034
66.771635 95.500 161.3577
67.255489 95.473 161.2141
67.742850 95.446 161.0727
68.233743 95.420 160.9332
68.728193 95.393 160.7957
69.226226 95.366 160.6602
69.727867 95.339 160.5267
70.233144 95.313 160.3951
70.742083 95.287 160.2645
71.254709 95.260 160.1344
71.771050 95.234 160.0051
72.291132 95.207 159.8774
72.814984 95.181 159.7519
73.342631 95.154 159.6283
73.874102 95.128 159.5062
74.409424 95.101 159.3861
74.948626 95.074 159.2690
75.491734 95.046 159.1559
76.038779 95.018 159.0471
76.589787 94.991 158.9418
77.144788 94.964 158.8384
77.703811 94.938 158.7354
78.266885 94.912 158.6302
78.834039 94.886 158.5212
79.405303 94.861 158.4066
79.980706 94.836 158.2853
80.560280 94.811 158.1568
81.144053 94.785 158.0214
81.732056 94.759 157.8801
82.324320 94.732 157.7349
82.920876 94.704 157.5883
83.521755 94.674 157.4426
84.126988 94.644 157.3006
84.736607 94.612 157.1647
85.350643 94.580 157.0366
85.969129 94.547 156.9164
86.592097 94.514 156.8039
87.219579 94.481 156.6979
87.851608 94.447 156.5977
88.488217 94.413 156.5029
89.129439 94.380 156.4133
89.775308 94.347 156.3286
90.425856 94.314 156.2476
91.081119 94.282 156.1692
91.741131 94.251 156.0923
92.405925 94.220 156.0159
93.075536 94.191 155.9389
93.750000 94.162 155.8600
94.429351 94.133 155.7789
95.113625 94.103 155.6967
95.802858 94.073 155.6154
96.497085 94.042 155.5367
97.196342 94.010 155.4618
97.900667 93.977 155.3912
98.610096 93.944 155.3251
99.324665 93.910 155.2631
100.044413 93.876 155.2051
100.769376 93.842 155.1509
101.499592 93.809 155.1006
102.235100 93.775 155.0540
102.975938 93.743 155.0105
103.722144 93.711 154.9697
104.473757 93.679 154.9308
105.230817 93.649 154.8932
105.993363 93.618 154.8560
106.761435 93.588 154.8179
107.535072 93.557 154.7778
108.314315 93.527 154.7346
109.099206 93.496 154.6871
109.889783 93.464 154.6351
110.686090 93.432 154.5784
111.488167 93.400 154.5167
112.296056 93.367 154.4498
113.109800 93.333 154.3785
113.929440 93.297 154.3065
114.755020 93.260 154.2401
115.586582 93.220 154.1863
116.424170 93.178 154.1518
117.267827 93.136 154.1400
118.117598 93.095 154.1502
118.973527 93.055 154.1773
119.835658 93.017 154.2123
120.704037 92.982 154.2458
121.578708 92.948 154.2726
122.459718 92.916 154.2920
123.347111 92.883 154.3057
124.240935 92.852 154.3162
125.141236 92.820 154.3250
126.048061 92.789 154.3331
126.961458 92.757 154.3409
127.881473 92.726 154.3481
128.808154 92.694 154.3546
129.741551 92.663 154.3603
130.681712 92.631 154.3648
131.628686 92.599 154.3680
132.582521 92.568 154.3698
133.543269 92.536 154.3707
134.510979 92.504 154.3719
135.485701 92.471 154.3749
136.467486 92.438 154.3816
137.456386 92.405 154.3928
138.452451 92.371 154.4088
139.455735 92.337 154.4285
140.466288 92.303 154.4508
141.484165 92.269 154.4741
142.509418 92.235 154.4968
143.542100 92.201 154.5179
144.582265 92.167 154.5375
145.629968 92.132 154.5554
146.685262 92.097 154.5727
147.748204 92.061 154.5915
148.818849 92.024 154.6146
149.897251 91.986 154.6451
150.983469 91.947 154.6857
152.077557 91.908 154.7387
153.179574 91.869 154.8060
154.289576 91.831 154.8875
155.407622 91.793 154.9799
156.533770 91.757 155.0780
157.668078 91.723 155.1758
158.810606 91.690 155.2678
159.961413 91.658 155.3507
161.120559 91.626 155.4234
162.288105 91.593 155.4868
163.464112 91.560 155.5431
164.648640 91.525 155.5952
165.841752 91.489 155.6475
167.043510 91.452 155.7045
168.253976 91.414 155.7703
169.473213 91.375 155.8469
170.701286 91.337 155.9338
171.938258 91.299 156.0280
173.184194 91.263 156.1250
174.439158 91.227 156.2212
175.703216 91.193 156.3153
176.976434 91.160 156.4087
178.258878 91.127 156.5038
179.550615 91.095 156.6016
180.851713 91.064 156.7009
182.162239 91.032 156.8001
183.482262 91.000 156.8975
184.811850 90.967 156.9920
186.151073 90.935 157.0839
187.500000 90.901 157.1746
188.858702 90.868 157.2661
190.227250 90.834 157.3597
191.605715 90.801 157.4564
192.994169 90.767 157.5562
194.392685 90.733 157.6596
195.801334 90.699 157.7679
197.220191 90.665 157.8831
198.649330 90.630 158.0066
200.088825 90.596 158.1396
201.538751 90.563 158.2815
202.999184 90.531 158.4293
204.470200 90.501 158.5787
205.951875 90.472 158.7252
207.444287 90.443 158.8657
208.947514 90.414 158.9999
210.461634 90.384 159.1300
211.986726 90.353 159.2602
213.522869 90.321 159.3954
215.070144 90.286 159.5405
216.628631 90.251 159.6991
218.198411 90.216 159.8721
219.779567 90.182 160.0566
221.372180 90.149 160.2474
222.976334 90.118 160.4388
224.592112 90.088 160.6270
226.219600 90.059 160.8104
227.858880 90.030 160.9893
229.510039 90.001 161.1639
231.173164 89.972 161.3351
232.848340 89.942 161.5038
234.535655 89.913 161.6709
236.235197 89.884 161.8369
237.947054 89.855 162.0022
239.671317 89.825 162.1676
241.408074 89.795 162.3350
243.157416 89.764 162.5068
244.919435 89.732 162.6857
246.694223 89.700 162.8741
248.481871 89.667 163.0743
250.282473 89.634 163.2885
252.096123 89.603 163.5175
253.922915 89.574 163.7593
255.762945 89.548 164.0079
257.616309 89.525 164.2532
259.483103 89.505 164.4852
261.363424 89.485 164.6986
263.257372 89.466 164.8956
265.165043 89.444 165.0836
267.086538 89.421 165.2705
269.021957 89.396 165.4630
270.971401 89.370 165.6642
272.934972 89.345 165.8748
274.912771 89.321 166.0931
276.904902 89.298 166.3170
278.911469 89.277 166.5449
280.932577 89.257 166.7749
282.968330 89.239 167.0040
285.018835 89.223 167.2271
287.084199 89.209 167.4374
289.164530 89.194 167.6292
291.259935 89.179 167.8013
293.370525 89.161 167.9595
295.496408 89.140 168.1143
297.637697 89.115 168.2760
299.794503 89.089 168.4517
301.966937 89.060 168.6440
304.155114 89.032 168.8522
306.359147 89.003 169.0735
308.579152 88.975 169.3049
310.815244 88.948 169.5440
313.067539 88.921 169.7903
315.336156 88.894 170.0458
317.621211 88.868 170.3135
319.922826 88.842 170.5959
322.241118 88.818 170.8922
324.576210 88.797 171.1974
326.928223 88.778 171.5045
329.297280 88.763 171.8057
331.683504 88.750 172.0942
334.087019 88.739 172.3649
336.507952 88.729 172.6151
338.946427 88.718 172.8453
341.402572 88.707 173.0592
343.876516 88.693 173.2627
346.368387 88.676 173.4625
348.878315 88.658 173.6638
351.406431 88.637 173.8705
353.952867 88.616 174.0842
356.517756 88.593 174.3054
359.101230 88.569 174.5340
361.703426 88.546 174.7695
364.324478 88.522 175.0115
366.964523 88.498 175.2603
369.623699 88.473 175.5157
372.302145 88.449 175.7780
375.000000 88.425 176.0468
377.717405 88.402 176.3217
380.454501 88.379 176.6016
383.211431 88.356 176.8857
385.988339 88.334 177.1738
388.785369 88.312 177.4657
391.602668 88.290 177.7618
394.440383 88.269 178.0623
397.298660 88.249 178.3665
400.177650 88.229 178.6735
403.077502 88.209 178.9816
405.998368 88.190 179.2897
408.940400 88.172 179.5977
411.903750 88.152 179.9074
414.888575 88.133 -179.7778
417.895028 88.113 -179.4547
420.923268 88.093 -179.1208
423.973452 88.074 -178.7756
427.045738 88.056 -178.4203
430.140287 88.040 -178.0588
433.257261 88.026 -177.6960
436.396822 88.013 -177.3354
439.559133 88.002 -176.9781
442.744360 87.992 -176.6240
445.952668 87.984 -176.2747
449.184225 87.976 -175.9343
452.439199 87.970 -175.6084
455.717760 87.962 -175.2996
459.020079 87.953 -175.0044
462.346327 87.940 -174.7125
465.696680 87.925 -174.4120
469.071310 87.908 -174.0955
472.470394 87.891 -173.7612
475.894109 87.874 -173.4122
479.342634 87.858 -173.0539
482.816148 87.843 -172.6921
486.314833 87.828 -172.3284
489.838871 87.812 -171.9583
493.388445 87.796 -171.5741
496.963741 87.781 -171.1718
500.564945 87.768 -170.7549
504.192245 87.757 -170.3313
507.845830 87.747 -169.9084
511.525890 87.739 -169.4894
515.232618 87.731 -169.0734
518.966206 87.724 -168.6567
522.726849 87.716 -168.2349
526.514743 87.708 -167.8032
530.330086 87.701 -167.3600
534.173076 87.697 -166.9076
538.043915 87.694 -166.4511
541.942803 87.693 -165.9934
545.869944 87.694 -165.5343
549.825542 87.696 -165.0734
553.809805 87.700 -164.6132
557.822939 87.706 -164.1572
561.865154 87.713 -163.7079
565.936660 87.720 -163.2651
570.037671 87.728 -162.8257
574.168399 87.736 -162.3865
578.329060 87.745 -161.9461
582.519870 87.754 -161.5051
586.741049 87.764 -161.0641
590.992817 87.774 -160.6212
595.275394 87.786 -160.1741
599.589005 87.799 -159.7241
603.933874 87.814 -159.2755
608.310228 87.830 -158.8324
612.718295 87.847 -158.3966
617.158304 87.864 -157.9660
621.630488 87.881 -157.5351
626.135079 87.897 -157.0980
630.672311 87.915 -156.6530
635.242423 87.934 -156.2042
639.845651 87.956 -155.7577
644.482237 87.979 -155.3152
649.152421 88.004 -154.8752
653.856447 88.031 -154.4386
658.594560 88.061 -154.0117
663.367008 88.092 -153.6046
668.174039 88.124 -153.2249
673.015903 88.155 -152.8713
677.892854 88.184 -152.5354
682.805145 88.210 -152.2072
687.753032 88.233 -151.8792
692.736774 88.254 -151.5455
697.756631 88.273 -151.2018
702.812863 88.292 -150.8461
707.905735 88.310 -150.4805
713.035511 88.329 -150.1094
718.202461 88.349 -149.7360
723.406852 88.368 -149.3611
728.648956 88.388 -148.9833
733.929047 88.407 -148.6012
739.247399 88.427 -148.2137
744.604290 88.447 -147.8204
750.000000 88.467 -147.4209
755.434809 88.488 -147.0153
760.909001 88.509 -146.6037
766.422861 88.532 -146.1868
771.976677 88.555 -145.7655
777.570739 88.579 -145.3406
783.205337 88.604 -144.9126
788.880766 88.630 -144.4802
794.597321 88.656 -144.0408
800.355301 88.685 -143.5923
806.155005 88.715 -143.1365
811.996736 88.749 -142.6794
817.880799 88.786 -142.2297
823.807501 88.826 -141.7970
829.777150 88.868 -141.3891
835.790057 88.909 -141.0079
841.846536 88.949 -140.6465
847.946903 88.986 -140.2939
854.091476 89.022 -139.9420
860.280575 89.056 -139.5863
866.514523 89.089 -139.2241
872.793644 89.121 -138.8521
879.118267 89.154 -138.4706
885.488720 89.188 -138.0837
891.905336 89.222 -137.6951
898.368450 89.258 -137.3047
904.878398 89.294 -136.9103
911.435520 89.331 -136.5106
918.040157 89.369 -136.1072
924.692655 89.409 -135.7031
931.393359 89.451 -135.3018
938.142619 89.495 -134.9072
944.940787 89.539 -134.5211
951.788218 89.584 -134.1422
958.685268 89.629 -133.7678
965.632296 89.675 -133.3954
972.629666 89.721 -133.0225
979.677741 89.767 -132.6484
986.776890 89.814 -132.2735
993.927482 89.861 -131.8967
1001.129891 89.910 -131.5142
1008.384491 89.959 -131.1226
1015.691660 90.011 -130.7224
1023.051781 90.067 -130.3182
1030.465236 90.126 -129.9176
1037.932411 90.190 -129.5320
1045.453698 90.256 -129.1740
1053.029486 90.324 -128.8489
1060.660172 90.391 -128.5532
1068.346153 90.456 -128.2780
1076.087829 90.519 -128.0140
1083.885605 90.580 -127.7549
1091.739887 90.641 -127.4985
1099.651084 90.701 -127.2451
1107.619609 90.760 -126.9943
1115.645878 90.819 -126.7454
1123.730308 90.877 -126.4971
1131.873321 90.935 -126.2479
1140.075341 90.993 -125.9965
1148.336797 91.051 -125.7421
1156.658119 91.109 -125.4842
1165.039741 91.168 -125.2221
1173.482099 91.228 -124.9547
1181.985634 91.290 -124.6827
1190.550789 91.356 -124.4125
1199.178011 91.425 -124.1549
1207.867749 91.496 -123.9218
1216.620457 91.569 -123.7188
1225.436590 91.640 -123.5428
1234.316609 91.708 -123.3856
1243.260976 91.774 -123.2382
1252.270157 91.838 -123.0927
1261.344623 91.900 -122.9443
1270.484846 91.960 -122.7911
1279.691303 92.019 -122.6317
1288.964474 92.078 -122.4645
1298.304842 92.136 -122.2904
1307.712894 92.196 -122.1125
1317.189120 92.256 -121.9347
1326.734016 92.317 -121.7593
1336.348077 92.378 -121.5858
1346.031806 92.440 -121.4117
1355.785708 92.503 -121.2331
1365.610290 92.567 -121.0464
1375.506065 92.632 -120.8469
1385.473549 92.700 -120.6298
1395.513261 92.771 -120.3938
1405.625726 92.847 -120.1443
1415.811469 92.927 -119.8931
1426.071023 93.011 -119.6548
1436.404921 93.098 -119.4390
1446.813703 93.185 -119.2464
1457.297912 93.271 -119.0720
1467.858093 93.356 -118.9099
1478.494798 93.440 -118.7559
1489.208581 93.521 -118.6064
1500.000000 93.600 -118.4583
1510.869618 93.676 -118.3079
1521.818002 93.748 -118.1525
1532.845723 93.816 -117.9899
1543.953355 93.882 -117.8185
1555.141477 93.947 -117.6381
1566.410674 94.012 -117.4529
1577.761531 94.080 -117.2734
1589.194642 94.151 -117.1137
1600.710601 94.223 -116.9830
1612.310010 94.295 -116.8825
1623.993473 94.366 -116.8076
1635.761599 94.436 -116.7513
1647.615002 94.505 -116.7078
1659.554299 94.572 -116.6724
1671.580114 94.639 -116.6415
1683.693072 94.706 -116.6145
1695.893807 94.773 -116.5933
1708.182952 94.840 -116.5800
1720.561150 94.906 -116.5747
1733.029045 94.970 -116.5743
1745.587288 95.032 -116.5741
1758.236533 95.094 -116.5679
1770.977440 95.155 -116.5507
1783.810673 95.218 -116.5239
1796.736900 95.285 -116.4971
1809.756796 95.355 -116.4844
1822.871040 95.428 -116.4975
1836.080315 95.503 -116.5407
1849.385310 95.578 -116.6133
1862.786718 95.654 -116.7124
1876.285239 95.729 -116.8335
1889.881575 95.806 -116.9716
1903.576436 95.884 -117.1210
1917.370535 95.965 -117.2773
1931.264593 96.051 -117.4376
1945.259332 96.142 -117.6038
1959.355483 96.238 -117.7848
1973.553781 96.340 -117.9944
1987.854965 96.445 -118.2433
2002.259781 96.550 -118.5356
2016.768981 96.654 -118.8701
2031.383320 96.756 -119.2424
2046.103561 96.854 -119.6477
2060.930471 96.950 -120.0819
2075.864823 97.043 -120.5429
2090.907395 97.133 -121.0301
2106.058972 97.218 -121.5414
2121.320344 97.298 -122.0721
2136.692305 97.373 -122.6145
2152.175658 97.444 -123.1608
2167.771210 97.511 -123.7084
2183.479774 97.577 -124.2629
2199.302169 97.641 -124.8348
2215.239219 97.704 -125.4329
2231.291755 97.763 -126.0607
2247.460615 97.818 -126.7179
2263.746641 97.868 -127.4003
2280.150683 97.912 -128.1008
2296.673595 97.952 -128.8107
2313.316238 97.986 -129.5223
2330.079481 98.018 -130.2328
2346.964198 98.048 -130.9470
2363.971268 98.076 -131.6741
2381.101578 98.101 -132.4219
2398.356022 98.122 -133.1935
2415.735498 98.138 -133.9871
2433.240913 98.148 -134.7983
2450.873180 98.151 -135.6221
2468.633217 98.148 -136.4534
2486.521951 98.137 -137.2870
2504.540314 98.119 -138.1150
2522.689246 98.093 -138.9260
2540.969692 98.060 -139.7090
2559.382606 98.023 -140.4584
2577.928947 97.982 -141.1768
2596.609683 97.938 -141.8704
2615.425787 97.891 -142.5440
2634.378241 97.841 -143.1993
2653.468031 97.786 -143.8338
2672.696154 97.726 -144.4404
2692.063613 97.662 -145.0101
2711.571415 97.595 -145.5361
2731.220579 97.527 -146.0196
2751.012130 97.459 -146.4685
2770.947098 97.391 -146.8926
2791.026522 97.323 -147.2991
2811.251451 97.255 -147.6912
2831.622938 97.184 -148.0696
2852.142045 97.112 -148.4339
2872.809842 97.037 -148.7820
2893.627406 96.958 -149.1081
2914.595823 96.876 -149.4019
2935.716186 96.791 -149.6537
2956.989596 96.705 -149.8605
2978.417161 96.619 -150.0261
3000.000000 96.533 -150.1565
3021.739237 96.448 -150.2567
3043.636005 96.363 -150.3273
3065.691446 96.277 -150.3633
3087.906710 96.192 -150.3572
3110.282955 96.107 -150.3052
3132.821347 96.026 -150.2114
3155.523062 95.949 -150.0853
3178.389283 95.876 -149.9372
3201.421202 95.806 -149.7754
3224.620020 95.739 -149.6058
3247.986946 95.675 -149.4323
3271.523198 95.610 -149.2540
3295.230004 95.546 -149.0646
3319.108599 95.482 -148.8538
3343.160228 95.418 -148.6155
3367.386145 95.357 -148.3500
3391.787613 95.298 -148.0618
3416.365904 95.241 -147.7546
3441.122300 95.187 -147.4268
3466.058091 95.135 -147.0716
3491.174576 95.085 -146.6813
3516.473066 95.040 -146.2546
3541.954880 95.000 -145.7975
3567.621345 94.965 -145.3200
3593.473800 94.937 -144.8328
3619.513592 94.914 -144.3457
3645.742080 94.894 -143.8657
3672.160630 94.877 -143.3929
3698.770620 94.862 -142.9207
3725.573436 94.848 -142.4408
3752.570477 94.835 -141.9501
3779.763150 94.825 -141.4502
3807.152872 94.815 -140.9429
3834.741071 94.807 -140.4257
3862.529185 94.799 -139.8899
3890.518664 94.792 -139.3276
3918.710966 94.789 -138.7374
3947.107561 94.792 -138.1252
3975.709929 94.800 -137.5015
4004.519563 94.815 -136.8787
4033.537962 94.835 -136.2682
4062.766641 94.860 -135.6747
4092.207123 94.889 -135.0947
4121.860942 94.921 -134.5234
4151.729646 94.956 -133.9592
4181.814790 94.994 -133.4039
4212.117944 95.034 -132.8568
4242.640687 95.076 -132.3113
4273.384610 95.120 -131.7573
4304.351317 95.167 -131.1891
4335.542421 95.219 -130.6083
4366.959549 95.278 -130.0234
4398.604338 95.343 -129.4481
4430.478438 95.415 -128.8956
4462.583511 95.492 -128.3732
4494.921231 95.574 -127.8812
4527.493283 95.661 -127.4193
4560.301365 95.752 -126.9895
4593.347189 95.846 -126.5932
4626.632476 95.942 -126.2263
4660.158962 96.041 -125.8799
4693.928395 96.144 -125.5461
4727.942535 96.252 -125.2236
4762.203156 96.366 -124.9186
4796.712043 96.487 -124.6439
4831.470996 96.616 -124.4131
4866.481826 96.751 -124.2350
4901.746360 96.891 -124.1146
4937.266434 97.036 -124.0569
4973.043902 97.184 -124.0679
5009.080628 97.334 -124.1493
5045.378492 97.485 -124.2968
5081.939384 97.637 -124.5040
5118.765212 97.790 -124.7682
5155.857894 97.945 -125.0931
5193.219366 98.103 -125.4898
5230.851574 98.262 -125.9714
5268.756481 98.422 -126.5482
5306.936062 98.580 -127.2280
5345.392309 98.735 -128.0181
5384.127225 98.884 -128.9236
5423.142830 99.024 -129.9428
5462.441159 99.155 -131.0680
5502.024259 99.274 -132.2887
5541.894195 99.382 -133.5970
5582.053045 99.478 -134.9903
5622.502902 99.563 -136.4698
5663.245876 99.635 -138.0359
5704.284090 99.692 -139.6876
5745.619684 99.734 -141.4232
5787.254813 99.757 -143.2369
5829.191647 99.759 -145.1154
5871.432373 99.737 -147.0356
5913.979192 99.690 -148.9681
5956.834323 99.617 -150.8807
6000.000000 99.518 -152.7420
6043.478473 99.395 -154.5205
6087.272010 99.249 -156.1853
6131.382892 99.082 -157.7091
6175.813420 98.897 -159.0697
6220.565910 98.698 -160.2482
6265.642695 98.488 -161.2289
6311.046124 98.273 -162.0007
6356.778566 98.056 -162.5612
6402.842404 97.843 -162.9186
6449.240040 97.638 -163.0891
6495.973891 97.447 -163.0953
6543.046396 97.270 -162.9645
6590.460007 97.111 -162.7246
6638.217197 96.969 -162.3986
6686.320456 96.844 -162.0028
6734.772290 96.738 -161.5497
6783.575226 96.651 -161.0513
6832.731809 96.582 -160.5208
6882.244600 96.533 -159.9738
6932.116181 96.504 -159.4299
6982.349153 96.492 -158.9093
7032.946133 96.499 -158.4284
7083.909760 96.523 -157.9984
7135.242690 96.565 -157.6277
7186.947600 96.625 -157.3256
7239.027185 96.705 -157.1050
7291.484160 96.805 -156.9846
7344.321260 96.925 -156.9907
7397.541239 97.065 -157.1535
7451.146872 97.224 -157.5021
7505.140954 97.399 -158.0638
7559.526299 97.588 -158.8670
7614.305743 97.789 -159.9426
7669.482141 97.997 -161.3248
7725.058371 98.208 -163.0507
7781.037328 98.412 -165.1539
7837.421932 98.601 -167.6555
7894.215122 98.762 -170.5573
7951.419859 98.885 -173.8401
8009.039125 98.959 -177.4628
8067.075924 98.974 178.6356
8125.533282 98.925 174.5308
8184.414245 98.804 170.3099
8243.721885 98.609 166.0697
8303.459292 98.339 161.9133
8363.629581 97.994 157.9421
8424.235888 97.581 154.2495
8485.281374 97.105 150.9111
8546.769221 96.578 147.9783
8608.702634 96.010 145.4781
8671.084842 95.411 143.4189
8733.919097 94.791 141.7964
8797.208675 94.159 140.5986
8860.956876 93.522 139.8087
8925.167022 92.889 139.4020
8989.842461 92.267 139.3435
9054.986566 91.662 139.5917
9120.602731 91.077 140.1040
9186.694378 90.516 140.8439
9253.264952 89.980 141.7839
9320.317925 89.469 142.9012
9387.856790 88.984 144.1709
9455.885071 88.527 145.5656
9524.406312 88.097 147.0591
9593.424086 87.694 148.6318
9662.941992 87.315 150.2748
9732.963653 86.961 151.9843
9803.492719 86.629 153.7549
9874.532869 86.320 155.5788
9946.087805 86.033 157.4484
10018.161257 85.765 159.3639
10090.756983 85.514 161.3354
10163.878768 85.282 163.3761
10237.530423 85.068 165.4952
10311.715789 84.874 167.6979
10386.438732 84.702 169.9899
10461.703149 84.553 172.3851
10537.512962 84.430 174.9020
10613.872125 84.341 177.5536
10690.784618 84.292 -179.6605
10768.254450 84.292 -176.7582
10846.285661 84.349 -173.7735
10924.882318 84.473 -170.7622
11004.048518 84.670 -167.8123
11083.788390 84.944 -165.0447
11164.106090 85.290 -162.5991
11245.005805 85.698 -160.6036
11326.491752 86.151 -159.1515
11408.568180 86.630 -158.2913
11491.239368 87.118 -158.0313
11574.509626 87.598 -158.3476
11658.383294 88.058 -159.1912
11742.864745 88.487 -160.5011
11827.958384 88.882 -162.2181
11913.668646 89.238 -164.2948
12000.000000 89.553 -166.6963
12086.956947 89.822 -169.3918
12174.544019 90.042 -172.3486
12262.765784 90.207 -175.5292
12351.626840 90.314 -178.8925
12441.131819 90.359 177.6099
12531.285389 90.338 174.0372
12622.092249 90.249 170.4589
12713.557132 90.093 166.9465
12805.684808 89.873 163.5677
12898.480079 89.595 160.3833
12991.947783 89.263 157.4475
13086.092792 88.887 154.8052
13180.920015 88.475 152.4862
13276.434395 88.037 150.5054
13372.640911 87.582 148.8657
13469.544580 87.118 147.5631
13567.150452 86.654 146.5845
13665.463617 86.197 145.9080
13764.489200 85.754 145.5063
13864.232362 85.330 145.3527
13964.698305 84.930 145.4191
14065.892266 84.561 145.6723
14167.819519 84.227 146.0755
14270.485380 83.933 146.5906
14373.895200 83.685 147.1763
14478.054370 83.485 147.7825
14582.968320 83.339 148.3517
14688.642520 83.250 148.8213
14795.082478 83.221 149.1204
14902.293745 83.253 149.1652
15010.281908 83.346 148.8622
15119.052599 83.496 148.1140
15228.611486 83.694 146.8227
15338.964283 83.927 144.8971
15450.116741 84.174 142.2653
15562.074656 84.408 138.8881
15674.843864 84.597 134.7693
15788.430244 84.709 129.9648
15902.839718 84.711 124.5901
16018.078250 84.577 118.8194
16134.151848 84.290 112.8729
16251.066563 83.841 106.9943
16368.828491 83.233 101.4250
16487.443769 82.479 96.3788
16606.918584 81.601 92.0215
16727.259161 80.622 88.4643
16848.471777 79.572 85.7650
16970.562748 78.479 83.9313
17093.538442 77.371 82.9240
17217.405268 76.273 82.6632
17342.169684 75.209 83.0333
17467.838194 74.198 83.8860
17594.417350 73.247 85.0558
17721.913751 72.355 86.3946
17850.334044 71.504 87.8312
17979.684923 70.666 89.4512
18109.973131 69.816 91.5485
18241.205462 68.953 94.5320
18373.388756 68.112 98.6446
18506.529905 67.350 103.7321
18640.635849 66.710 109.3273
18775.713581 66.210 114.9389
18911.770141 65.840 120.2646
19048.812624 65.578 125.1986
19186.848172 65.405 129.7301
19325.883983 65.306 133.8560
19465.927305 65.271 137.5371
19606.985439 65.290 140.6918
19749.065738 65.347 143.2103
19892.175609 65.413 144.9767
20036.322514 65.457 145.8904
