* Measurement data measured by REW V5.31.3
* Source: EXCL: Microphone (USB Sound Device        ), MICROPHONE (Master Volume), R, volume: 0.390
* Format: 256k Log Swept Sine, 1 sweep at -12.0 dBFS with no timing reference
* Dated: May 31, 2025 2:03:26 PM
* REW Settings:
*  C-weighting compensation: Off
*  Target level: 75.0 dB
* Note: Kiwi Ears Astral R
* Measurement: R May 31
* Smoothing: 1/12 octave
* Frequency Step: 96 ppo
* Start Frequency: 0.36621094 Hz
*
* Freq(Hz) SPL(dB) Phase(degrees)
0.366211 89.974 -79.9755
0.368865 89.985 -80.0650
0.371538 90.001 -80.1986
0.374230 90.022 -80.3657
0.376942 90.045 -80.5573
0.379673 90.069 -80.7666
0.382424 90.095 -80.9891
0.385196 90.121 -81.2222
0.387987 90.148 -81.4642
0.390798 90.175 -81.7144
0.393630 90.202 -81.9721
0.396483 90.230 -82.2372
0.399356 90.258 -82.5095
0.402250 90.286 -82.7889
0.405165 90.314 -83.0755
0.408101 90.342 -83.3692
0.411058 90.371 -83.6699
0.414037 90.400 -83.9777
0.417037 90.429 -84.2924
0.420059 90.458 -84.6142
0.423103 90.487 -84.9429
0.426169 90.517 -85.2786
0.429257 90.547 -85.6210
0.432368 90.577 -85.9703
0.435501 90.607 -86.3264
0.438656 90.638 -86.6891
0.441835 90.668 -87.0585
0.445037 90.699 -87.4344
0.448262 90.731 -87.8167
0.451510 90.762 -88.2055
0.454782 90.794 -88.6005
0.458077 90.825 -89.0018
0.461397 90.858 -89.4091
0.464740 90.890 -89.8225
0.468108 90.922 -90.2417
0.471500 90.955 -90.6666
0.474917 90.988 -91.0972
0.478358 91.022 -91.5333
0.481825 91.055 -91.9748
0.485316 91.089 -92.4216
0.488833 91.123 -92.8734
0.492375 91.157 -93.3302
0.495943 91.192 -93.7919
0.499537 91.226 -94.2581
0.503157 91.261 -94.7289
0.506803 91.297 -95.2041
0.510475 91.332 -95.6834
0.514175 91.368 -96.1668
0.517900 91.404 -96.6541
0.521653 91.440 -97.1450
0.525434 91.477 -97.6395
0.529241 91.514 -98.1374
0.533076 91.551 -98.6384
0.536939 91.588 -99.1426
0.540830 91.626 -99.6495
0.544749 91.664 -100.1592
0.548696 91.702 -100.6714
0.552673 91.740 -101.1860
0.556677 91.779 -101.7029
0.560711 91.818 -102.2217
0.564774 91.857 -102.7425
0.568867 91.897 -103.2651
0.572989 91.937 -103.7892
0.577141 91.977 -104.3148
0.581324 92.018 -104.8417
0.585536 92.058 -105.3698
0.589779 92.099 -105.8990
0.594053 92.141 -106.4291
0.598358 92.182 -106.9600
0.602694 92.224 -107.4916
0.607061 92.267 -108.0239
0.611460 92.309 -108.5566
0.615891 92.352 -109.0897
0.620354 92.395 -109.6232
0.624849 92.439 -110.1569
0.629377 92.482 -110.6908
0.633938 92.526 -111.2249
0.638532 92.571 -111.7591
0.643159 92.616 -112.2933
0.647819 92.661 -112.8275
0.652514 92.706 -113.3617
0.657242 92.752 -113.8960
0.662005 92.798 -114.4302
0.666802 92.844 -114.9645
0.671634 92.891 -115.4989
0.676501 92.938 -116.0333
0.681403 92.986 -116.5679
0.686341 93.033 -117.1027
0.691314 93.081 -117.6378
0.696324 93.130 -118.1733
0.701370 93.178 -118.7094
0.706452 93.227 -119.2464
0.711571 93.276 -119.7844
0.716728 93.325 -120.3240
0.721921 93.373 -120.8657
0.727153 93.421 -121.4104
0.732422 93.468 -121.9590
0.737729 93.514 -122.5127
0.743075 93.559 -123.0724
0.748460 93.603 -123.6390
0.753883 93.646 -124.2129
0.759346 93.689 -124.7943
0.764849 93.732 -125.3832
0.770391 93.775 -125.9795
0.775974 93.817 -126.5829
0.781597 93.860 -127.1932
0.787261 93.903 -127.8101
0.792966 93.945 -128.4333
0.798712 93.988 -129.0624
0.804500 94.030 -129.6972
0.810329 94.073 -130.3373
0.816201 94.115 -130.9824
0.822116 94.158 -131.6321
0.828073 94.200 -132.2861
0.834074 94.243 -132.9440
0.840118 94.285 -133.6055
0.846206 94.328 -134.2704
0.852338 94.370 -134.9382
0.858514 94.413 -135.6086
0.864735 94.455 -136.2814
0.871001 94.497 -136.9561
0.877313 94.539 -137.6325
0.883670 94.582 -138.3104
0.890074 94.624 -138.9893
0.896524 94.666 -139.6691
0.903020 94.708 -140.3494
0.909564 94.750 -141.0300
0.916155 94.792 -141.7107
0.922794 94.834 -142.3911
0.929481 94.876 -143.0712
0.936216 94.918 -143.7507
0.943000 94.960 -144.4294
0.949834 95.002 -145.1071
0.956717 95.043 -145.7837
0.963649 95.085 -146.4590
0.970632 95.127 -147.1329
0.977666 95.168 -147.8054
0.984750 95.210 -148.4762
0.991886 95.251 -149.1454
0.999074 95.292 -149.8128
1.006314 95.334 -150.4785
1.013606 95.375 -151.1424
1.020951 95.416 -151.8046
1.028349 95.457 -152.4651
1.035801 95.498 -153.1240
1.043307 95.539 -153.7813
1.050867 95.580 -154.4373
1.058482 95.621 -155.0923
1.066152 95.661 -155.7467
1.073878 95.702 -156.4010
1.081660 95.743 -157.0563
1.089498 95.783 -157.7139
1.097393 95.823 -158.3754
1.105345 95.864 -159.0430
1.113355 95.904 -159.7186
1.121423 95.943 -160.4038
1.129549 95.983 -161.0998
1.137734 96.022 -161.8073
1.145979 96.061 -162.5265
1.154283 96.100 -163.2576
1.162647 96.138 -164.0004
1.171072 96.176 -164.7547
1.179558 96.214 -165.5201
1.188106 96.252 -166.2964
1.196715 96.289 -167.0831
1.205387 96.326 -167.8797
1.214122 96.363 -168.6857
1.222920 96.399 -169.5007
1.231782 96.435 -170.3240
1.240708 96.471 -171.1551
1.249699 96.506 -171.9934
1.258754 96.542 -172.8382
1.267876 96.576 -173.6887
1.277063 96.611 -174.5443
1.286318 96.645 -175.4042
1.295639 96.679 -176.2677
1.305027 96.713 -177.1339
1.314484 96.746 -178.0019
1.324009 96.779 -178.8709
1.333604 96.812 -179.7401
1.343268 96.844 179.3915
1.353002 96.876 178.5249
1.362806 96.908 177.6609
1.372681 96.940 176.8005
1.382628 96.971 175.9446
1.392647 97.002 175.0941
1.402739 97.033 174.2499
1.412904 97.063 173.4127
1.423142 97.093 172.5829
1.433455 97.123 171.7606
1.443843 97.152 170.9453
1.454305 97.181 170.1360
1.464844 97.210 169.3304
1.475459 97.239 168.5261
1.486150 97.266 167.7202
1.496920 97.294 166.9105
1.507767 97.321 166.0953
1.518693 97.347 165.2736
1.529698 97.373 164.4450
1.540783 97.398 163.6093
1.551948 97.423 162.7666
1.563194 97.447 161.9171
1.574521 97.471 161.0612
1.585931 97.494 160.1994
1.597423 97.516 159.3321
1.608999 97.538 158.4598
1.620658 97.559 157.5831
1.632402 97.580 156.7026
1.644232 97.600 155.8189
1.656146 97.619 154.9326
1.668147 97.638 154.0446
1.680235 97.656 153.1555
1.692411 97.674 152.2659
1.704675 97.691 151.3768
1.717028 97.708 150.4890
1.729470 97.723 149.6031
1.742003 97.739 148.7200
1.754626 97.753 147.8403
1.767341 97.767 146.9648
1.780147 97.780 146.0937
1.793047 97.793 145.2270
1.806040 97.805 144.3642
1.819128 97.816 143.5039
1.832310 97.827 142.6440
1.845587 97.837 141.7819
1.858961 97.846 140.9147
1.872432 97.854 140.0402
1.886001 97.861 139.1569
1.899667 97.867 138.2640
1.913433 97.873 137.3613
1.927299 97.877 136.4489
1.941265 97.881 135.5273
1.955332 97.883 134.5972
1.969501 97.885 133.6595
1.983773 97.886 132.7153
1.998148 97.885 131.7657
2.012627 97.884 130.8120
2.027212 97.882 129.8558
2.041902 97.879 128.8985
2.056698 97.875 127.9419
2.071602 97.870 126.9877
2.086614 97.865 126.0378
2.101734 97.858 125.0942
2.116964 97.851 124.1588
2.132304 97.842 123.2333
2.147756 97.833 122.3191
2.163320 97.823 121.4170
2.178996 97.811 120.5271
2.194786 97.799 119.6483
2.210690 97.785 118.7784
2.226710 97.771 117.9147
2.242845 97.755 117.0548
2.259098 97.737 116.1967
2.275468 97.718 115.3391
2.291957 97.698 114.4813
2.308566 97.676 113.6232
2.325295 97.654 112.7650
2.342145 97.630 111.9071
2.359117 97.605 111.0505
2.376212 97.579 110.1960
2.393431 97.552 109.3449
2.410775 97.524 108.4987
2.428244 97.495 107.6589
2.445840 97.465 106.8275
2.463564 97.435 106.0063
2.481416 97.404 105.1977
2.499397 97.373 104.4037
2.517509 97.341 103.6263
2.535752 97.309 102.8674
2.554127 97.276 102.1281
2.572635 97.242 101.4089
2.591277 97.207 100.7095
2.610055 97.171 100.0291
2.628968 97.133 99.3668
2.648019 97.094 98.7215
2.667208 97.054 98.0923
2.686535 97.013 97.4785
2.706003 96.972 96.8793
2.725612 96.930 96.2942
2.745363 96.888 95.7228
2.765257 96.845 95.1651
2.785295 96.804 94.6208
2.805478 96.763 94.0901
2.825808 96.723 93.5734
2.846285 96.685 93.0714
2.866910 96.648 92.5851
2.887685 96.613 92.1161
2.908611 96.580 91.6665
2.929688 96.548 91.2387
2.950917 96.519 90.8354
2.972301 96.490 90.4587
2.993839 96.463 90.1097
3.015534 96.438 89.7886
3.037386 96.413 89.4941
3.059396 96.391 89.2247
3.081565 96.370 88.9778
3.103896 96.351 88.7510
3.126388 96.335 88.5411
3.149043 96.321 88.3452
3.171862 96.311 88.1602
3.194847 96.304 87.9833
3.217998 96.301 87.8121
3.241317 96.302 87.6453
3.264805 96.308 87.4825
3.288463 96.319 87.3250
3.312293 96.335 87.1753
3.336295 96.356 87.0362
3.360471 96.382 86.9095
3.384822 96.413 86.7955
3.409350 96.449 86.6926
3.434056 96.489 86.5978
3.458940 96.534 86.5073
3.484005 96.582 86.4167
3.509252 96.634 86.3210
3.534681 96.689 86.2155
3.560295 96.747 86.0956
3.586094 96.808 85.9572
3.612081 96.871 85.7973
3.638255 96.937 85.6142
3.664620 97.006 85.4078
3.691175 97.078 85.1795
3.717923 97.153 84.9313
3.744864 97.232 84.6651
3.772001 97.314 84.3820
3.799335 97.399 84.0827
3.826866 97.487 83.7671
3.854597 97.576 83.4348
3.882529 97.666 83.0851
3.910664 97.756 82.7168
3.939002 97.846 82.3287
3.967546 97.935 81.9196
3.996296 98.023 81.4879
4.025255 98.110 81.0327
4.054423 98.195 80.5534
4.083804 98.280 80.0503
4.113396 98.364 79.5244
4.143204 98.447 78.9778
4.173227 98.529 78.4129
4.203468 98.610 77.8325
4.233928 98.689 77.2394
4.264609 98.766 76.6360
4.295512 98.841 76.0241
4.326639 98.913 75.4049
4.357992 98.982 74.7784
4.389572 99.048 74.1439
4.421380 99.110 73.4997
4.453419 99.170 72.8447
4.485691 99.226 72.1789
4.518196 99.279 71.5035
4.550936 99.329 70.8214
4.583914 99.376 70.1361
4.617131 99.419 69.4515
4.650589 99.460 68.7715
4.684289 99.498 68.0992
4.718233 99.532 67.4368
4.752424 99.564 66.7850
4.786862 99.592 66.1432
4.821549 99.616 65.5103
4.856488 99.637 64.8855
4.891680 99.655 64.2691
4.927127 99.670 63.6624
4.962831 99.682 63.0680
4.998794 99.692 62.4885
5.035017 99.700 61.9271
5.071503 99.706 61.3866
5.108253 99.711 60.8691
5.145270 99.714 60.3756
5.182555 99.716 59.9064
5.220110 99.716 59.4607
5.257937 99.715 59.0378
5.296038 99.713 58.6368
5.334415 99.711 58.2572
5.373071 99.708 57.8987
5.412006 99.707 57.5613
5.451224 99.707 57.2458
5.490725 99.708 56.9528
5.530514 99.711 56.6828
5.570590 99.715 56.4358
5.610957 99.722 56.2104
5.651616 99.730 56.0041
5.692570 99.740 55.8135
5.733821 99.753 55.6349
5.775370 99.768 55.4648
5.817221 99.786 55.3006
5.859375 99.808 55.1408
5.901834 99.833 54.9846
5.944602 99.861 54.8313
5.987679 99.892 54.6794
6.031068 99.926 54.5264
6.074771 99.963 54.3689
6.118792 100.001 54.2032
6.163131 100.041 54.0261
6.207792 100.083 53.8348
6.252776 100.127 53.6280
6.298086 100.171 53.4052
6.343725 100.217 53.1667
6.389694 100.264 52.9125
6.435996 100.310 52.6427
6.482634 100.356 52.3570
6.529610 100.402 52.0550
6.576926 100.446 51.7362
6.624585 100.488 51.4004
6.672590 100.528 51.0481
6.720942 100.566 50.6806
6.769645 100.602 50.3001
6.818700 100.636 49.9093
6.868111 100.667 49.5108
6.917881 100.694 49.1065
6.968010 100.719 48.6979
7.018504 100.739 48.2859
7.069362 100.757 47.8717
7.120590 100.771 47.4572
7.172189 100.782 47.0453
7.224161 100.791 46.6388
7.276511 100.796 46.2406
7.329239 100.798 45.8528
7.382350 100.798 45.4766
7.435845 100.795 45.1128
7.489729 100.790 44.7621
7.544002 100.784 44.4251
7.598669 100.776 44.1031
7.653732 100.767 43.7969
7.709194 100.757 43.5074
7.765058 100.748 43.2345
7.821327 100.738 42.9776
7.878004 100.728 42.7352
7.935091 100.719 42.5056
7.992592 100.712 42.2868
8.050510 100.705 42.0775
8.108847 100.700 41.8762
8.167607 100.697 41.6813
8.226793 100.695 41.4906
8.286408 100.695 41.3014
8.346454 100.697 41.1107
8.406936 100.700 40.9160
8.467856 100.704 40.7153
8.529218 100.710 40.5071
8.591024 100.717 40.2903
8.653278 100.725 40.0635
8.715983 100.733 39.8253
8.779143 100.741 39.5749
8.842760 100.749 39.3116
8.906839 100.756 39.0354
8.971381 100.763 38.7471
9.036392 100.769 38.4475
9.101873 100.773 38.1378
9.167829 100.776 37.8191
9.234263 100.777 37.4924
9.301178 100.776 37.1591
9.368578 100.774 36.8209
9.436467 100.770 36.4798
9.504847 100.764 36.1378
9.573723 100.756 35.7963
9.643099 100.747 35.4565
9.712976 100.737 35.1195
9.783361 100.725 34.7863
9.854255 100.713 34.4580
9.925663 100.700 34.1352
9.997588 100.687 33.8181
10.070035 100.673 33.5065
10.143007 100.660 33.2000
10.216507 100.647 32.8979
10.290540 100.635 32.5995
10.365109 100.624 32.3040
10.440219 100.613 32.0104
10.515873 100.604 31.7174
10.592076 100.595 31.4239
10.668830 100.587 31.1287
10.746141 100.580 30.8311
10.824012 100.574 30.5302
10.902447 100.569 30.2257
10.981451 100.564 29.9170
11.061027 100.559 29.6039
11.141180 100.555 29.2866
11.221913 100.551 28.9654
11.303232 100.547 28.6408
11.385140 100.543 28.3135
11.467641 100.539 27.9839
11.550741 100.535 27.6530
11.634442 100.532 27.3214
11.718750 100.528 26.9897
11.803669 100.524 26.6588
11.889203 100.520 26.3289
11.975357 100.517 26.0004
12.062136 100.514 25.6733
12.149543 100.511 25.3479
12.237583 100.509 25.0240
12.326262 100.507 24.7015
12.415583 100.506 24.3801
12.505552 100.505 24.0597
12.596172 100.505 23.7401
12.687449 100.504 23.4214
12.779387 100.504 23.1034
12.871992 100.504 22.7865
12.965268 100.505 22.4709
13.059220 100.505 22.1573
13.153852 100.505 21.8463
13.249170 100.504 21.5386
13.345179 100.504 21.2347
13.441884 100.503 20.9357
13.539289 100.503 20.6418
13.637401 100.502 20.3539
13.736223 100.501 20.0718
13.835761 100.501 19.7959
13.936021 100.500 19.5256
14.037007 100.501 19.2607
14.138725 100.501 19.0004
14.241180 100.502 18.7435
14.344377 100.504 18.4894
14.448323 100.505 18.2368
14.553021 100.508 17.9849
14.658478 100.510 17.7329
14.764700 100.512 17.4801
14.871691 100.513 17.2264
14.979457 100.515 16.9717
15.088005 100.515 16.7165
15.197339 100.515 16.4613
15.307465 100.513 16.2069
15.418389 100.511 15.9545
15.530117 100.507 15.7047
15.642655 100.503 15.4587
15.756008 100.497 15.2170
15.870182 100.491 14.9800
15.985184 100.484 14.7477
16.101019 100.477 14.5198
16.217694 100.470 14.2955
16.335214 100.463 14.0739
16.453586 100.456 13.8536
16.572815 100.449 13.6333
16.692909 100.442 13.4116
16.813872 100.435 13.1874
16.935713 100.428 12.9595
17.058436 100.421 12.7275
17.182048 100.413 12.4910
17.306556 100.404 12.2499
17.431967 100.395 12.0049
17.558286 100.386 11.7563
17.685521 100.375 11.5050
17.813677 100.364 11.2517
17.942762 100.353 10.9969
18.072783 100.341 10.7413
18.203746 100.329 10.4849
18.335658 100.317 10.2277
18.468526 100.305 9.9695
18.602356 100.293 9.7100
18.737156 100.281 9.4485
18.872934 100.270 9.1846
19.009695 100.259 8.9180
19.147447 100.248 8.6485
19.286197 100.238 8.3760
19.425953 100.228 8.1006
19.566721 100.219 7.8228
19.708510 100.209 7.5428
19.851326 100.200 7.2612
19.995177 100.191 6.9786
20.140070 100.183 6.6952
20.286013 100.175 6.4113
20.433014 100.168 6.1273
20.581080 100.161 5.8433
20.730219 100.154 5.5597
20.880439 100.148 5.2769
21.031747 100.142 4.9950
21.184152 100.136 4.7150
21.337661 100.131 4.4371
21.492282 100.125 4.1624
21.648024 100.120 3.8910
21.804895 100.115 3.6237
21.962902 100.111 3.3604
22.122054 100.106 3.1011
22.282360 100.102 2.8456
22.443827 100.099 2.5935
22.606464 100.095 2.3442
22.770280 100.091 2.0972
22.935283 100.088 1.8524
23.101481 100.084 1.6097
23.268884 100.079 1.3693
23.437500 100.074 1.1316
23.607338 100.069 0.8970
23.778406 100.062 0.6660
23.950714 100.055 0.4387
24.124271 100.048 0.2152
24.299086 100.040 -0.0050
24.475167 100.032 -0.2228
24.652524 100.023 -0.4388
24.831166 100.015 -0.6544
25.011103 100.005 -0.8702
25.192344 99.995 -1.0869
25.374898 99.985 -1.3051
25.558775 99.974 -1.5247
25.743984 99.962 -1.7457
25.930536 99.950 -1.9681
26.118439 99.937 -2.1917
26.307704 99.924 -2.4165
26.498341 99.910 -2.6428
26.690359 99.896 -2.8708
26.883768 99.882 -3.1012
27.078579 99.868 -3.3341
27.274801 99.854 -3.5699
27.472446 99.841 -3.8087
27.671522 99.827 -4.0503
27.872042 99.813 -4.2946
28.074014 99.799 -4.5410
28.277450 99.785 -4.7894
28.482360 99.772 -5.0392
28.688755 99.759 -5.2901
28.896645 99.746 -5.5416
29.106042 99.733 -5.7932
29.316957 99.721 -6.0444
29.529400 99.709 -6.2946
29.743382 99.697 -6.5433
29.958915 99.685 -6.7903
30.176009 99.674 -7.0350
30.394677 99.663 -7.2777
30.614929 99.652 -7.5183
30.836778 99.642 -7.7570
31.060234 99.631 -7.9937
31.285309 99.621 -8.2283
31.512015 99.610 -8.4606
31.740364 99.599 -8.6904
31.970368 99.588 -8.9175
32.202039 99.576 -9.1420
32.435388 99.564 -9.3640
32.670428 99.552 -9.5842
32.907171 99.539 -9.8030
33.145630 99.526 -10.0212
33.385817 99.512 -10.2391
33.627745 99.498 -10.4572
33.871425 99.483 -10.6752
34.116871 99.468 -10.8936
34.364096 99.452 -11.1122
34.613113 99.435 -11.3312
34.863934 99.418 -11.5508
35.116572 99.400 -11.7714
35.371041 99.382 -11.9930
35.627354 99.364 -12.2156
35.885525 99.345 -12.4391
36.145566 99.326 -12.6633
36.407492 99.307 -12.8877
36.671316 99.288 -13.1121
36.937051 99.269 -13.3362
37.204712 99.249 -13.5599
37.474313 99.231 -13.7830
37.745867 99.212 -14.0054
38.019389 99.193 -14.2272
38.294893 99.175 -14.4485
38.572394 99.157 -14.6694
38.851905 99.138 -14.8898
39.133442 99.120 -15.1094
39.417019 99.102 -15.3279
39.702651 99.083 -15.5446
39.990353 99.065 -15.7592
40.280140 99.046 -15.9713
40.572026 99.026 -16.1808
40.866028 99.007 -16.3881
41.162160 98.987 -16.5934
41.460438 98.968 -16.7974
41.760877 98.947 -17.0000
42.063494 98.927 -17.2018
42.368303 98.906 -17.4027
42.675322 98.884 -17.6028
42.984565 98.863 -17.8022
43.296048 98.841 -18.0011
43.609789 98.818 -18.1992
43.925804 98.796 -18.3967
44.244108 98.773 -18.5936
44.564719 98.749 -18.7899
44.887654 98.726 -18.9855
45.212928 98.703 -19.1804
45.540560 98.679 -19.3746
45.870565 98.655 -19.5680
46.202962 98.631 -19.7605
46.537768 98.607 -19.9520
46.875000 98.583 -20.1422
47.214676 98.558 -20.3309
47.556813 98.534 -20.5178
47.901429 98.509 -20.7027
48.248542 98.483 -20.8854
48.598171 98.458 -21.0660
48.950334 98.433 -21.2451
49.305048 98.407 -21.4229
49.662333 98.381 -21.5999
50.022206 98.355 -21.7761
50.384688 98.329 -21.9515
50.749796 98.302 -22.1256
51.117550 98.276 -22.2982
51.487969 98.249 -22.4692
51.861072 98.222 -22.6388
52.236879 98.196 -22.8070
52.615409 98.169 -22.9740
52.996681 98.142 -23.1394
53.380717 98.116 -23.3026
53.767536 98.089 -23.4629
54.157158 98.062 -23.6200
54.549603 98.036 -23.7742
54.944892 98.009 -23.9265
55.343045 97.983 -24.0784
55.744084 97.958 -24.2310
56.148028 97.932 -24.3856
56.554900 97.906 -24.5427
56.964720 97.879 -24.7026
57.377510 97.852 -24.8654
57.793291 97.825 -25.0309
58.212085 97.796 -25.1985
58.633914 97.767 -25.3676
59.058799 97.737 -25.5370
59.486764 97.707 -25.7062
59.917829 97.675 -25.8744
60.352019 97.643 -26.0409
60.789354 97.611 -26.2052
61.229859 97.578 -26.3668
61.673556 97.545 -26.5252
62.120468 97.512 -26.6802
62.570618 97.479 -26.8314
63.024031 97.445 -26.9788
63.480729 97.412 -27.1224
63.940736 97.378 -27.2620
64.404077 97.343 -27.3981
64.870776 97.309 -27.5308
65.340856 97.274 -27.6606
65.814343 97.240 -27.7880
66.291261 97.204 -27.9133
66.771635 97.169 -28.0367
67.255489 97.134 -28.1586
67.742850 97.098 -28.2788
68.233743 97.062 -28.3973
68.728193 97.026 -28.5142
69.226226 96.990 -28.6290
69.727867 96.954 -28.7419
70.233144 96.917 -28.8525
70.742083 96.881 -28.9608
71.254709 96.845 -29.0660
71.771050 96.808 -29.1678
72.291132 96.771 -29.2662
72.814984 96.734 -29.3611
73.342631 96.698 -29.4532
73.874102 96.661 -29.5429
74.409424 96.624 -29.6307
74.948626 96.587 -29.7172
75.491734 96.550 -29.8024
76.038779 96.514 -29.8868
76.589787 96.477 -29.9706
77.144788 96.440 -30.0538
77.703811 96.404 -30.1368
78.266885 96.367 -30.2200
78.834039 96.331 -30.3041
79.405303 96.295 -30.3903
79.980706 96.258 -30.4798
80.560280 96.222 -30.5735
81.144053 96.184 -30.6718
81.732056 96.146 -30.7742
82.324320 96.106 -30.8795
82.920876 96.065 -30.9854
83.521755 96.022 -31.0894
84.126988 95.977 -31.1885
84.736607 95.931 -31.2798
85.350643 95.884 -31.3607
85.969129 95.835 -31.4300
86.592097 95.786 -31.4872
87.219579 95.737 -31.5330
87.851608 95.688 -31.5683
88.488217 95.639 -31.5942
89.129439 95.591 -31.6121
89.775308 95.543 -31.6234
90.425856 95.495 -31.6298
91.081119 95.448 -31.6325
91.741131 95.401 -31.6322
92.405925 95.354 -31.6293
93.075536 95.308 -31.6238
93.750000 95.262 -31.6160
94.429351 95.217 -31.6058
95.113625 95.171 -31.5934
95.802858 95.126 -31.5786
96.497085 95.080 -31.5616
97.196342 95.034 -31.5420
97.900667 94.988 -31.5189
98.610096 94.942 -31.4910
99.324665 94.896 -31.4570
100.044413 94.849 -31.4160
100.769376 94.802 -31.3676
101.499592 94.756 -31.3120
102.235100 94.711 -31.2504
102.975938 94.666 -31.1841
103.722144 94.622 -31.1146
104.473757 94.578 -31.0436
105.230817 94.535 -30.9722
105.993363 94.492 -30.9011
106.761435 94.450 -30.8310
107.535072 94.408 -30.7620
108.314315 94.365 -30.6943
109.099206 94.323 -30.6281
109.889783 94.280 -30.5634
110.686090 94.237 -30.5009
111.488167 94.193 -30.4407
112.296056 94.148 -30.3823
113.109800 94.101 -30.3237
113.929440 94.053 -30.2616
114.755020 94.003 -30.1914
115.586582 93.952 -30.1082
116.424170 93.900 -30.0076
117.267827 93.848 -29.8877
118.117598 93.797 -29.7486
118.973527 93.748 -29.5927
119.835658 93.700 -29.4232
120.704037 93.654 -29.2440
121.578708 93.611 -29.0597
122.459718 93.569 -28.8743
123.347111 93.528 -28.6910
124.240935 93.488 -28.5109
125.141236 93.449 -28.3337
126.048061 93.410 -28.1589
126.961458 93.371 -27.9857
127.881473 93.333 -27.8133
128.808154 93.296 -27.6415
129.741551 93.258 -27.4702
130.681712 93.221 -27.2991
131.628686 93.184 -27.1282
132.582521 93.146 -26.9567
133.543269 93.109 -26.7839
134.510979 93.071 -26.6088
135.485701 93.033 -26.4301
136.467486 92.995 -26.2467
137.456386 92.956 -26.0579
138.452451 92.918 -25.8630
139.455735 92.880 -25.6625
140.466288 92.842 -25.4574
141.484165 92.805 -25.2491
142.509418 92.768 -25.0388
143.542100 92.731 -24.8275
144.582265 92.695 -24.6153
145.629968 92.659 -24.4019
146.685262 92.623 -24.1868
147.748204 92.587 -23.9694
148.818849 92.552 -23.7480
149.897251 92.516 -23.5211
150.983469 92.480 -23.2859
152.077557 92.444 -23.0403
153.179574 92.408 -22.7827
154.289576 92.374 -22.5137
155.407622 92.341 -22.2358
156.533770 92.311 -21.9535
157.668078 92.283 -21.6714
158.810606 92.257 -21.3932
159.961413 92.233 -21.1218
161.120559 92.209 -20.8586
162.288105 92.185 -20.6033
163.464112 92.161 -20.3538
164.648640 92.136 -20.1072
165.841752 92.110 -19.8602
167.043510 92.083 -19.6096
168.253976 92.056 -19.3521
169.473213 92.028 -19.0852
170.701286 92.001 -18.8083
171.938258 91.975 -18.5229
173.184194 91.951 -18.2319
174.439158 91.929 -17.9390
175.703216 91.908 -17.6469
176.976434 91.888 -17.3572
178.258878 91.869 -17.0703
179.550615 91.851 -16.7864
180.851713 91.833 -16.5052
182.162239 91.816 -16.2269
183.482262 91.799 -15.9517
184.811850 91.782 -15.6799
186.151073 91.765 -15.4115
187.500000 91.749 -15.1462
188.858702 91.733 -14.8831
190.227250 91.716 -14.6205
191.605715 91.700 -14.3571
192.994169 91.683 -14.0912
194.392685 91.666 -13.8219
195.801334 91.649 -13.5485
197.220191 91.632 -13.2703
198.649330 91.616 -12.9865
200.088825 91.600 -12.6967
201.538751 91.586 -12.4014
202.999184 91.573 -12.1035
204.470200 91.561 -11.8074
205.951875 91.551 -11.5177
207.444287 91.542 -11.2378
208.947514 91.532 -10.9679
210.461634 91.522 -10.7057
211.986726 91.511 -10.4468
213.522869 91.498 -10.1857
215.070144 91.485 -9.9164
216.628631 91.471 -9.6348
218.198411 91.458 -9.3397
219.779567 91.446 -9.0339
221.372180 91.436 -8.7234
222.976334 91.428 -8.4142
224.592112 91.422 -8.1104
226.219600 91.416 -7.8135
227.858880 91.411 -7.5233
229.510039 91.406 -7.2386
231.173164 91.400 -6.9581
232.848340 91.395 -6.6801
234.535655 91.390 -6.4044
236.235197 91.386 -6.1317
237.947054 91.382 -5.8625
239.671317 91.378 -5.5961
241.408074 91.372 -5.3306
243.157416 91.366 -5.0636
244.919435 91.359 -4.7917
246.694223 91.350 -4.5118
248.481871 91.342 -4.2204
250.282473 91.334 -3.9148
252.096123 91.327 -3.5935
253.922915 91.322 -3.2582
255.762945 91.321 -2.9147
257.616309 91.323 -2.5730
259.483103 91.328 -2.2435
261.363424 91.334 -1.9316
263.257372 91.340 -1.6359
265.165043 91.345 -1.3499
267.086538 91.349 -1.0660
269.021957 91.354 -0.7782
270.971401 91.359 -0.4838
272.934972 91.365 -0.1835
274.912771 91.373 0.1193
276.904902 91.382 0.4207
278.911469 91.394 0.7179
280.932577 91.407 1.0089
282.968330 91.422 1.2909
285.018835 91.439 1.5590
287.084199 91.458 1.8069
289.164530 91.478 2.0289
291.259935 91.497 2.2238
293.370525 91.513 2.3965
295.496408 91.527 2.5564
297.637697 91.537 2.7126
299.794503 91.546 2.8712
301.966937 91.554 3.0343
304.155114 91.560 3.2009
306.359147 91.566 3.3685
308.579152 91.572 3.5338
310.815244 91.578 3.6948
313.067539 91.582 3.8517
315.336156 91.585 4.0073
317.621211 91.586 4.1664
319.922826 91.587 4.3333
322.241118 91.586 4.5103
324.576210 91.586 4.6961
326.928223 91.586 4.8883
329.297280 91.586 5.0838
331.683504 91.587 5.2800
334.087019 91.589 5.4747
336.507952 91.591 5.6656
338.946427 91.592 5.8521
341.402572 91.593 6.0348
343.876516 91.593 6.2164
346.368387 91.593 6.3998
348.878315 91.592 6.5869
351.406431 91.590 6.7779
353.952867 91.589 6.9725
356.517756 91.588 7.1700
359.101230 91.587 7.3696
361.703426 91.585 7.5709
364.324478 91.584 7.7739
366.964523 91.583 7.9783
369.623699 91.582 8.1841
372.302145 91.581 8.3909
375.000000 91.579 8.5990
377.717405 91.578 8.8085
380.454501 91.577 9.0193
383.211431 91.576 9.2314
385.988339 91.575 9.4448
388.785369 91.574 9.6592
391.602668 91.573 9.8743
394.440383 91.572 10.0901
397.298660 91.571 10.3066
400.177650 91.571 10.5232
403.077502 91.570 10.7385
405.998368 91.570 10.9512
408.940400 91.570 11.1613
411.903750 91.569 11.3710
414.888575 91.567 11.5837
417.895028 91.564 11.8027
420.923268 91.562 12.0303
423.973452 91.559 12.2666
427.045738 91.558 12.5103
430.140287 91.558 12.7574
433.257261 91.559 13.0038
436.396822 91.561 13.2463
439.559133 91.564 13.4846
442.744360 91.568 13.7188
445.952668 91.573 13.9464
449.184225 91.579 14.1627
452.439199 91.585 14.3616
455.717760 91.590 14.5400
459.020079 91.593 14.7023
462.346327 91.591 14.8590
465.696680 91.587 15.0223
469.071310 91.580 15.1998
472.470394 91.572 15.3930
475.894109 91.563 15.5992
479.342634 91.555 15.8130
482.816148 91.546 16.0292
486.314833 91.537 16.2463
489.838871 91.527 16.4691
493.388445 91.516 16.7056
496.963741 91.505 16.9598
500.564945 91.496 17.2288
504.192245 91.487 17.5045
507.845830 91.480 17.7799
511.525890 91.474 18.0518
515.232618 91.467 18.3205
518.966206 91.460 18.5898
522.726849 91.451 18.8647
526.514743 91.443 19.1500
530.330086 91.434 19.4475
534.173076 91.427 19.7549
538.043915 91.420 20.0670
541.942803 91.415 20.3811
545.869944 91.411 20.6976
549.825542 91.407 21.0168
553.809805 91.405 21.3364
557.822939 91.403 21.6529
561.865154 91.402 21.9639
565.936660 91.401 22.2698
570.037671 91.399 22.5737
574.168399 91.397 22.8793
578.329060 91.394 23.1885
582.519870 91.391 23.5012
586.741049 91.387 23.8175
590.992817 91.383 24.1398
595.275394 91.379 24.4705
599.589005 91.376 24.8087
603.933874 91.374 25.1501
608.310228 91.373 25.4903
612.718295 91.371 25.8278
617.158304 91.369 26.1653
621.630488 91.367 26.5088
626.135079 91.364 26.8650
630.672311 91.362 27.2363
635.242423 91.361 27.6185
639.845651 91.362 28.0050
644.482237 91.365 28.3933
649.152421 91.369 28.7842
653.856447 91.376 29.1761
658.594560 91.384 29.5622
663.367008 91.395 29.9327
668.174039 91.406 30.2804
673.015903 91.415 30.6070
677.892854 91.422 30.9216
682.805145 91.426 31.2349
687.753032 91.427 31.5548
692.736774 91.427 31.8875
697.756631 91.425 32.2375
702.812863 91.422 32.6065
707.905735 91.420 32.9920
713.035511 91.419 33.3889
718.202461 91.419 33.7931
723.406852 91.419 34.2034
728.648956 91.420 34.6206
733.929047 91.421 35.0455
739.247399 91.423 35.4785
744.604290 91.426 35.9200
750.000000 91.429 36.3705
755.434809 91.434 36.8303
760.909001 91.439 37.2993
766.422861 91.445 37.7773
771.976677 91.453 38.2637
777.570739 91.462 38.7578
783.205337 91.472 39.2591
788.880766 91.484 39.7690
794.597321 91.498 40.2905
800.355301 91.514 40.8261
806.155005 91.533 41.3742
811.996736 91.557 41.9285
817.880799 91.585 42.4798
823.807501 91.618 43.0176
829.777150 91.654 43.5329
835.790057 91.692 44.0226
841.846536 91.730 44.4919
847.946903 91.767 44.9501
854.091476 91.805 45.4033
860.280575 91.843 45.8529
866.514523 91.883 46.2989
872.793644 91.924 46.7409
879.118267 91.967 47.1751
885.488720 92.012 47.5939
891.905336 92.059 47.9910
898.368450 92.106 48.3648
904.878398 92.152 48.7174
911.435520 92.198 49.0514
918.040157 92.243 49.3677
924.692655 92.286 49.6674
931.393359 92.328 49.9517
938.142619 92.367 50.2222
944.940787 92.404 50.4820
951.788218 92.438 50.7371
958.685268 92.468 50.9939
965.632296 92.496 51.2586
972.629666 92.521 51.5359
979.677741 92.545 51.8280
986.776890 92.568 52.1350
993.927482 92.590 52.4580
1001.129891 92.612 52.8008
1008.384491 92.635 53.1663
1015.691660 92.659 53.5524
1023.051781 92.688 53.9528
1030.465236 92.720 54.3582
1037.932411 92.757 54.7554
1045.453698 92.796 55.1312
1053.029486 92.837 55.4790
1060.660172 92.878 55.8018
1068.346153 92.917 56.1076
1076.087829 92.954 56.4056
1083.885605 92.990 56.7019
1091.739887 93.024 56.9984
1099.651084 93.058 57.2948
1107.619609 93.092 57.5911
1115.645878 93.124 57.8878
1123.730308 93.156 58.1858
1131.873321 93.187 58.4863
1140.075341 93.219 58.7902
1148.336797 93.249 59.0982
1156.658119 93.281 59.4110
1165.039741 93.312 59.7296
1173.482099 93.344 60.0553
1181.985634 93.378 60.3876
1190.550789 93.414 60.7204
1199.178011 93.453 61.0428
1207.867749 93.494 61.3430
1216.620457 93.535 61.6151
1225.436590 93.574 61.8625
1234.316609 93.610 62.0939
1243.260976 93.643 62.3185
1252.270157 93.672 62.5443
1261.344623 93.700 62.7761
1270.484846 93.725 63.0153
1279.691303 93.749 63.2633
1288.964474 93.772 63.5214
1298.304842 93.795 63.7893
1307.712894 93.817 64.0646
1317.189120 93.839 64.3439
1326.734016 93.861 64.6250
1336.348077 93.881 64.9088
1346.031806 93.901 65.1984
1355.785708 93.919 65.4977
1365.610290 93.936 65.8104
1375.506065 93.952 66.1411
1385.473549 93.968 66.4950
1395.513261 93.986 66.8730
1405.625726 94.007 67.2697
1415.811469 94.032 67.6732
1426.071023 94.061 68.0688
1436.404921 94.091 68.4471
1446.813703 94.123 68.8076
1457.297912 94.153 69.1558
1467.858093 94.183 69.4980
1478.494798 94.211 69.8388
1489.208581 94.238 70.1820
1500.000000 94.265 70.5310
1510.869618 94.290 70.8892
1521.818002 94.315 71.2595
1532.845723 94.340 71.6442
1543.953355 94.365 72.0452
1555.141477 94.393 72.4628
1566.410674 94.424 72.8930
1577.761531 94.459 73.3251
1589.194642 94.498 73.7448
1600.710601 94.539 74.1424
1612.310010 94.580 74.5171
1623.993473 94.620 74.8742
1635.761599 94.659 75.2214
1647.615002 94.696 75.5651
1659.554299 94.732 75.9102
1671.580114 94.768 76.2604
1683.693072 94.803 76.6163
1695.893807 94.837 76.9758
1708.182952 94.872 77.3368
1720.561150 94.907 77.6995
1733.029045 94.940 78.0672
1745.587288 94.973 78.4452
1758.236533 95.006 78.8404
1770.977440 95.039 79.2583
1783.810673 95.075 79.6979
1796.736900 95.116 80.1497
1809.756796 95.161 80.5985
1822.871040 95.209 81.0328
1836.080315 95.260 81.4483
1849.385310 95.311 81.8461
1862.786718 95.362 82.2299
1876.285239 95.413 82.6044
1889.881575 95.464 82.9755
1903.576436 95.514 83.3492
1917.370535 95.565 83.7304
1931.264593 95.618 84.1223
1945.259332 95.673 84.5229
1959.355483 95.732 84.9228
1973.553781 95.795 85.3071
1987.854965 95.862 85.6644
2002.259781 95.929 85.9902
2016.768981 95.997 86.2868
2031.383320 96.064 86.5590
2046.103561 96.130 86.8125
2060.930471 96.195 87.0516
2075.864823 96.260 87.2780
2090.907395 96.322 87.4917
2106.058972 96.384 87.6944
2121.320344 96.444 87.8905
2136.692305 96.502 88.0877
2152.175658 96.559 88.2935
2167.771210 96.617 88.5097
2183.479774 96.678 88.7289
2199.302169 96.742 88.9385
2215.239219 96.808 89.1279
2231.291755 96.874 89.2917
2247.460615 96.940 89.4294
2263.746641 97.006 89.5443
2280.150683 97.069 89.6431
2296.673595 97.132 89.7333
2313.316238 97.193 89.8207
2330.079481 97.256 89.9058
2346.964198 97.321 89.9807
2363.971268 97.387 90.0328
2381.101578 97.455 90.0516
2398.356022 97.522 90.0321
2415.735498 97.588 89.9744
2433.240913 97.651 89.8817
2450.873180 97.711 89.7578
2468.633217 97.768 89.6053
2486.521951 97.820 89.4280
2504.540314 97.867 89.2322
2522.689246 97.910 89.0277
2540.969692 97.948 88.8244
2559.382606 97.983 88.6255
2577.928947 98.017 88.4265
2596.609683 98.049 88.2193
2615.425787 98.079 87.9978
2634.378241 98.106 87.7599
2653.468031 98.129 87.5083
2672.696154 98.148 87.2503
2692.063613 98.162 86.9954
2711.571415 98.173 86.7503
2731.220579 98.183 86.5141
2751.012130 98.191 86.2791
2770.947098 98.199 86.0367
2791.026522 98.204 85.7812
2811.251451 98.207 85.5109
2831.622938 98.206 85.2270
2852.142045 98.200 84.9322
2872.809842 98.189 84.6306
2893.627406 98.173 84.3303
2914.595823 98.150 84.0432
2935.716186 98.123 83.7804
2956.989596 98.091 83.5461
2978.417161 98.058 83.3380
3000.000000 98.022 83.1516
3021.739237 97.984 82.9836
3043.636005 97.943 82.8353
3065.691446 97.899 82.7129
3087.906710 97.852 82.6251
3110.282955 97.805 82.5764
3132.821347 97.758 82.5635
3155.523062 97.714 82.5782
3178.389283 97.671 82.6112
3201.421202 97.629 82.6551
3224.620020 97.589 82.7047
3247.986946 97.549 82.7570
3271.523198 97.508 82.8130
3295.230004 97.466 82.8798
3319.108599 97.422 82.9672
3343.160228 97.378 83.0806
3367.386145 97.336 83.2188
3391.787613 97.295 83.3766
3416.365904 97.256 83.5488
3441.122300 97.218 83.7346
3466.058091 97.181 83.9381
3491.174576 97.147 84.1638
3516.473066 97.117 84.4095
3541.954880 97.092 84.6665
3567.621345 97.072 84.9218
3593.473800 97.058 85.1623
3619.513592 97.048 85.3763
3645.742080 97.041 85.5554
3672.160630 97.035 85.6983
3698.770620 97.029 85.8109
3725.573436 97.022 85.8998
3752.570477 97.015 85.9675
3779.763150 97.008 86.0114
3807.152872 97.000 86.0293
3834.741071 96.990 86.0232
3862.529185 96.977 86.0011
3890.518664 96.962 85.9705
3918.710966 96.946 85.9334
3947.107561 96.930 85.8854
3975.709929 96.914 85.8188
4004.519563 96.898 85.7245
4033.537962 96.879 85.5955
4062.766641 96.857 85.4317
4092.207123 96.829 85.2411
4121.860942 96.796 85.0341
4151.729646 96.756 84.8186
4181.814790 96.710 84.6003
4212.117944 96.657 84.3869
4242.640687 96.597 84.1920
4273.384610 96.531 84.0323
4304.351317 96.460 83.9207
4335.542421 96.387 83.8618
4366.959549 96.315 83.8526
4398.604338 96.245 83.8835
4430.478438 96.179 83.9427
4462.583511 96.115 84.0226
4494.921231 96.055 84.1201
4527.493283 95.999 84.2314
4560.301365 95.948 84.3484
4593.347189 95.902 84.4622
4626.632476 95.861 84.5679
4660.158962 95.823 84.6651
4693.928395 95.791 84.7525
4727.942535 95.764 84.8234
4762.203156 95.745 84.8646
4796.712043 95.732 84.8576
4831.470996 95.725 84.7848
4866.481826 95.720 84.6354
4901.746360 95.717 84.4051
4937.266434 95.713 84.0919
4973.043902 95.705 83.6955
5009.080628 95.692 83.2208
5045.378492 95.671 82.6812
5081.939384 95.642 82.0938
5118.765212 95.604 81.4741
5155.857894 95.560 80.8320
5193.219366 95.509 80.1707
5230.851574 95.452 79.4908
5268.756481 95.389 78.7955
5306.936062 95.320 78.0898
5345.392309 95.246 77.3772
5384.127225 95.166 76.6614
5423.142830 95.081 75.9504
5462.441159 94.992 75.2568
5502.024259 94.898 74.5931
5541.894195 94.805 73.9672
5582.053045 94.714 73.3779
5622.502902 94.627 72.8173
5663.245876 94.549 72.2754
5704.284090 94.479 71.7405
5745.619684 94.420 71.1986
5787.254813 94.372 70.6359
5829.191647 94.335 70.0433
5871.432373 94.310 69.4171
5913.979192 94.297 68.7553
5956.834323 94.299 68.0519
6000.000000 94.317 67.2945
6043.478473 94.353 66.4665
6087.272010 94.408 65.5493
6131.382892 94.482 64.5218
6175.813420 94.575 63.3619
6220.565910 94.684 62.0519
6265.642695 94.809 60.5796
6311.046124 94.947 58.9367
6356.778566 95.097 57.1147
6402.842404 95.257 55.1029
6449.240040 95.425 52.8908
6495.973891 95.598 50.4684
6543.046396 95.772 47.8278
6590.460007 95.942 44.9665
6638.217197 96.103 41.8914
6686.320456 96.249 38.6197
6734.772290 96.376 35.1765
6783.575226 96.479 31.5920
6832.731809 96.557 27.9012
6882.244600 96.606 24.1440
6932.116181 96.627 20.3625
6982.349153 96.619 16.6018
7032.946133 96.586 12.9056
7083.909760 96.532 9.3103
7135.242690 96.463 5.8352
7186.947600 96.383 2.4860
7239.027185 96.295 -0.7340
7291.484160 96.201 -3.8203
7344.321260 96.105 -6.7728
7397.541239 96.010 -9.5963
7451.146872 95.915 -12.2963
7505.140954 95.823 -14.8747
7559.526299 95.735 -17.3337
7614.305743 95.652 -19.6787
7669.482141 95.576 -21.9231
7725.058371 95.510 -24.0908
7781.037328 95.453 -26.2114
7837.421932 95.400 -28.3108
7894.215122 95.349 -30.4032
7951.419859 95.292 -32.4911
8009.039125 95.228 -34.5664
8067.075924 95.151 -36.6150
8125.533282 95.060 -38.6224
8184.414245 94.954 -40.5752
8243.721885 94.829 -42.4563
8303.459292 94.685 -44.2430
8363.629581 94.520 -45.9081
8424.235888 94.336 -47.4225
8485.281374 94.133 -48.7608
8546.769221 93.917 -49.9072
8608.702634 93.689 -50.8547
8671.084842 93.452 -51.5990
8733.919097 93.209 -52.1355
8797.208675 92.962 -52.4575
8860.956876 92.714 -52.5584
8925.167022 92.469 -52.4382
8989.842461 92.230 -52.1069
9054.986566 92.000 -51.5801
9120.602731 91.783 -50.8740
9186.694378 91.578 -50.0011
9253.264952 91.387 -48.9688
9320.317925 91.212 -47.7856
9387.856790 91.055 -46.4669
9455.885071 90.919 -45.0333
9524.406312 90.803 -43.5070
9593.424086 90.707 -41.9055
9662.941992 90.631 -40.2401
9732.963653 90.577 -38.5214
9803.492719 90.544 -36.7656
9874.532869 90.533 -34.9958
9946.087805 90.544 -33.2366
10018.161257 90.574 -31.5076
10090.756983 90.623 -29.8221
10163.878768 90.689 -28.1948
10237.530423 90.771 -26.6465
10311.715789 90.867 -25.2025
10386.438732 90.973 -23.8850
10461.703149 91.084 -22.7061
10537.512962 91.196 -21.6694
10613.872125 91.304 -20.7756
10690.784618 91.404 -20.0236
10768.254450 91.490 -19.4056
10846.285661 91.556 -18.8993
10924.882318 91.596 -18.4655
11004.048518 91.607 -18.0547
11083.788390 91.588 -17.6134
11164.106090 91.538 -17.0848
11245.005805 91.458 -16.4058
11326.491752 91.352 -15.5067
11408.568180 91.226 -14.3210
11491.239368 91.092 -12.7958
11574.509626 90.960 -10.8990
11658.383294 90.845 -8.6185
11742.864745 90.760 -5.9633
11827.958384 90.720 -2.9696
11913.668646 90.738 0.2919
12000.000000 90.823 3.7205
12086.956947 90.981 7.1985
12174.544019 91.213 10.5980
12262.765784 91.515 13.7816
12351.626840 91.876 16.6121
12441.131819 92.281 18.9791
12531.285389 92.710 20.8257
12622.092249 93.145 22.1507
12713.557132 93.569 22.9935
12805.684808 93.970 23.4169
12898.480079 94.340 23.4980
12991.947783 94.674 23.3223
13086.092792 94.972 22.9725
13180.920015 95.237 22.5175
13276.434395 95.474 22.0093
13372.640911 95.688 21.4845
13469.544580 95.887 20.9637
13567.150452 96.079 20.4461
13665.463617 96.271 19.9087
13764.489200 96.467 19.3127
13864.232362 96.671 18.6101
13964.698305 96.884 17.7433
14065.892266 97.104 16.6481
14167.819519 97.326 15.2621
14270.485380 97.541 13.5358
14373.895200 97.739 11.4365
14478.054370 97.907 8.9532
14582.968320 98.030 6.1042
14688.642520 98.095 2.9445
14795.082478 98.090 -0.4382
14902.293745 98.007 -3.9310
15010.281908 97.843 -7.4032
15119.052599 97.598 -10.7180
15228.611486 97.280 -13.7484
15338.964283 96.903 -16.3920
15450.116741 96.481 -18.5795
15562.074656 96.036 -20.2797
15674.843864 95.588 -21.5065
15788.430244 95.162 -22.3228
15902.839718 94.779 -22.8409
16018.078250 94.456 -23.2195
16134.151848 94.207 -23.6577
16251.066563 94.033 -24.3800
16368.828491 93.923 -25.6078
16487.443769 93.852 -27.5255
16606.918584 93.782 -30.2488
16727.259161 93.664 -33.7927
16848.471777 93.446 -38.0487
16970.562748 93.085 -42.7842
17093.538442 92.545 -47.6646
17217.405268 91.813 -52.2994
17342.169684 90.891 -56.3091
17467.838194 89.800 -59.3788
17594.417350 88.570 -61.2829
17721.913751 87.238 -61.8769
17850.334044 85.842 -61.0734
17979.684923 84.422 -58.8175
18109.973131 83.024 -55.1061
18241.205462 81.704 -50.1021
18373.388756 80.525 -44.3033
18506.529905 79.536 -38.5586
18640.635849 78.740 -33.7449
18775.713581 78.080 -30.2976
18911.770141 77.461 -28.0244
19048.812624 76.805 -26.3245
19186.848172 76.076 -24.5503
19325.883983 75.280 -22.2512
19465.927305 74.451 -19.2595
19606.985439 73.643 -15.7008
19749.065738 72.925 -11.9930
19892.175609 72.378 -8.8122
20036.322514 72.079 -6.9399
