* Measurement data measured by REW V5.30.9
* Source: EXCL: Microphone (USB Sound Device        ), MICROPHONE (Master Volume), L, volume: 0.560
* Format: 256k Log Swept Sine, 1 sweep at -9.0 dBFS with no timing reference
* Dated: Mar 26, 2024 11:57:03 AM
* REW Settings:
*  C-weighting compensation: Off
*  Target level: 75.0 dB
* Note: Kiwi Ears x Crinacle: Singolo R
* Measurement: R Kiwi Ears x Crinacle: Singol
* Smoothing: 1/12 octave
* Frequency Step: 96 ppo
* Start Frequency: 0.36621094 Hz
*
* Freq(Hz) SPL(dB) Phase(degrees)
0.366211 95.607 -47.9305
0.368865 95.609 -47.9829
0.371538 95.613 -48.0614
0.374230 95.618 -48.1597
0.376942 95.624 -48.2727
0.379673 95.630 -48.3965
0.382424 95.636 -48.5286
0.385196 95.642 -48.6673
0.387987 95.648 -48.8119
0.390798 95.655 -48.9618
0.393630 95.662 -49.1167
0.396483 95.668 -49.2767
0.399356 95.675 -49.4415
0.402250 95.682 -49.6113
0.405165 95.689 -49.7860
0.408101 95.695 -49.9656
0.411058 95.702 -50.1502
0.414037 95.709 -50.3398
0.417037 95.716 -50.5344
0.420059 95.723 -50.7341
0.423103 95.731 -50.9388
0.426169 95.738 -51.1486
0.429257 95.745 -51.3635
0.432367 95.752 -51.5835
0.435501 95.759 -51.8087
0.438656 95.767 -52.0390
0.441835 95.774 -52.2744
0.445037 95.782 -52.5150
0.448262 95.789 -52.7608
0.451510 95.797 -53.0117
0.454782 95.805 -53.2677
0.458077 95.812 -53.5290
0.461397 95.820 -53.7953
0.464740 95.828 -54.0668
0.468108 95.836 -54.3434
0.471500 95.844 -54.6251
0.474917 95.852 -54.9119
0.478358 95.860 -55.2037
0.481825 95.868 -55.5006
0.485316 95.876 -55.8024
0.488833 95.884 -56.1092
0.492375 95.892 -56.4210
0.495943 95.901 -56.7376
0.499537 95.909 -57.0590
0.503157 95.918 -57.3853
0.506803 95.926 -57.7162
0.510475 95.935 -58.0518
0.514174 95.943 -58.3920
0.517900 95.952 -58.7367
0.521653 95.961 -59.0859
0.525433 95.970 -59.4395
0.529241 95.979 -59.7974
0.533076 95.988 -60.1595
0.536939 95.997 -60.5258
0.540830 96.006 -60.8960
0.544749 96.015 -61.2702
0.548696 96.024 -61.6483
0.552673 96.033 -62.0300
0.556677 96.043 -62.4154
0.560711 96.052 -62.8043
0.564774 96.062 -63.1966
0.568867 96.071 -63.5921
0.572989 96.081 -63.9908
0.577141 96.091 -64.3924
0.581324 96.100 -64.7969
0.585536 96.110 -65.2042
0.589779 96.120 -65.6140
0.594053 96.130 -66.0262
0.598358 96.140 -66.4407
0.602694 96.150 -66.8574
0.607061 96.161 -67.2760
0.611460 96.171 -67.6964
0.615891 96.181 -68.1185
0.620354 96.192 -68.5421
0.624849 96.202 -68.9670
0.629377 96.213 -69.3930
0.633938 96.223 -69.8200
0.638532 96.234 -70.2478
0.643159 96.245 -70.6762
0.647819 96.256 -71.1050
0.652514 96.267 -71.5341
0.657242 96.278 -71.9633
0.662005 96.289 -72.3924
0.666802 96.300 -72.8212
0.671634 96.311 -73.2495
0.676501 96.323 -73.6771
0.681403 96.334 -74.1040
0.686341 96.346 -74.5297
0.691314 96.357 -74.9543
0.696324 96.369 -75.3776
0.701369 96.381 -75.7994
0.706452 96.392 -76.2197
0.711571 96.404 -76.6384
0.716727 96.416 -77.0559
0.721921 96.427 -77.4725
0.727153 96.438 -77.8889
0.732422 96.448 -78.3061
0.737729 96.457 -78.7255
0.743075 96.466 -79.1481
0.748460 96.474 -79.5752
0.753883 96.482 -80.0075
0.759346 96.490 -80.4454
0.764849 96.497 -80.8892
0.770391 96.505 -81.3389
0.775974 96.512 -81.7946
0.781597 96.519 -82.2563
0.787261 96.526 -82.7237
0.792965 96.533 -83.1969
0.798712 96.540 -83.6756
0.804499 96.547 -84.1598
0.810329 96.554 -84.6492
0.816201 96.561 -85.1437
0.822116 96.568 -85.6431
0.828073 96.574 -86.1473
0.834073 96.581 -86.6559
0.840118 96.587 -87.1688
0.846205 96.594 -87.6859
0.852337 96.600 -88.2067
0.858514 96.606 -88.7312
0.864735 96.611 -89.2591
0.871001 96.617 -89.7901
0.877313 96.622 -90.3240
0.883670 96.628 -90.8604
0.890074 96.633 -91.3991
0.896523 96.638 -91.9398
0.903020 96.642 -92.4823
0.909564 96.647 -93.0261
0.916155 96.651 -93.5711
0.922793 96.655 -94.1167
0.929480 96.658 -94.6629
0.936216 96.662 -95.2091
0.943000 96.665 -95.7550
0.949833 96.667 -96.3004
0.956716 96.670 -96.8448
0.963649 96.672 -97.3878
0.970632 96.673 -97.9292
0.977666 96.674 -98.4685
0.984750 96.675 -99.0052
0.991886 96.676 -99.5392
0.999074 96.676 -100.0698
1.006313 96.675 -100.5969
1.013605 96.674 -101.1198
1.020950 96.673 -101.6382
1.028349 96.671 -102.1518
1.035801 96.669 -102.6600
1.043306 96.665 -103.1625
1.050867 96.662 -103.6590
1.058482 96.658 -104.1490
1.066152 96.653 -104.6323
1.073878 96.647 -105.1089
1.081659 96.641 -105.5790
1.089498 96.634 -106.0429
1.097393 96.627 -106.5017
1.105345 96.619 -106.9566
1.113355 96.610 -107.4088
1.121422 96.600 -107.8597
1.129549 96.590 -108.3103
1.137734 96.579 -108.7613
1.145978 96.568 -109.2131
1.154283 96.556 -109.6662
1.162647 96.543 -110.1207
1.171072 96.529 -110.5768
1.179558 96.515 -111.0346
1.188106 96.500 -111.4941
1.196715 96.484 -111.9554
1.205387 96.468 -112.4185
1.214122 96.451 -112.8833
1.222920 96.433 -113.3498
1.231781 96.414 -113.8179
1.240708 96.394 -114.2874
1.249698 96.374 -114.7583
1.258754 96.353 -115.2304
1.267875 96.331 -115.7034
1.277063 96.309 -116.1770
1.286317 96.285 -116.6510
1.295638 96.261 -117.1251
1.305027 96.236 -117.5987
1.314484 96.209 -118.0715
1.324009 96.183 -118.5430
1.333603 96.155 -119.0126
1.343267 96.126 -119.4797
1.353001 96.097 -119.9435
1.362805 96.066 -120.4034
1.372681 96.035 -120.8585
1.382628 96.002 -121.3079
1.392647 95.969 -121.7507
1.402739 95.935 -122.1860
1.412904 95.900 -122.6125
1.423142 95.864 -123.0295
1.433455 95.826 -123.4359
1.443842 95.788 -123.8310
1.454305 95.748 -124.2143
1.464843 95.707 -124.5858
1.475458 95.664 -124.9457
1.486150 95.619 -125.2945
1.496919 95.572 -125.6328
1.507766 95.523 -125.9609
1.518692 95.472 -126.2791
1.529697 95.419 -126.5876
1.540782 95.364 -126.8863
1.551947 95.308 -127.1751
1.563193 95.249 -127.4541
1.574521 95.189 -127.7229
1.585931 95.127 -127.9813
1.597423 95.064 -128.2292
1.608998 94.999 -128.4661
1.620658 94.934 -128.6919
1.632402 94.867 -128.9061
1.644231 94.800 -129.1083
1.656146 94.732 -129.2982
1.668147 94.664 -129.4752
1.680235 94.595 -129.6388
1.692410 94.526 -129.7887
1.704674 94.457 -129.9241
1.717027 94.389 -130.0445
1.729469 94.321 -130.1493
1.742002 94.254 -130.2377
1.754625 94.188 -130.3089
1.767340 94.123 -130.3622
1.780147 94.059 -130.3964
1.793046 93.997 -130.4103
1.806040 93.936 -130.4023
1.819127 93.877 -130.3703
1.832309 93.818 -130.3119
1.845587 93.759 -130.2242
1.858961 93.700 -130.1049
1.872431 93.641 -129.9519
1.886000 93.582 -129.7638
1.899666 93.522 -129.5400
1.913432 93.461 -129.2802
1.927298 93.401 -128.9846
1.941264 93.340 -128.6537
1.955331 93.280 -128.2881
1.969500 93.221 -127.8889
1.983772 93.163 -127.4572
1.998147 93.107 -126.9944
2.012626 93.053 -126.5024
2.027211 93.001 -125.9832
2.041901 92.953 -125.4389
2.056697 92.908 -124.8723
2.071601 92.867 -124.2863
2.086613 92.831 -123.6840
2.101733 92.800 -123.0689
2.116963 92.775 -122.4443
2.132303 92.757 -121.8135
2.147755 92.745 -121.1792
2.163318 92.741 -120.5432
2.178995 92.746 -119.9060
2.194785 92.758 -119.2661
2.210689 92.780 -118.6209
2.226709 92.811 -117.9674
2.242844 92.850 -117.3038
2.259097 92.899 -116.6302
2.275467 92.955 -115.9482
2.291956 93.020 -115.2610
2.308565 93.093 -114.5725
2.325294 93.172 -113.8871
2.342144 93.258 -113.2098
2.359116 93.350 -112.5453
2.376211 93.447 -111.8984
2.393430 93.549 -111.2738
2.410774 93.655 -110.6760
2.428243 93.764 -110.1091
2.445839 93.875 -109.5770
2.463562 93.989 -109.0834
2.481415 94.104 -108.6314
2.499396 94.220 -108.2233
2.517508 94.336 -107.8609
2.535750 94.453 -107.5450
2.554126 94.570 -107.2748
2.572634 94.689 -107.0488
2.591276 94.811 -106.8643
2.610054 94.935 -106.7185
2.628967 95.062 -106.6090
2.648018 95.192 -106.5335
2.667206 95.326 -106.4906
2.686534 95.462 -106.4787
2.706002 95.601 -106.4966
2.725610 95.741 -106.5431
2.745361 95.882 -106.6175
2.765255 96.023 -106.7186
2.785294 96.164 -106.8458
2.805477 96.304 -106.9984
2.825807 96.441 -107.1760
2.846284 96.577 -107.3784
2.866909 96.709 -107.6057
2.887684 96.838 -107.8584
2.908609 96.963 -108.1374
2.929686 97.085 -108.4439
2.950916 97.202 -108.7791
2.972299 97.317 -109.1434
2.993838 97.429 -109.5366
3.015532 97.537 -109.9573
3.037384 97.644 -110.4032
3.059394 97.747 -110.8717
3.081564 97.848 -111.3598
3.103894 97.946 -111.8645
3.126386 98.041 -112.3827
3.149041 98.133 -112.9116
3.171861 98.223 -113.4485
3.194845 98.309 -113.9914
3.217996 98.392 -114.5387
3.241315 98.472 -115.0898
3.264803 98.549 -115.6451
3.288461 98.622 -116.2064
3.312291 98.691 -116.7764
3.336293 98.756 -117.3581
3.360469 98.817 -117.9532
3.384820 98.875 -118.5621
3.409348 98.928 -119.1838
3.434054 98.978 -119.8160
3.458938 99.024 -120.4557
3.484003 99.066 -121.0996
3.509250 99.105 -121.7437
3.534679 99.141 -122.3844
3.560293 99.173 -123.0184
3.586092 99.203 -123.6426
3.612079 99.229 -124.2553
3.638253 99.252 -124.8558
3.664618 99.272 -125.4452
3.691173 99.288 -126.0255
3.717921 99.300 -126.5993
3.744862 99.309 -127.1682
3.771999 99.313 -127.7327
3.799332 99.315 -128.2924
3.826864 99.313 -128.8455
3.854595 99.308 -129.3898
3.882527 99.300 -129.9226
3.910661 99.290 -130.4406
3.938999 99.279 -130.9407
3.967543 99.265 -131.4199
3.996294 99.251 -131.8759
4.025252 99.234 -132.3070
4.054421 99.216 -132.7128
4.083801 99.196 -133.0936
4.113394 99.173 -133.4504
4.143201 99.149 -133.7840
4.173225 99.123 -134.0955
4.203466 99.097 -134.3855
4.233926 99.069 -134.6547
4.264606 99.043 -134.9032
4.295509 99.017 -135.1309
4.326636 98.993 -135.3373
4.357989 98.970 -135.5213
4.389569 98.950 -135.6814
4.421378 98.932 -135.8161
4.453417 98.916 -135.9246
4.485688 98.902 -136.0071
4.518193 98.890 -136.0655
4.550934 98.880 -136.1030
4.583912 98.873 -136.1236
4.617129 98.869 -136.1317
4.650587 98.868 -136.1319
4.684287 98.871 -136.1278
4.718231 98.878 -136.1223
4.752421 98.890 -136.1167
4.786859 98.906 -136.1110
4.821547 98.927 -136.1048
4.856485 98.952 -136.0986
4.891677 98.982 -136.0940
4.927125 99.015 -136.0942
4.962829 99.052 -136.1032
4.998791 99.092 -136.1254
5.035015 99.134 -136.1654
5.071500 99.179 -136.2267
5.108251 99.225 -136.3121
5.145267 99.273 -136.4227
5.182552 99.324 -136.5585
5.220107 99.376 -136.7188
5.257934 99.430 -136.9027
5.296035 99.484 -137.1095
5.334412 99.540 -137.3387
5.373067 99.594 -137.5903
5.412003 99.648 -137.8646
5.451221 99.700 -138.1623
5.490722 99.751 -138.4840
5.530510 99.799 -138.8302
5.570587 99.845 -139.2004
5.610953 99.888 -139.5929
5.651613 99.930 -140.0050
5.692567 99.968 -140.4330
5.733818 100.004 -140.8735
5.775367 100.036 -141.3232
5.817218 100.065 -141.7798
5.859372 100.090 -142.2422
5.901831 100.111 -142.7101
5.944598 100.128 -143.1832
5.987675 100.141 -143.6602
6.031065 100.151 -144.1383
6.074768 100.157 -144.6140
6.118788 100.160 -145.0832
6.163127 100.159 -145.5422
6.207788 100.156 -145.9883
6.252772 100.149 -146.4197
6.298082 100.140 -146.8359
6.343721 100.127 -147.2365
6.389690 100.113 -147.6210
6.435992 100.097 -147.9883
6.482630 100.079 -148.3367
6.529606 100.061 -148.6646
6.576922 100.043 -148.9702
6.624581 100.025 -149.2527
6.672585 100.007 -149.5119
6.720938 99.990 -149.7488
6.769640 99.973 -149.9655
6.818696 99.958 -150.1643
6.868107 99.946 -150.3477
6.917876 99.935 -150.5176
6.968006 99.928 -150.6755
7.018499 99.924 -150.8227
7.069358 99.923 -150.9608
7.120586 99.925 -151.0928
7.172184 99.930 -151.2224
7.224157 99.938 -151.3538
7.276506 99.949 -151.4909
7.329235 99.963 -151.6367
7.382345 99.979 -151.7930
7.435841 99.998 -151.9612
7.489724 100.020 -152.1426
7.543997 100.043 -152.3388
7.598664 100.067 -152.5514
7.653728 100.091 -152.7822
7.709189 100.116 -153.0322
7.765053 100.141 -153.3015
7.821322 100.165 -153.5895
7.877998 100.188 -153.8945
7.935086 100.210 -154.2147
7.992587 100.229 -154.5483
8.050504 100.247 -154.8938
8.108841 100.263 -155.2497
8.167601 100.275 -155.6144
8.226787 100.285 -155.9855
8.286402 100.293 -156.3599
8.346449 100.298 -156.7343
8.406931 100.300 -157.1058
8.467851 100.300 -157.4723
8.529212 100.297 -157.8320
8.591018 100.292 -158.1834
8.653272 100.285 -158.5248
8.715977 100.277 -158.8542
8.779137 100.268 -159.1702
8.842754 100.258 -159.4718
8.906833 100.248 -159.7587
8.971375 100.238 -160.0314
9.036386 100.228 -160.2910
9.101867 100.219 -160.5382
9.167823 100.211 -160.7743
9.234257 100.204 -161.0005
9.301172 100.199 -161.2183
9.368572 100.196 -161.4302
9.436460 100.194 -161.6387
9.504841 100.194 -161.8464
9.573717 100.196 -162.0552
9.643092 100.200 -162.2668
9.712970 100.204 -162.4828
9.783354 100.210 -162.7048
9.854248 100.216 -162.9342
9.925656 100.223 -163.1720
9.997581 100.231 -163.4186
10.070028 100.238 -163.6738
10.143000 100.244 -163.9370
10.216500 100.250 -164.2075
10.290533 100.255 -164.4844
10.365103 100.259 -164.7666
10.440212 100.262 -165.0528
10.515866 100.263 -165.3413
10.592069 100.263 -165.6303
10.668823 100.262 -165.9183
10.746134 100.260 -166.2041
10.824005 100.256 -166.4867
10.902440 100.252 -166.7650
10.981443 100.247 -167.0381
11.061020 100.241 -167.3058
11.141172 100.235 -167.5677
11.221906 100.229 -167.8244
11.303225 100.224 -168.0762
11.385133 100.218 -168.3238
11.467634 100.213 -168.5679
11.550734 100.208 -168.8094
11.634435 100.203 -169.0493
11.718742 100.199 -169.2887
11.803661 100.195 -169.5283
11.889195 100.192 -169.7687
11.975349 100.188 -170.0104
12.062128 100.185 -170.2537
12.149535 100.181 -170.4986
12.237576 100.178 -170.7452
12.326254 100.174 -170.9930
12.415575 100.169 -171.2416
12.505544 100.165 -171.4907
12.596164 100.160 -171.7397
12.687441 100.154 -171.9885
12.779379 100.149 -172.2366
12.871984 100.144 -172.4842
12.965260 100.138 -172.7311
13.059211 100.133 -172.9779
13.153843 100.127 -173.2250
13.249161 100.122 -173.4731
13.345170 100.117 -173.7229
13.441875 100.113 -173.9750
13.539280 100.108 -174.2304
13.637391 100.103 -174.4894
13.736214 100.098 -174.7524
13.835752 100.093 -175.0194
13.936011 100.087 -175.2902
14.036998 100.081 -175.5643
14.138716 100.073 -175.8407
14.241171 100.065 -176.1183
14.344368 100.056 -176.3960
14.448313 100.046 -176.6723
14.553011 100.035 -176.9462
14.658468 100.023 -177.2164
14.764689 100.011 -177.4821
14.871680 99.999 -177.7430
14.979446 99.986 -177.9990
15.087994 99.974 -178.2505
15.197328 99.963 -178.4984
15.307454 99.952 -178.7439
15.418378 99.942 -178.9884
15.530106 99.932 -179.2334
15.642643 99.924 -179.4804
15.755996 99.915 -179.7307
15.870171 99.908 -179.9854
15.985172 99.900 179.7552
16.101007 99.892 179.4908
16.217682 99.883 179.2220
16.335201 99.874 178.9497
16.453573 99.865 178.6751
16.572803 99.854 178.3997
16.692898 99.842 178.1250
16.813862 99.830 177.8523
16.935701 99.817 177.5829
17.058424 99.804 177.3176
17.182035 99.790 177.0565
17.306543 99.777 176.7997
17.431953 99.764 176.5466
17.558273 99.751 176.2962
17.685509 99.738 176.0475
17.813665 99.726 175.7994
17.942751 99.715 175.5510
18.072771 99.703 175.3014
18.203733 99.691 175.0503
18.335646 99.680 174.7976
18.468513 99.668 174.5438
18.602345 99.655 174.2893
18.737144 99.642 174.0349
18.872921 99.629 173.7815
19.009682 99.615 173.5297
19.147434 99.601 173.2799
19.286184 99.586 173.0323
19.425940 99.572 172.7870
19.566708 99.558 172.5434
19.708496 99.543 172.3011
19.851313 99.529 172.0596
19.995163 99.514 171.8184
20.140057 99.500 171.5770
20.285999 99.485 171.3354
20.433001 99.470 171.0938
20.581066 99.455 170.8521
20.730206 99.439 170.6109
20.880424 99.423 170.3703
21.031733 99.407 170.1306
21.184137 99.391 169.8917
21.337646 99.374 169.6536
21.492268 99.358 169.4159
21.648010 99.341 169.1782
21.804880 99.325 168.9402
21.962887 99.308 168.7017
22.122040 99.291 168.4626
22.282345 99.273 168.2233
22.443811 99.256 167.9839
22.606449 99.238 167.7451
22.770266 99.219 167.5073
22.935268 99.201 167.2708
23.101467 99.182 167.0357
23.268869 99.164 166.8017
23.437485 99.145 166.5684
23.607323 99.127 166.3352
23.778391 99.109 166.1013
23.950699 99.090 165.8665
24.124256 99.072 165.6306
24.299070 99.053 165.3938
24.475151 99.034 165.1569
24.652508 99.015 164.9208
24.831150 98.995 164.6863
25.011087 98.975 164.4542
25.192327 98.955 164.2249
25.374882 98.935 163.9982
25.558758 98.915 163.7735
25.743967 98.896 163.5500
25.930519 98.877 163.3265
26.118422 98.858 163.1021
26.307686 98.840 162.8759
26.498322 98.821 162.6476
26.690340 98.802 162.4175
26.883749 98.783 162.1861
27.078560 98.763 161.9540
27.274782 98.743 161.7221
27.472427 98.722 161.4912
27.671503 98.701 161.2618
27.872023 98.680 161.0341
28.073996 98.658 160.8085
28.277431 98.636 160.5847
28.482342 98.614 160.3629
28.688736 98.592 160.1425
28.896626 98.569 159.9237
29.106022 98.546 159.7059
29.316936 98.524 159.4888
29.529379 98.501 159.2722
29.743361 98.478 159.0557
29.958893 98.455 158.8393
30.175987 98.431 158.6230
30.394655 98.407 158.4074
30.614908 98.383 158.1927
30.836756 98.359 157.9792
31.060211 98.334 157.7671
31.285286 98.309 157.5563
31.511992 98.285 157.3462
31.740341 98.260 157.1363
31.970345 98.236 156.9260
32.202015 98.211 156.7149
32.435364 98.186 156.5032
32.670403 98.161 156.2912
32.907146 98.136 156.0794
33.145607 98.110 155.8685
33.385796 98.084 155.6587
33.627724 98.059 155.4500
33.871403 98.033 155.2422
34.116848 98.006 155.0347
34.364071 97.980 154.8272
34.613087 97.954 154.6195
34.863907 97.927 154.4118
35.116547 97.901 154.2044
35.371017 97.873 153.9979
35.627331 97.846 153.7928
35.885502 97.818 153.5894
36.145542 97.789 153.3879
36.407467 97.761 153.1885
36.671291 97.732 152.9911
36.937027 97.703 152.7956
37.204689 97.674 152.6017
37.474289 97.645 152.4092
37.745842 97.615 152.2177
38.019363 97.586 152.0273
38.294868 97.556 151.8380
38.572369 97.526 151.6500
38.851879 97.495 151.4637
39.133415 97.465 151.2791
39.416992 97.434 151.0964
39.702625 97.403 150.9153
39.990326 97.372 150.7356
40.280113 97.341 150.5568
40.571999 97.310 150.3790
40.866001 97.279 150.2022
41.162132 97.247 150.0268
41.460411 97.216 149.8530
41.760849 97.184 149.6810
42.063465 97.152 149.5105
42.368275 97.120 149.3415
42.675293 97.088 149.1735
42.984535 97.056 149.0064
43.296021 97.023 148.8400
43.609760 96.991 148.6744
43.925774 96.958 148.5096
44.244080 96.925 148.3458
44.564690 96.892 148.1833
44.887623 96.859 148.0225
45.212898 96.825 147.8632
45.540531 96.792 147.7055
45.870537 96.758 147.5488
46.202934 96.724 147.3929
46.537739 96.690 147.2375
46.874969 96.656 147.0826
47.214645 96.622 146.9286
47.556782 96.587 146.7761
47.901398 96.552 146.6252
48.248512 96.517 146.4764
48.598141 96.482 146.3297
48.950302 96.446 146.1851
49.305016 96.411 146.0424
49.662300 96.375 145.9016
50.022175 96.339 145.7628
50.384655 96.303 145.6260
50.749763 96.267 145.4916
51.117516 96.231 145.3596
51.487934 96.195 145.2300
51.861038 96.159 145.1026
52.236843 96.122 144.9772
52.615372 96.086 144.8536
52.996643 96.050 144.7319
53.380680 96.013 144.6123
53.767498 95.977 144.4948
54.157120 95.941 144.3792
54.549564 95.905 144.2650
54.944855 95.870 144.1515
55.343006 95.834 144.0377
55.744045 95.799 143.9229
56.147991 95.764 143.8062
56.554863 95.730 143.6872
56.964684 95.695 143.5654
57.377472 95.660 143.4409
57.793251 95.624 143.3140
58.212044 95.588 143.1855
58.633873 95.552 143.0566
59.058758 95.515 142.9283
59.486721 95.477 142.8019
59.917786 95.438 142.6781
60.351974 95.399 142.5573
60.789310 95.360 142.4396
61.229816 95.320 142.3248
61.673512 95.280 142.2126
62.120422 95.240 142.1025
62.570572 95.200 141.9946
63.023983 95.160 141.8888
63.480682 95.119 141.7852
63.940689 95.078 141.6838
64.404030 95.038 141.5845
64.870728 94.997 141.4873
65.340805 94.956 141.3922
65.814293 94.915 141.2992
66.291214 94.874 141.2085
66.771591 94.833 141.1201
67.255447 94.792 141.0335
67.742805 94.751 140.9484
68.233696 94.709 140.8644
68.728142 94.668 140.7819
69.226173 94.626 140.7016
69.727814 94.584 140.6241
70.233093 94.542 140.5497
70.742035 94.499 140.4781
71.254662 94.457 140.4088
71.771004 94.415 140.3408
72.291084 94.374 140.2733
72.814934 94.332 140.2057
73.342583 94.290 140.1380
73.874054 94.249 140.0707
74.409378 94.207 140.0044
74.948578 94.165 139.9395
75.491684 94.124 139.8757
76.038727 94.083 139.8124
76.589737 94.042 139.7486
77.144737 94.001 139.6839
77.703758 93.961 139.6182
78.266830 93.920 139.5516
78.833984 93.879 139.4836
79.405251 93.839 139.4131
79.980652 93.798 139.3387
80.560226 93.757 139.2590
81.143997 93.715 139.1738
81.732002 93.673 139.0837
82.324265 93.629 138.9899
82.920822 93.583 138.8946
83.521698 93.536 138.8001
84.126930 93.486 138.7092
84.736549 93.436 138.6245
85.350586 93.384 138.5481
85.969070 93.331 138.4816
86.592041 93.277 138.4254
87.219521 93.223 138.3796
87.851547 93.169 138.3432
88.488159 93.115 138.3150
89.129379 93.062 138.2938
89.775246 93.009 138.2783
90.425797 92.956 138.2675
91.081062 92.904 138.2599
91.741074 92.852 138.2544
92.405869 92.800 138.2498
93.075478 92.749 138.2455
93.749939 92.697 138.2415
94.429291 92.645 138.2380
95.113564 92.592 138.2357
95.802795 92.540 138.2351
96.497025 92.486 138.2369
97.196281 92.433 138.2419
97.900604 92.379 138.2506
98.610031 92.324 138.2636
99.324600 92.269 138.2816
100.044350 92.214 138.3053
100.769310 92.158 138.3357
101.499527 92.102 138.3728
102.235031 92.046 138.4160
102.975868 91.990 138.4644
103.722076 91.934 138.5168
104.473686 91.877 138.5719
105.230743 91.820 138.6292
105.993286 91.762 138.6888
106.761360 91.703 138.7515
107.534996 91.643 138.8183
108.314240 91.582 138.8905
109.099129 91.519 138.9692
109.889709 91.455 139.0557
110.686012 91.389 139.1514
111.488091 91.320 139.2583
112.295982 91.248 139.3803
113.109726 91.171 139.5236
113.929367 91.090 139.6980
114.754944 91.005 139.9158
115.586502 90.918 140.1901
116.424088 90.831 140.5327
117.267746 90.748 140.9525
118.117516 90.672 141.4543
118.973442 90.610 142.0372
119.835571 90.565 142.6890
120.703949 90.543 143.3792
121.578621 90.545 144.0613
122.459633 90.569 144.6879
123.347023 90.611 145.2231
124.240845 90.665 145.6459
125.141144 90.724 145.9464
126.047966 90.783 146.1255
126.961365 90.837 146.1960
127.881378 90.882 146.1793
128.808060 90.917 146.0966
129.741455 90.943 145.9644
130.681610 90.959 145.7946
131.628586 90.966 145.5980
132.582428 90.963 145.3846
133.543182 90.952 145.1627
134.510895 90.933 144.9398
135.485611 90.905 144.7209
136.467392 90.871 144.5078
137.456284 90.830 144.3008
138.452347 90.784 144.1004
139.455627 90.733 143.9099
140.466187 90.679 143.7335
141.484070 90.624 143.5735
142.509323 90.568 143.4297
143.542007 90.514 143.2994
144.582169 90.461 143.1805
145.629868 90.408 143.0735
146.685165 90.355 142.9828
147.748108 90.301 142.9156
148.818756 90.246 142.8793
149.897156 90.190 142.8774
150.983368 90.135 142.9083
152.077454 90.079 142.9678
153.179474 90.024 143.0506
154.289474 89.970 143.1509
155.407516 89.916 143.2624
156.533661 89.862 143.3804
157.667969 89.809 143.5018
158.810501 89.756 143.6240
159.961304 89.703 143.7453
161.120453 89.650 143.8656
162.287994 89.596 143.9865
163.464005 89.541 144.1101
164.648529 89.485 144.2390
165.841644 89.428 144.3753
167.043396 89.372 144.5215
168.253860 89.315 144.6799
169.473099 89.261 144.8526
170.701172 89.208 145.0400
171.938141 89.158 145.2405
173.184082 89.111 145.4509
174.439041 89.067 145.6671
175.703094 89.025 145.8847
176.976318 88.985 146.0988
178.258759 88.947 146.3039
179.550491 88.910 146.4952
180.851593 88.874 146.6700
182.162125 88.838 146.8274
183.482147 88.801 146.9687
184.811737 88.764 147.0965
186.150955 88.726 147.2148
187.499878 88.685 147.3273
188.858582 88.642 147.4380
190.227127 88.596 147.5505
191.605591 88.547 147.6682
192.994049 88.497 147.7939
194.392563 88.445 147.9300
195.801208 88.391 148.0784
197.220062 88.337 148.2414
198.649200 88.283 148.4208
200.088699 88.228 148.6177
201.538620 88.174 148.8314
202.999054 88.121 149.0591
204.470062 88.069 149.2967
205.951736 88.019 149.5396
207.444153 87.970 149.7837
208.947372 87.922 150.0273
210.461487 87.875 150.2710
211.986572 87.827 150.5172
213.522720 87.780 150.7694
215.069992 87.732 151.0316
216.628479 87.685 151.3057
218.198257 87.638 151.5910
219.779419 87.594 151.8832
221.372025 87.551 152.1758
222.976181 87.510 152.4630
224.591965 87.470 152.7422
226.219452 87.430 153.0146
227.858734 87.389 153.2834
229.509888 87.347 153.5522
231.173004 87.304 153.8233
232.848175 87.260 154.0973
234.535492 87.215 154.3739
236.235031 87.170 154.6536
237.946884 87.124 154.9378
239.671143 87.079 155.2286
241.407898 87.032 155.5284
243.157242 86.986 155.8395
244.919266 86.938 156.1646
246.694046 86.890 156.5067
248.481689 86.841 156.8689
250.282288 86.793 157.2538
252.095932 86.746 157.6621
253.922729 86.701 158.0912
255.762756 86.660 158.5340
257.616119 86.623 158.9802
259.482910 86.590 159.4203
261.363220 86.558 159.8494
263.257172 86.527 160.2693
265.164856 86.495 160.6869
267.086365 86.463 161.1106
269.021790 86.431 161.5473
270.971222 86.399 162.0011
272.934784 86.369 162.4723
274.912567 86.341 162.9588
276.904694 86.316 163.4573
278.911255 86.294 163.9647
280.932373 86.276 164.4778
282.968140 86.261 164.9927
285.018646 86.250 165.5037
287.084015 86.243 166.0029
289.164337 86.238 166.4833
291.259735 86.234 166.9422
293.370331 86.229 167.3845
295.496216 86.224 167.8199
297.637512 86.219 168.2582
299.794312 86.213 168.7052
301.966736 86.209 169.1618
304.154907 86.207 169.6256
306.358948 86.207 170.0926
308.578949 86.209 170.5582
310.815033 86.214 171.0184
313.067322 86.221 171.4705
315.335938 86.229 171.9143
317.621002 86.239 172.3526
319.922607 86.250 172.7883
322.240906 86.262 173.2227
324.575989 86.277 173.6537
326.928009 86.294 174.0778
329.297058 86.314 174.4915
331.683289 86.337 174.8917
334.086792 86.361 175.2756
336.507721 86.387 175.6414
338.946198 86.414 175.9875
341.402344 86.441 176.3144
343.876282 86.468 176.6241
346.368164 86.496 176.9193
348.878082 86.523 177.2020
351.406189 86.550 177.4731
353.952637 86.577 177.7325
356.517517 86.604 177.9796
359.100983 86.630 178.2136
361.703186 86.656 178.4343
364.324249 86.681 178.6419
366.964294 86.706 178.8375
369.623474 86.730 179.0224
372.301910 86.754 179.1981
374.999756 86.776 179.3650
377.717163 86.798 179.5233
380.454254 86.818 179.6729
383.211182 86.838 179.8141
385.988098 86.856 179.9480
388.785126 86.873 -179.9238
391.602417 86.888 -179.7997
394.440125 86.903 -179.6788
397.298401 86.917 -179.5612
400.177399 86.930 -179.4477
403.077240 86.942 -179.3398
405.998108 86.953 -179.2382
408.940125 86.962 -179.1424
411.903473 86.970 -179.0502
414.888306 86.976 -178.9575
417.894745 86.979 -178.8601
420.922974 86.981 -178.7551
423.973145 86.983 -178.6416
427.045441 86.984 -178.5211
430.139984 86.987 -178.3969
433.256958 86.989 -178.2728
436.396515 86.992 -178.1511
439.558838 86.995 -178.0315
442.744049 86.999 -177.9139
445.952362 87.002 -177.8001
449.183929 87.006 -177.6949
452.438904 87.009 -177.6039
455.717468 87.010 -177.5302
459.019775 87.008 -177.4699
462.346008 87.003 -177.4128
465.696350 86.993 -177.3471
469.070984 86.982 -177.2652
472.470062 86.968 -177.1649
475.893768 86.954 -177.0491
479.342285 86.941 -176.9236
482.815796 86.927 -176.7943
486.314484 86.912 -176.6633
489.838531 86.896 -176.5260
493.388092 86.880 -176.3746
496.963379 86.862 -176.2050
500.564575 86.846 -176.0204
504.191864 86.831 -175.8284
507.845459 86.818 -175.6354
511.525513 86.804 -175.4449
515.232239 86.790 -175.2563
518.965820 86.776 -175.0670
522.726440 86.760 -174.8731
526.514343 86.744 -174.6697
530.329712 86.728 -174.4542
534.172729 86.713 -174.2282
538.043579 86.698 -173.9958
541.942444 86.685 -173.7598
545.869568 86.672 -173.5196
549.825134 86.660 -173.2747
553.809387 86.648 -173.0270
557.822510 86.637 -172.7796
561.864746 86.627 -172.5348
565.936279 86.616 -172.2925
570.037292 86.604 -172.0501
574.168030 86.592 -171.8042
578.328674 86.579 -171.5523
582.519470 86.566 -171.2937
586.740662 86.553 -171.0277
590.992432 86.539 -170.7520
595.275024 86.526 -170.4646
599.588623 86.514 -170.1674
603.933472 86.503 -169.8656
608.309814 86.492 -169.5637
612.717896 86.483 -169.2632
617.157898 86.472 -168.9615
621.630066 86.462 -168.6525
626.134644 86.451 -168.3293
630.671875 86.442 -167.9896
635.242004 86.435 -167.6370
639.845215 86.429 -167.2775
644.481812 86.426 -166.9136
649.151978 86.425 -166.5446
653.856018 86.426 -166.1725
658.594116 86.431 -165.8042
663.366577 86.438 -165.4501
668.173584 86.446 -165.1186
673.015442 86.454 -164.8092
677.892395 86.460 -164.5141
682.804688 86.464 -164.2242
687.752563 86.465 -163.9324
692.736328 86.466 -163.6330
697.756165 86.465 -163.3214
702.812378 86.464 -162.9962
707.905273 86.465 -162.6601
713.035034 86.466 -162.3174
718.201965 86.469 -161.9710
723.406372 86.472 -161.6213
728.648499 86.476 -161.2674
733.928589 86.481 -160.9088
739.246948 86.486 -160.5456
744.603821 86.492 -160.1777
749.999512 86.499 -159.8050
755.434326 86.507 -159.4275
760.908508 86.516 -159.0454
766.422363 86.527 -158.6587
771.976196 86.540 -158.2682
777.570251 86.554 -157.8748
783.204834 86.570 -157.4799
788.880249 86.587 -157.0829
794.596802 86.606 -156.6814
800.354797 86.627 -156.2732
806.154480 86.651 -155.8597
811.996216 86.680 -155.4476
817.880249 86.713 -155.0465
823.806946 86.750 -154.6677
829.776611 86.789 -154.3215
835.789490 86.830 -154.0130
841.845947 86.871 -153.7392
847.946289 86.911 -153.4940
854.090881 86.949 -153.2745
860.279968 86.986 -153.0831
866.513916 87.020 -152.9237
872.793030 87.052 -152.7982
879.117676 87.077 -152.7081
885.488098 87.095 -152.6506
891.904724 87.100 -152.6105
898.367859 87.092 -152.5543
904.877808 87.069 -152.4331
911.434937 87.037 -152.1984
918.039551 87.005 -151.8229
924.692017 86.980 -151.3140
931.392700 86.972 -150.7126
938.141968 86.981 -150.0751
944.940125 87.009 -149.4524
951.787537 87.049 -148.8768
958.684570 87.099 -148.3615
965.631592 87.155 -147.9068
972.628967 87.212 -147.5060
979.677063 87.270 -147.1517
986.776184 87.327 -146.8386
993.926758 87.382 -146.5605
1001.129150 87.435 -146.3091
1008.383728 87.485 -146.0774
1015.690918 87.534 -145.8630
1023.051025 87.580 -145.6666
1030.464478 87.626 -145.4899
1037.931641 87.668 -145.3360
1045.452881 87.707 -145.2071
1053.028687 87.741 -145.0971
1060.659424 87.767 -144.9910
1068.345459 87.787 -144.8698
1076.087158 87.801 -144.7158
1083.884888 87.813 -144.5178
1091.739136 87.824 -144.2733
1099.650269 87.836 -143.9861
1107.618774 87.852 -143.6635
1115.645020 87.873 -143.3144
1123.729492 87.898 -142.9479
1131.872559 87.928 -142.5727
1140.074585 87.963 -142.1969
1148.336060 88.003 -141.8278
1156.657349 88.046 -141.4706
1165.038940 88.094 -141.1280
1173.481323 88.144 -140.8000
1181.984863 88.198 -140.4874
1190.550049 88.255 -140.1948
1199.177246 88.315 -139.9317
1207.866943 88.377 -139.7078
1216.619629 88.438 -139.5265
1225.435791 88.497 -139.3817
1234.315796 88.552 -139.2630
1243.260132 88.604 -139.1599
1252.269287 88.652 -139.0639
1261.343750 88.697 -138.9701
1270.484009 88.739 -138.8762
1279.690430 88.780 -138.7801
1288.963623 88.819 -138.6795
1298.303955 88.858 -138.5742
1307.712036 88.896 -138.4663
1317.188232 88.934 -138.3588
1326.733154 88.970 -138.2538
1336.347168 89.006 -138.1508
1346.030884 89.040 -138.0471
1355.784790 89.072 -137.9392
1365.609375 89.103 -137.8231
1375.505127 89.133 -137.6939
1385.472656 89.163 -137.5460
1395.512329 89.194 -137.3779
1405.624756 89.227 -137.1947
1415.810547 89.265 -137.0082
1426.070068 89.306 -136.8332
1436.403931 89.349 -136.6792
1446.812744 89.392 -136.5471
1457.296997 89.434 -136.4315
1467.857178 89.474 -136.3262
1478.493896 89.512 -136.2263
1489.207642 89.549 -136.1281
1499.999023 89.585 -136.0281
1510.868652 89.619 -135.9231
1521.817017 89.652 -135.8100
1532.844727 89.686 -135.6865
1543.952393 89.720 -135.5506
1555.140503 89.755 -135.4019
1566.409668 89.793 -135.2443
1577.760498 89.834 -135.0885
1589.193604 89.879 -134.9482
1600.709595 89.925 -134.8326
1612.308960 89.971 -134.7426
1623.992432 90.015 -134.6729
1635.760498 90.057 -134.6162
1647.613892 90.097 -134.5663
1659.553223 90.135 -134.5183
1671.578979 90.171 -134.4685
1683.691895 90.207 -134.4158
1695.892578 90.241 -134.3613
1708.181763 90.275 -134.3069
1720.559937 90.306 -134.2525
1733.027832 90.337 -134.1951
1745.586060 90.365 -134.1292
1758.235352 90.393 -134.0482
1770.976196 90.421 -133.9463
1783.809448 90.450 -133.8238
1796.735718 90.483 -133.6900
1809.755615 90.520 -133.5591
1822.869873 90.559 -133.4422
1836.079102 90.598 -133.3430
1849.384033 90.638 -133.2600
1862.785400 90.676 -133.1893
1876.283936 90.713 -133.1260
1889.880249 90.749 -133.0643
1903.575073 90.782 -132.9980
1917.369141 90.815 -132.9213
1931.263184 90.848 -132.8304
1945.257935 90.883 -132.7258
1959.354126 90.920 -132.6155
1973.552368 90.960 -132.5124
1987.853516 91.002 -132.4268
2002.258301 91.044 -132.3620
2016.767456 91.084 -132.3151
2031.381836 91.122 -132.2803
2046.102051 91.158 -132.2511
2060.928955 91.192 -132.2220
2075.863281 91.224 -132.1901
2090.905762 91.254 -132.1533
2106.057373 91.282 -132.1075
2121.318848 91.307 -132.0451
2136.690918 91.331 -131.9556
2152.174316 91.354 -131.8288
2167.769775 91.379 -131.6612
2183.478271 91.408 -131.4604
2199.300537 91.444 -131.2416
2215.237549 91.485 -131.0201
2231.290039 91.532 -130.8082
2247.458984 91.584 -130.6145
2263.745117 91.638 -130.4437
2280.149170 91.693 -130.2961
2296.672119 91.750 -130.1674
2313.314697 91.805 -130.0503
2330.077881 91.861 -129.9389
2346.962646 91.917 -129.8322
2363.969727 91.974 -129.7315
2381.100098 92.030 -129.6356
2398.354492 92.086 -129.5380
2415.733887 92.141 -129.4292
2433.239258 92.197 -129.3001
2450.871582 92.256 -129.1460
2468.631592 92.320 -128.9685
2486.520264 92.390 -128.7748
2504.538574 92.468 -128.5749
2522.687500 92.554 -128.3804
2540.968018 92.651 -128.2056
2559.380859 92.757 -128.0708
2577.927246 92.872 -128.0009
2596.607910 92.993 -128.0169
2615.424072 93.116 -128.1288
2634.376465 93.236 -128.3344
2653.466309 93.350 -128.6204
2672.694336 93.457 -128.9659
2692.061768 93.556 -129.3477
2711.569580 93.648 -129.7468
2731.218750 93.735 -130.1546
2751.010254 93.819 -130.5714
2770.945312 93.900 -131.0009
2791.024658 93.979 -131.4461
2811.249512 94.054 -131.9079
2831.621094 94.126 -132.3858
2852.140137 94.194 -132.8793
2872.807861 94.258 -133.3860
2893.625488 94.318 -133.8996
2914.593994 94.373 -134.4101
2935.714355 94.425 -134.9084
2956.987793 94.476 -135.3930
2978.415283 94.527 -135.8692
2999.998047 94.579 -136.3450
3021.737305 94.631 -136.8276
3043.634033 94.683 -137.3203
3065.689453 94.735 -137.8225
3087.904785 94.787 -138.3318
3110.281006 94.840 -138.8503
3132.819336 94.894 -139.3869
3155.520996 94.950 -139.9545
3178.387207 95.006 -140.5637
3201.419189 95.059 -141.2207
3224.617920 95.109 -141.9259
3247.984863 95.151 -142.6741
3271.520996 95.185 -143.4531
3295.227783 95.209 -144.2429
3319.106445 95.223 -145.0192
3343.157959 95.230 -145.7629
3367.383789 95.231 -146.4638
3391.785156 95.230 -147.1198
3416.363525 95.229 -147.7339
3441.119873 95.229 -148.3102
3466.055664 95.232 -148.8528
3491.172119 95.240 -149.3689
3516.470703 95.255 -149.8729
3541.952393 95.278 -150.3859
3567.618896 95.309 -150.9305
3593.471436 95.346 -151.5264
3619.511230 95.387 -152.1889
3645.739746 95.429 -152.9273
3672.158203 95.468 -153.7415
3698.768066 95.503 -154.6232
3725.570801 95.532 -155.5616
3752.567871 95.554 -156.5491
3779.760498 95.569 -157.5818
3807.150146 95.577 -158.6557
3834.738281 95.574 -159.7627
3862.526367 95.562 -160.8893
3890.515869 95.541 -162.0229
3918.708252 95.512 -163.1565
3947.104736 95.476 -164.2899
3975.707031 95.434 -165.4272
4004.516602 95.386 -166.5742
4033.534912 95.331 -167.7364
4062.763672 95.267 -168.9132
4092.204102 95.193 -170.0973
4121.857910 95.109 -171.2791
4151.726562 95.016 -172.4521
4181.811523 94.911 -173.6121
4212.114746 94.796 -174.7530
4242.637695 94.669 -175.8633
4273.381836 94.531 -176.9279
4304.348633 94.382 -177.9349
4335.539551 94.226 -178.8787
4366.956543 94.065 -179.7602
4398.601074 93.898 179.4143
4430.475098 93.728 178.6372
4462.580078 93.552 177.9055
4494.917969 93.373 177.2213
4527.490234 93.188 176.5872
4560.298340 92.999 176.0031
4593.344238 92.805 175.4686
4626.629395 92.607 174.9880
4660.155762 92.403 174.5714
4693.925293 92.195 174.2286
4727.939453 91.985 173.9647
4762.200195 91.775 173.7775
4796.708984 91.567 173.6581
4831.467773 91.361 173.5956
4866.478516 91.157 173.5825
4901.743164 90.955 173.6157
4937.263184 90.755 173.6915
4973.040527 90.557 173.8055
5009.077148 90.358 173.9577
5045.375000 90.159 174.1552
5081.936035 89.960 174.4095
5118.761719 89.761 174.7307
5155.854492 89.564 175.1227
5193.215820 89.370 175.5824
5230.848145 89.183 176.1029
5268.752930 89.001 176.6794
5306.932617 88.826 177.3080
5345.388672 88.659 177.9809
5384.123535 88.501 178.6869
5423.139160 88.352 179.4145
5462.437500 88.211 -179.8468
5502.020508 88.078 -179.1077
5541.890625 87.952 -178.3778
5582.049316 87.830 -177.6625
5622.499023 87.711 -176.9590
5663.242188 87.592 -176.2548
5704.280273 87.473 -175.5355
5745.615723 87.354 -174.7920
5787.250977 87.238 -174.0209
5829.187988 87.123 -173.2188
5871.428711 87.010 -172.3797
5913.975586 86.900 -171.4972
5956.830566 86.795 -170.5685
5999.996094 86.696 -169.5967
6043.474609 86.605 -168.5877
6087.268066 86.522 -167.5482
6131.378906 86.447 -166.4874
6175.809570 86.381 -165.4153
6220.562012 86.323 -164.3373
6265.638672 86.271 -163.2518
6311.041992 86.225 -162.1525
6356.774414 86.186 -161.0333
6402.838379 86.156 -159.8923
6449.235840 86.134 -158.7302
6495.969727 86.122 -157.5511
6543.041992 86.120 -156.3623
6590.455566 86.129 -155.1707
6638.212891 86.149 -153.9783
6686.315918 86.179 -152.7811
6734.767578 86.221 -151.5725
6783.570312 86.276 -150.3480
6832.727051 86.347 -149.1069
6882.239746 86.436 -147.8550
6932.111328 86.547 -146.6068
6982.344238 86.683 -145.3844
7032.941406 86.845 -144.2143
7083.904785 87.035 -143.1268
7135.237793 87.254 -142.1586
7186.942871 87.501 -141.3544
7239.022461 87.772 -140.7628
7291.479492 88.063 -140.4307
7344.316406 88.365 -140.3948
7397.536133 88.668 -140.6717
7451.141602 88.963 -141.2524
7505.135742 89.243 -142.1077
7559.520996 89.504 -143.2003
7614.300293 89.745 -144.4953
7669.476562 89.965 -145.9686
7725.052734 90.166 -147.6107
7781.031738 90.346 -149.4221
7837.416504 90.502 -151.4043
7894.209473 90.631 -153.5526
7951.414062 90.728 -155.8544
8009.033203 90.790 -158.2886
8067.069824 90.812 -160.8279
8125.527344 90.792 -163.4426
8184.408203 90.728 -166.1011
8243.715820 90.617 -168.7654
8303.453125 90.458 -171.3897
8363.623047 90.248 -173.9217
8424.229492 89.991 -176.3060
8485.275391 89.690 -178.4907
8546.763672 89.349 179.5662
8608.697266 88.976 177.8967
8671.079102 88.576 176.5259
8733.913086 88.155 175.4761
8797.202148 87.722 174.7664
8860.950195 87.283 174.4111
8925.160156 86.847 174.4128
8989.835938 86.425 174.7564
9054.980469 86.025 175.4120
9120.596680 85.654 176.3391
9186.688477 85.319 177.4911
9253.258789 85.022 178.8200
9320.311523 84.768 -179.7269
9387.850586 84.557 -178.2077
9455.878906 84.388 -176.6803
9524.400391 84.258 -175.1944
9593.417969 84.159 -173.7820
9662.935547 84.087 -172.4547
9732.957031 84.035 -171.2088
9803.486328 84.001 -170.0350
9874.526367 83.981 -168.9221
9946.081055 83.974 -167.8556
10018.154297 83.977 -166.8150
10090.750000 83.993 -165.7755
10163.872070 84.023 -164.7169
10237.523438 84.072 -163.6305
10311.708984 84.145 -162.5195
10386.431641 84.245 -161.3934
10461.696289 84.379 -160.2619
10537.505859 84.550 -159.1384
10613.865234 84.767 -158.0474
10690.777344 85.036 -157.0296
10768.247070 85.364 -156.1405
10846.278320 85.757 -155.4466
10924.875000 86.220 -155.0277
11004.041016 86.757 -154.9846
11083.781250 87.364 -155.4417
11164.098633 88.033 -156.5394
11244.998047 88.746 -158.4166
11326.484375 89.477 -161.1953
11408.560547 90.194 -164.9673
11491.231445 90.856 -169.7808
11574.501953 91.421 -175.6210
11658.375977 91.844 177.6113
11742.857422 92.086 170.1115
11827.951172 92.118 162.1662
11913.661133 91.925 154.1235
11999.992188 91.511 146.3416
12086.949219 90.893 139.1378
12174.536133 90.102 132.7534
12262.757812 89.173 127.3401
12351.619141 88.145 122.9642
12441.124023 87.058 119.6205
12531.277344 85.946 117.2514
12622.083984 84.839 115.7652
12713.548828 83.764 115.0488
12805.676758 82.739 114.9774
12898.471680 81.777 115.4265
12991.939453 80.885 116.2856
13086.083984 80.063 117.4624
13180.911133 79.310 118.8803
13276.425781 78.624 120.4748
13372.631836 77.999 122.1964
13469.535156 77.431 124.0111
13567.140625 76.917 125.8915
13665.454102 76.454 127.8088
13764.479492 76.041 129.7328
13864.222656 75.674 131.6377
13964.688477 75.352 133.5049
14065.882812 75.073 135.3196
14167.809570 74.836 137.0674
14270.475586 74.641 138.7340
14373.885742 74.491 140.2982
14478.044922 74.387 141.7259
14582.958984 74.332 142.9709
14688.632812 74.327 143.9796
14795.072266 74.371 144.6908
14902.283203 74.463 145.0364
15010.271484 74.599 144.9473
15119.041992 74.771 144.3599
15228.600586 74.969 143.2171
15338.953125 75.181 141.4689
15450.105469 75.394 139.0760
15562.063477 75.591 136.0140
15674.833008 75.754 132.2748
15788.418945 75.861 127.8716
15902.828125 75.889 122.8477
16018.066406 75.814 117.2880
16134.139648 75.613 111.3256
16251.054688 75.267 105.1379
16368.816406 74.765 98.9350
16487.431641 74.106 92.9350
16606.906250 73.296 87.3344
16727.246094 72.354 82.2868
16848.458984 71.299 77.8928
16970.550781 70.155 74.1985
17093.527344 68.945 71.2019
17217.394531 67.691 68.8668
17342.158203 66.410 67.1378
17467.826172 65.115 65.9505
17594.404297 63.816 65.2377
17721.900391 62.518 64.9355
17850.320312 61.223 64.9866
17979.671875 59.931 65.3465
18109.960938 58.639 65.9971
18241.193359 57.341 66.9573
18373.376953 56.031 68.2825
18506.517578 54.705 70.0580
18640.623047 53.361 72.3776
18775.701172 52.003 75.3117
18911.757812 50.640 78.8888
19048.800781 49.289 83.0988
19186.835938 47.973 87.8987
19325.871094 46.728 93.2115
19465.914062 45.608 98.9298
19606.972656 44.686 104.8787
19749.052734 44.030 110.6720
19892.162109 43.656 115.5443
20036.308594 43.503 118.4209
