* Measurement data measured by REW V5.31
* Source: EXCL: Microphone (USB Sound Device        ), no input selected, L, volume: no control
* Format: 256k Log Swept Sine, 1 sweep at -4.0 dBFS with no timing reference
* Dated: Jul 14, 2024 1:16:52 PM
* REW Settings:
*  C-weighting compensation: Off
*  Target level: 75.0 dB
* Note: KZ EDC Pro R
* Measurement: R KZ EDC Pro
* Smoothing: 1/12 octave
* Frequency Step: 96 ppo
* Start Frequency: 0.36621094 Hz
*
* Freq(Hz) SPL(dB) Phase(degrees)
0.366211 82.192 -76.4579
0.368865 82.200 -76.5325
0.371538 82.213 -76.6439
0.374230 82.228 -76.7836
0.376942 82.246 -76.9440
0.379673 82.264 -77.1198
0.382424 82.284 -77.3071
0.385196 82.304 -77.5039
0.387987 82.324 -77.7088
0.390798 82.345 -77.9211
0.393630 82.366 -78.1404
0.396483 82.387 -78.3666
0.399356 82.408 -78.5995
0.402250 82.429 -78.8391
0.405165 82.451 -79.0853
0.408101 82.472 -79.3382
0.411058 82.494 -79.5978
0.414037 82.516 -79.8639
0.417037 82.538 -80.1367
0.420059 82.560 -80.4161
0.423103 82.583 -80.7021
0.426169 82.605 -80.9946
0.429257 82.628 -81.2936
0.432368 82.651 -81.5991
0.435501 82.674 -81.9111
0.438656 82.697 -82.2294
0.441835 82.721 -82.5541
0.445037 82.744 -82.8851
0.448262 82.768 -83.2224
0.451510 82.792 -83.5658
0.454782 82.816 -83.9153
0.458077 82.841 -84.2708
0.461397 82.865 -84.6323
0.464740 82.890 -84.9996
0.468108 82.914 -85.3727
0.471500 82.939 -85.7514
0.474917 82.965 -86.1357
0.478358 82.990 -86.5255
0.481825 83.016 -86.9206
0.485316 83.041 -87.3209
0.488833 83.067 -87.7263
0.492375 83.093 -88.1367
0.495943 83.120 -88.5520
0.499537 83.146 -88.9719
0.503157 83.173 -89.3964
0.506803 83.200 -89.8254
0.510475 83.227 -90.2586
0.514175 83.254 -90.6959
0.517900 83.281 -91.1373
0.521653 83.309 -91.5824
0.525434 83.337 -92.0312
0.529241 83.365 -92.4834
0.533076 83.393 -92.9390
0.536939 83.422 -93.3978
0.540830 83.450 -93.8595
0.544749 83.479 -94.3241
0.548696 83.508 -94.7913
0.552673 83.538 -95.2609
0.556677 83.567 -95.7329
0.560711 83.597 -96.2070
0.564774 83.627 -96.6830
0.568867 83.657 -97.1608
0.572989 83.687 -97.6403
0.577141 83.718 -98.1211
0.581324 83.749 -98.6033
0.585536 83.780 -99.0866
0.589779 83.811 -99.5708
0.594053 83.843 -100.0557
0.598358 83.874 -100.5414
0.602694 83.906 -101.0275
0.607061 83.938 -101.5139
0.611460 83.971 -102.0005
0.615891 84.003 -102.4871
0.620354 84.036 -102.9737
0.624849 84.069 -103.4600
0.629377 84.103 -103.9460
0.633938 84.136 -104.4315
0.638532 84.170 -104.9165
0.643159 84.204 -105.4007
0.647819 84.239 -105.8841
0.652514 84.273 -106.3667
0.657242 84.308 -106.8483
0.662005 84.343 -107.3288
0.666802 84.379 -107.8083
0.671634 84.414 -108.2865
0.676501 84.450 -108.7636
0.681403 84.486 -109.2393
0.686341 84.523 -109.7138
0.691314 84.559 -110.1869
0.696324 84.596 -110.6588
0.701370 84.633 -111.1295
0.706452 84.670 -111.5991
0.711571 84.706 -112.0679
0.716728 84.742 -112.5364
0.721921 84.777 -113.0052
0.727153 84.811 -113.4754
0.732422 84.842 -113.9483
0.737729 84.871 -114.4255
0.743075 84.897 -114.9086
0.748460 84.922 -115.3988
0.753883 84.945 -115.8969
0.759346 84.968 -116.4034
0.764849 84.990 -116.9186
0.770391 85.011 -117.4426
0.775974 85.031 -117.9751
0.781597 85.052 -118.5162
0.787261 85.071 -119.0656
0.792966 85.091 -119.6231
0.798712 85.110 -120.1885
0.804500 85.129 -120.7614
0.810329 85.147 -121.3418
0.816201 85.165 -121.9292
0.822116 85.182 -122.5234
0.828073 85.199 -123.1241
0.834074 85.215 -123.7310
0.840118 85.231 -124.3439
0.846206 85.247 -124.9623
0.852338 85.262 -125.5859
0.858514 85.276 -126.2145
0.864735 85.290 -126.8477
0.871001 85.304 -127.4851
0.877313 85.316 -128.1264
0.883670 85.329 -128.7713
0.890074 85.340 -129.4193
0.896524 85.351 -130.0702
0.903020 85.361 -130.7235
0.909564 85.371 -131.3790
0.916155 85.380 -132.0361
0.922794 85.388 -132.6947
0.929481 85.396 -133.3543
0.936216 85.403 -134.0146
0.943000 85.409 -134.6752
0.949834 85.414 -135.3357
0.956717 85.418 -135.9959
0.963649 85.422 -136.6553
0.970632 85.424 -137.3137
0.977666 85.426 -137.9707
0.984750 85.427 -138.6259
0.991886 85.427 -139.2791
0.999074 85.426 -139.9300
1.006314 85.424 -140.5782
1.013606 85.421 -141.2235
1.020951 85.417 -141.8656
1.028349 85.412 -142.5043
1.035801 85.406 -143.1393
1.043307 85.399 -143.7704
1.050867 85.390 -144.3976
1.058482 85.380 -145.0209
1.066152 85.370 -145.6405
1.073878 85.358 -146.2569
1.081660 85.344 -146.8712
1.089498 85.330 -147.4852
1.097393 85.314 -148.1012
1.105345 85.297 -148.7224
1.113355 85.279 -149.3519
1.121423 85.259 -149.9926
1.129549 85.239 -150.6468
1.137734 85.217 -151.3161
1.145979 85.194 -152.0016
1.154283 85.169 -152.7040
1.162647 85.144 -153.4240
1.171072 85.116 -154.1618
1.179558 85.088 -154.9177
1.188106 85.058 -155.6920
1.196715 85.026 -156.4848
1.205387 84.993 -157.2962
1.214122 84.959 -158.1263
1.222920 84.923 -158.9749
1.231782 84.885 -159.8420
1.240708 84.845 -160.7276
1.249699 84.803 -161.6313
1.258754 84.760 -162.5530
1.267876 84.714 -163.4921
1.277063 84.667 -164.4483
1.286318 84.618 -165.4209
1.295639 84.566 -166.4093
1.305027 84.512 -167.4126
1.314484 84.457 -168.4300
1.324009 84.398 -169.4604
1.333604 84.338 -170.5026
1.343268 84.275 -171.5553
1.353002 84.209 -172.6170
1.362806 84.141 -173.6860
1.372681 84.070 -174.7607
1.382628 83.996 -175.8392
1.392647 83.920 -176.9194
1.402739 83.841 -177.9995
1.412904 83.758 -179.0776
1.423142 83.672 179.8477
1.433455 83.582 178.7773
1.443843 83.489 177.7105
1.454305 83.390 176.6453
1.464844 83.286 175.5773
1.475459 83.176 174.5005
1.486150 83.058 173.4078
1.496920 82.932 172.2926
1.507767 82.799 171.1492
1.518693 82.657 169.9730
1.529698 82.507 168.7603
1.540783 82.349 167.5079
1.551948 82.185 166.2133
1.563194 82.014 164.8737
1.574521 81.837 163.4870
1.585931 81.655 162.0508
1.597423 81.468 160.5628
1.608999 81.278 159.0208
1.620658 81.085 157.4226
1.632402 80.891 155.7662
1.644232 80.695 154.0495
1.656146 80.499 152.2707
1.668147 80.305 150.4280
1.680235 80.112 148.5200
1.692411 79.923 146.5453
1.704675 79.738 144.5029
1.717028 79.559 142.3921
1.729470 79.386 140.2123
1.742003 79.222 137.9633
1.754626 79.068 135.6445
1.767341 78.925 133.2554
1.780147 78.793 130.7944
1.793047 78.676 128.2578
1.806040 78.573 125.6390
1.819128 78.484 122.9264
1.832310 78.411 120.1029
1.845587 78.352 117.1463
1.858961 78.308 114.0322
1.872432 78.276 110.7375
1.886001 78.257 107.2438
1.899667 78.250 103.5387
1.913433 78.255 99.6167
1.927299 78.271 95.4812
1.941265 78.298 91.1447
1.955332 78.335 86.6299
1.969501 78.383 81.9693
1.983773 78.441 77.2049
1.998148 78.508 72.3852
2.012627 78.585 67.5624
2.027212 78.670 62.7888
2.041902 78.764 58.1126
2.056698 78.867 53.5751
2.071602 78.977 49.2084
2.086614 79.095 45.0345
2.101734 79.220 41.0657
2.116964 79.351 37.3049
2.132304 79.490 33.7475
2.147756 79.635 30.3817
2.163320 79.788 27.1903
2.178996 79.949 24.1518
2.194786 80.120 21.2419
2.210690 80.302 18.4366
2.226710 80.498 15.7155
2.242845 80.707 13.0645
2.259098 80.931 10.4766
2.275468 81.168 7.9493
2.291957 81.418 5.4838
2.308566 81.679 3.0820
2.325295 81.950 0.7472
2.342145 82.229 -1.5182
2.359117 82.515 -3.7120
2.376212 82.805 -5.8328
2.393431 83.097 -7.8800
2.410775 83.390 -9.8538
2.428244 83.681 -11.7551
2.445840 83.968 -13.5857
2.463564 84.249 -15.3480
2.481416 84.523 -17.0455
2.499397 84.787 -18.6832
2.517509 85.041 -20.2674
2.535752 85.283 -21.8065
2.554127 85.513 -23.3107
2.572635 85.731 -24.7917
2.591277 85.939 -26.2605
2.610055 86.138 -27.7254
2.628968 86.329 -29.1909
2.648019 86.512 -30.6583
2.667208 86.687 -32.1257
2.686535 86.856 -33.5901
2.706003 87.019 -35.0472
2.725612 87.176 -36.4925
2.745363 87.327 -37.9210
2.765257 87.473 -39.3280
2.785295 87.614 -40.7093
2.805478 87.751 -42.0608
2.825808 87.883 -43.3793
2.846285 88.010 -44.6625
2.866910 88.134 -45.9097
2.887685 88.254 -47.1221
2.908611 88.369 -48.3033
2.929688 88.481 -49.4597
2.950917 88.587 -50.5994
2.972301 88.688 -51.7299
2.993839 88.784 -52.8573
3.015534 88.873 -53.9846
3.037386 88.958 -55.1124
3.059396 89.036 -56.2391
3.081565 89.109 -57.3621
3.103896 89.177 -58.4772
3.126388 89.241 -59.5803
3.149043 89.299 -60.6664
3.171862 89.353 -61.7306
3.194847 89.403 -62.7683
3.217998 89.450 -63.7755
3.241317 89.492 -64.7493
3.264805 89.531 -65.6889
3.288463 89.566 -66.5956
3.312293 89.596 -67.4730
3.336295 89.622 -68.3262
3.360471 89.642 -69.1594
3.384822 89.658 -69.9758
3.409350 89.668 -70.7766
3.434056 89.674 -71.5613
3.458940 89.676 -72.3281
3.484005 89.674 -73.0743
3.509252 89.669 -73.7961
3.534681 89.661 -74.4891
3.560295 89.651 -75.1489
3.586094 89.640 -75.7705
3.612081 89.627 -76.3495
3.638255 89.613 -76.8823
3.664620 89.598 -77.3666
3.691175 89.580 -77.8015
3.717923 89.560 -78.1876
3.744864 89.538 -78.5265
3.772001 89.513 -78.8199
3.799335 89.487 -79.0704
3.826866 89.460 -79.2798
3.854597 89.434 -79.4502
3.882529 89.410 -79.5835
3.910664 89.388 -79.6810
3.939002 89.370 -79.7437
3.967546 89.356 -79.7715
3.996296 89.349 -79.7632
4.025255 89.347 -79.7167
4.054423 89.351 -79.6293
4.083804 89.361 -79.4994
4.113396 89.376 -79.3275
4.143204 89.397 -79.1174
4.173227 89.423 -78.8750
4.203468 89.455 -78.6084
4.233928 89.493 -78.3265
4.264609 89.537 -78.0389
4.295512 89.588 -77.7543
4.326639 89.646 -77.4802
4.357992 89.712 -77.2216
4.389572 89.785 -76.9807
4.421380 89.867 -76.7573
4.453419 89.957 -76.5505
4.485691 90.055 -76.3601
4.518196 90.161 -76.1882
4.550936 90.273 -76.0386
4.583914 90.390 -75.9165
4.617131 90.512 -75.8276
4.650589 90.635 -75.7775
4.684289 90.761 -75.7712
4.718233 90.887 -75.8123
4.752424 91.014 -75.9026
4.786862 91.142 -76.0421
4.821549 91.270 -76.2286
4.856488 91.399 -76.4594
4.891680 91.528 -76.7311
4.927127 91.657 -77.0403
4.962831 91.784 -77.3844
4.998794 91.910 -77.7610
5.035017 92.032 -78.1686
5.071503 92.151 -78.6068
5.108253 92.266 -79.0757
5.145270 92.375 -79.5759
5.182555 92.481 -80.1075
5.220110 92.581 -80.6690
5.257937 92.677 -81.2568
5.296038 92.769 -81.8660
5.334415 92.855 -82.4910
5.373071 92.937 -83.1261
5.412006 93.014 -83.7668
5.451224 93.086 -84.4099
5.490725 93.152 -85.0544
5.530514 93.213 -85.7006
5.570590 93.268 -86.3491
5.610957 93.318 -86.9990
5.651616 93.363 -87.6477
5.692570 93.403 -88.2911
5.733821 93.439 -88.9242
5.775370 93.471 -89.5419
5.817221 93.499 -90.1403
5.859375 93.524 -90.7166
5.901834 93.545 -91.2702
5.944602 93.564 -91.8013
5.987679 93.579 -92.3102
6.031068 93.592 -92.7968
6.074771 93.603 -93.2601
6.118792 93.613 -93.6986
6.163131 93.623 -94.1105
6.207792 93.634 -94.4941
6.252776 93.646 -94.8483
6.298086 93.659 -95.1733
6.343725 93.673 -95.4706
6.389694 93.688 -95.7433
6.435996 93.707 -95.9951
6.482634 93.728 -96.2296
6.529610 93.752 -96.4503
6.576926 93.781 -96.6595
6.624585 93.814 -96.8589
6.672590 93.851 -97.0501
6.720942 93.893 -97.2357
6.769645 93.938 -97.4199
6.818700 93.988 -97.6078
6.868111 94.042 -97.8047
6.917881 94.098 -98.0152
6.968010 94.159 -98.2424
7.018504 94.222 -98.4879
7.069362 94.289 -98.7527
7.120590 94.357 -99.0378
7.172189 94.428 -99.3444
7.224161 94.499 -99.6741
7.276511 94.571 -100.0283
7.329239 94.642 -100.4081
7.382350 94.713 -100.8135
7.435845 94.782 -101.2434
7.489729 94.850 -101.6957
7.544002 94.917 -102.1675
7.598669 94.981 -102.6562
7.653732 95.042 -103.1596
7.709194 95.100 -103.6759
7.765058 95.155 -104.2035
7.821327 95.207 -104.7402
7.878004 95.255 -105.2826
7.935091 95.300 -105.8269
7.992592 95.342 -106.3693
8.050510 95.381 -106.9065
8.108847 95.416 -107.4365
8.167607 95.449 -107.9576
8.226793 95.479 -108.4684
8.286408 95.507 -108.9667
8.346454 95.534 -109.4506
8.406936 95.559 -109.9182
8.467856 95.583 -110.3683
8.529218 95.607 -110.8009
8.591024 95.631 -111.2166
8.653278 95.655 -111.6165
8.715983 95.680 -112.0016
8.779143 95.707 -112.3733
8.842760 95.734 -112.7327
8.906839 95.764 -113.0814
8.971381 95.795 -113.4219
9.036392 95.828 -113.7570
9.101873 95.863 -114.0896
9.167829 95.900 -114.4222
9.234263 95.938 -114.7570
9.301178 95.979 -115.0953
9.368578 96.020 -115.4391
9.436467 96.063 -115.7900
9.504847 96.105 -116.1495
9.573723 96.149 -116.5185
9.643099 96.192 -116.8971
9.712976 96.234 -117.2849
9.783361 96.276 -117.6812
9.854255 96.317 -118.0851
9.925663 96.356 -118.4955
9.997588 96.394 -118.9113
10.070035 96.429 -119.3307
10.143007 96.464 -119.7520
10.216507 96.496 -120.1728
10.290540 96.526 -120.5916
10.365109 96.555 -121.0069
10.440219 96.582 -121.4174
10.515873 96.607 -121.8220
10.592076 96.631 -122.2195
10.668830 96.655 -122.6091
10.746141 96.677 -122.9909
10.824012 96.699 -123.3649
10.902447 96.721 -123.7317
10.981451 96.743 -124.0920
11.061027 96.764 -124.4467
11.141180 96.786 -124.7968
11.221913 96.808 -125.1436
11.303232 96.830 -125.4884
11.385140 96.852 -125.8327
11.467641 96.874 -126.1774
11.550741 96.896 -126.5233
11.634442 96.918 -126.8712
11.718750 96.939 -127.2216
11.803669 96.960 -127.5747
11.889203 96.980 -127.9303
11.975357 96.999 -128.2881
12.062136 97.017 -128.6475
12.149543 97.034 -129.0077
12.237583 97.050 -129.3683
12.326262 97.064 -129.7283
12.415583 97.078 -130.0870
12.505552 97.091 -130.4440
12.596172 97.103 -130.7989
12.687449 97.114 -131.1516
12.779387 97.125 -131.5022
12.871992 97.135 -131.8511
12.965268 97.145 -132.1989
13.059220 97.155 -132.5463
13.153852 97.165 -132.8944
13.249170 97.175 -133.2440
13.345179 97.185 -133.5961
13.441884 97.194 -133.9512
13.539289 97.203 -134.3102
13.637401 97.212 -134.6732
13.736223 97.220 -135.0404
13.835761 97.227 -135.4114
13.936021 97.233 -135.7856
14.037007 97.239 -136.1624
14.138725 97.243 -136.5408
14.241180 97.247 -136.9198
14.344377 97.249 -137.2983
14.448323 97.251 -137.6757
14.553021 97.253 -138.0513
14.658478 97.254 -138.4246
14.764700 97.255 -138.7955
14.871691 97.256 -139.1646
14.979457 97.257 -139.5324
15.088005 97.259 -139.8998
15.197339 97.261 -140.2679
15.307465 97.264 -140.6377
15.418389 97.267 -141.0104
15.530117 97.270 -141.3869
15.642655 97.274 -141.7676
15.756008 97.278 -142.1529
15.870182 97.281 -142.5425
15.985184 97.285 -142.9358
16.101019 97.287 -143.3319
16.217694 97.290 -143.7295
16.335214 97.291 -144.1273
16.453586 97.292 -144.5237
16.572815 97.293 -144.9177
16.692909 97.293 -145.3080
16.813872 97.293 -145.6942
16.935713 97.293 -146.0758
17.058436 97.294 -146.4532
17.182048 97.295 -146.8269
17.306556 97.296 -147.1977
17.431967 97.298 -147.5667
17.558286 97.301 -147.9350
17.685521 97.305 -148.3035
17.813677 97.308 -148.6729
17.942762 97.312 -149.0435
18.072783 97.315 -149.4155
18.203746 97.319 -149.7883
18.335658 97.321 -150.1613
18.468526 97.324 -150.5337
18.602356 97.325 -150.9045
18.737156 97.326 -151.2728
18.872934 97.327 -151.6378
19.009695 97.326 -151.9992
19.147447 97.326 -152.3566
19.286197 97.325 -152.7103
19.425953 97.323 -153.0604
19.566721 97.322 -153.4073
19.708510 97.320 -153.7515
19.851326 97.317 -154.0933
19.995177 97.314 -154.4328
20.140070 97.310 -154.7699
20.286013 97.306 -155.1042
20.433014 97.301 -155.4355
20.581080 97.295 -155.7630
20.730219 97.288 -156.0864
20.880439 97.281 -156.4054
21.031747 97.274 -156.7198
21.184152 97.266 -157.0298
21.337661 97.259 -157.3359
21.492282 97.251 -157.6388
21.648024 97.243 -157.9392
21.804895 97.236 -158.2382
21.962902 97.229 -158.5365
22.122054 97.222 -158.8351
22.282360 97.216 -159.1349
22.443827 97.209 -159.4365
22.606464 97.203 -159.7406
22.770280 97.198 -160.0480
22.935283 97.192 -160.3594
23.101481 97.187 -160.6755
23.268884 97.182 -160.9968
23.437500 97.177 -161.3236
23.607338 97.172 -161.6561
23.778406 97.166 -161.9939
23.950714 97.160 -162.3362
24.124271 97.154 -162.6819
24.299086 97.146 -163.0297
24.475167 97.138 -163.3779
24.652524 97.130 -163.7252
24.831166 97.121 -164.0703
25.011103 97.111 -164.4123
25.192344 97.102 -164.7506
25.374898 97.092 -165.0850
25.558775 97.082 -165.4152
25.743984 97.073 -165.7411
25.930536 97.063 -166.0621
26.118439 97.053 -166.3776
26.307704 97.043 -166.6863
26.498341 97.033 -166.9872
26.690359 97.023 -167.2793
26.883768 97.014 -167.5618
27.078579 97.005 -167.8347
27.274801 96.998 -168.0990
27.472446 96.992 -168.3563
27.671522 96.987 -168.6093
27.872042 96.984 -168.8606
28.074014 96.983 -169.1136
28.277450 96.983 -169.3712
28.482360 96.984 -169.6357
28.688755 96.985 -169.9090
28.896645 96.987 -170.1918
29.106042 96.988 -170.4844
29.316957 96.988 -170.7859
29.529400 96.987 -171.0951
29.743382 96.985 -171.4103
29.958915 96.981 -171.7295
30.176009 96.976 -172.0508
30.394677 96.969 -172.3722
30.614929 96.961 -172.6925
30.836778 96.952 -173.0109
31.060234 96.942 -173.3270
31.285309 96.932 -173.6411
31.512015 96.921 -173.9538
31.740364 96.910 -174.2658
31.970368 96.899 -174.5776
32.202039 96.887 -174.8896
32.435388 96.876 -175.2018
32.670428 96.864 -175.5140
32.907171 96.852 -175.8262
33.145630 96.840 -176.1380
33.385817 96.827 -176.4496
33.627745 96.815 -176.7612
33.871425 96.803 -177.0726
34.116871 96.790 -177.3839
34.364096 96.778 -177.6945
34.613113 96.765 -178.0038
34.863934 96.752 -178.3111
35.116572 96.738 -178.6158
35.371041 96.725 -178.9177
35.627354 96.711 -179.2167
35.885525 96.697 -179.5131
36.145566 96.683 -179.8073
36.407492 96.669 179.9006
36.671316 96.654 179.6105
36.937051 96.639 179.3226
37.204712 96.624 179.0370
37.474313 96.609 178.7542
37.745867 96.593 178.4738
38.019389 96.577 178.1957
38.294893 96.561 177.9194
38.572394 96.545 177.6444
38.851905 96.528 177.3702
39.133442 96.512 177.0967
39.417019 96.495 176.8239
39.702651 96.478 176.5518
39.990353 96.460 176.2809
40.280140 96.443 176.0115
40.572026 96.425 175.7437
40.866028 96.408 175.4775
41.162160 96.390 175.2126
41.460438 96.373 174.9487
41.760877 96.355 174.6856
42.063494 96.338 174.4230
42.368303 96.320 174.1612
42.675322 96.303 173.9005
42.984565 96.285 173.6414
43.296048 96.267 173.3842
43.609789 96.249 173.1292
43.925804 96.231 172.8763
44.244108 96.213 172.6252
44.564719 96.195 172.3758
44.887654 96.176 172.1277
45.212928 96.157 171.8810
45.540560 96.138 171.6359
45.870565 96.119 171.3926
46.202962 96.099 171.1511
46.537768 96.079 170.9117
46.875000 96.059 170.6741
47.214676 96.038 170.4381
47.556813 96.018 170.2033
47.901429 95.997 169.9696
48.248542 95.976 169.7371
48.598171 95.955 169.5061
48.950334 95.933 169.2770
49.305048 95.912 169.0500
49.662333 95.891 168.8248
50.022206 95.870 168.6008
50.384688 95.849 168.3778
50.749796 95.828 168.1553
51.117550 95.807 167.9335
51.487969 95.785 167.7126
51.861072 95.764 167.4934
52.236879 95.742 167.2766
52.615409 95.720 167.0627
52.996681 95.697 166.8527
53.380717 95.674 166.6466
53.767536 95.652 166.4444
54.157158 95.630 166.2455
54.549603 95.608 166.0487
54.944892 95.586 165.8529
55.343045 95.565 165.6568
55.744084 95.544 165.4592
56.148028 95.524 165.2590
56.554900 95.504 165.0554
56.964720 95.483 164.8483
57.377510 95.463 164.6376
57.793291 95.442 164.4243
58.212085 95.421 164.2090
58.633914 95.400 163.9927
59.058799 95.378 163.7760
59.486764 95.355 163.5597
59.917829 95.332 163.3444
60.352019 95.308 163.1308
60.789354 95.283 162.9199
61.229859 95.258 162.7125
61.673556 95.232 162.5093
62.120468 95.206 162.3108
62.570618 95.179 162.1168
63.024031 95.153 161.9271
63.480729 95.126 161.7410
63.940736 95.099 161.5577
64.404077 95.072 161.3768
64.870776 95.045 161.1985
65.340856 95.018 161.0231
65.814343 94.991 160.8507
66.291261 94.964 160.6808
66.771635 94.938 160.5119
67.255489 94.912 160.3425
67.742850 94.887 160.1715
68.233743 94.861 159.9986
68.728193 94.835 159.8244
69.226226 94.809 159.6502
69.727867 94.782 159.4775
70.233144 94.754 159.3074
70.742083 94.726 159.1405
71.254709 94.699 158.9763
71.771050 94.671 158.8141
72.291132 94.643 158.6540
72.814984 94.615 158.4958
73.342631 94.587 158.3400
73.874102 94.559 158.1865
74.409424 94.531 158.0358
74.948626 94.503 157.8883
75.491734 94.475 157.7440
76.038779 94.449 157.6013
76.589787 94.422 157.4573
77.144788 94.397 157.3094
77.703811 94.371 157.1571
78.266885 94.345 157.0018
78.834039 94.319 156.8450
79.405303 94.293 156.6865
79.980706 94.266 156.5243
80.560280 94.240 156.3562
81.144053 94.214 156.1811
81.732056 94.186 155.9996
82.324320 94.157 155.8141
82.920876 94.126 155.6279
83.521755 94.094 155.4450
84.126988 94.059 155.2688
84.736607 94.024 155.1021
85.350643 93.987 154.9466
85.969129 93.950 154.8029
86.592097 93.913 154.6703
87.219579 93.875 154.5473
87.851608 93.838 154.4308
88.488217 93.800 154.3174
89.129439 93.763 154.2044
89.775308 93.726 154.0914
90.425856 93.688 153.9801
91.081119 93.649 153.8724
91.741131 93.611 153.7686
92.405925 93.573 153.6681
93.075536 93.536 153.5702
93.750000 93.499 153.4744
94.429351 93.463 153.3802
95.113625 93.427 153.2872
95.802858 93.392 153.1957
96.497085 93.355 153.1063
97.196342 93.319 153.0204
97.900667 93.282 152.9385
98.610096 93.245 152.8600
99.324665 93.208 152.7845
100.044413 93.171 152.7120
100.769376 93.133 152.6432
101.499592 93.096 152.5786
102.235100 93.060 152.5177
102.975938 93.023 152.4596
103.722144 92.988 152.4030
104.473757 92.953 152.3471
105.230817 92.917 152.2911
105.993363 92.882 152.2341
106.761435 92.846 152.1749
107.535072 92.810 152.1119
108.314315 92.773 152.0436
109.099206 92.736 151.9697
109.889783 92.698 151.8911
110.686090 92.659 151.8097
111.488167 92.619 151.7288
112.296056 92.577 151.6522
113.109800 92.534 151.5849
113.929440 92.488 151.5329
114.755020 92.439 151.5026
115.586582 92.388 151.4997
116.424170 92.334 151.5281
117.267827 92.280 151.5871
118.117598 92.227 151.6703
118.973527 92.177 151.7662
119.835658 92.131 151.8600
120.704037 92.089 151.9409
121.578708 92.049 152.0092
122.459718 92.010 152.0754
123.347111 91.972 152.1508
124.240935 91.936 152.2448
125.141236 91.902 152.3632
126.048061 91.869 152.5079
126.961458 91.840 152.6740
127.881473 91.814 152.8518
128.808154 91.791 153.0291
129.741551 91.773 153.1946
130.681712 91.759 153.3383
131.628686 91.748 153.4531
132.582521 91.740 153.5353
133.543269 91.733 153.5853
134.510979 91.726 153.6071
135.485701 91.719 153.6045
136.467486 91.712 153.5800
137.456386 91.703 153.5351
138.452451 91.692 153.4740
139.455735 91.678 153.4019
140.466288 91.661 153.3223
141.484165 91.642 153.2365
142.509418 91.620 153.1458
143.542100 91.595 153.0522
144.582265 91.567 152.9587
145.629968 91.537 152.8676
146.685262 91.504 152.7809
147.748204 91.470 152.7002
148.818849 91.434 152.6274
149.897251 91.397 152.5646
150.983469 91.358 152.5150
152.077557 91.319 152.4818
153.179574 91.278 152.4683
154.289576 91.237 152.4750
155.407622 91.197 152.4981
156.533770 91.158 152.5302
157.668078 91.122 152.5630
158.810606 91.087 152.5902
159.961413 91.053 152.6090
161.120559 91.020 152.6204
162.288105 90.986 152.6270
163.464112 90.951 152.6318
164.648640 90.915 152.6376
165.841752 90.878 152.6472
167.043510 90.839 152.6641
168.253976 90.799 152.6915
169.473213 90.759 152.7317
170.701286 90.720 152.7847
171.938258 90.681 152.8485
173.184194 90.643 152.9193
174.439158 90.606 152.9927
175.703216 90.571 153.0654
176.976434 90.536 153.1354
178.258878 90.503 153.2025
179.550615 90.469 153.2675
180.851713 90.436 153.3315
182.162239 90.403 153.3950
183.482262 90.370 153.4581
184.811850 90.337 153.5205
186.151073 90.303 153.5825
187.500000 90.268 153.6447
188.858702 90.233 153.7082
190.227250 90.197 153.7742
191.605715 90.160 153.8440
192.994169 90.122 153.9181
194.392685 90.084 153.9970
195.801334 90.046 154.0815
197.220191 90.007 154.1724
198.649330 89.969 154.2711
200.088825 89.930 154.3785
201.538751 89.893 154.4947
202.999184 89.856 154.6180
204.470200 89.821 154.7449
205.951875 89.788 154.8712
207.444287 89.755 154.9935
208.947514 89.722 155.1107
210.461634 89.688 155.2239
211.986726 89.654 155.3364
213.522869 89.618 155.4532
215.070144 89.582 155.5796
216.628631 89.545 155.7197
218.198411 89.509 155.8743
219.779567 89.475 156.0403
221.372180 89.442 156.2111
222.976334 89.412 156.3798
224.592112 89.384 156.5421
226.219600 89.356 156.6962
227.858880 89.329 156.8429
229.510039 89.302 156.9844
231.173164 89.275 157.1230
232.848340 89.247 157.2595
234.535655 89.219 157.3940
236.235197 89.190 157.5256
237.947054 89.161 157.6536
239.671317 89.131 157.7784
241.408074 89.100 157.9010
243.157416 89.068 158.0232
244.919435 89.034 158.1473
246.694223 88.999 158.2766
248.481871 88.963 158.4152
250.282473 88.927 158.5678
252.096123 88.891 158.7380
253.922915 88.856 158.9255
255.762945 88.824 159.1248
257.616309 88.795 159.3264
259.483103 88.768 159.5200
261.363424 88.742 159.6995
263.257372 88.716 159.8656
265.165043 88.688 160.0240
267.086538 88.659 160.1827
269.021957 88.628 160.3481
270.971401 88.596 160.5246
272.934972 88.564 160.7133
274.912771 88.533 160.9127
276.904902 88.503 161.1207
278.911469 88.473 161.3350
280.932577 88.446 161.5533
282.968330 88.421 161.7722
285.018835 88.397 161.9861
287.084199 88.376 162.1876
289.164530 88.355 162.3702
291.259935 88.334 162.5325
293.370525 88.311 162.6801
295.496408 88.285 162.8232
297.637697 88.256 162.9722
299.794503 88.225 163.1333
301.966937 88.192 163.3085
304.155114 88.159 163.4972
306.359147 88.126 163.6973
308.579152 88.093 163.9059
310.815244 88.060 164.1208
313.067539 88.027 164.3414
315.336156 87.994 164.5698
317.621211 87.961 164.8105
319.922826 87.927 165.0687
322.241118 87.894 165.3471
324.576210 87.864 165.6440
326.928223 87.836 165.9547
329.297280 87.811 166.2722
331.683504 87.790 166.5895
334.087019 87.773 166.8998
336.507952 87.758 167.1970
338.946427 87.746 167.4766
341.402572 87.735 167.7365
343.876516 87.724 167.9771
346.368387 87.713 168.2013
348.878315 87.700 168.4121
351.406431 87.686 168.6131
353.952867 87.670 168.8076
356.517756 87.652 168.9991
359.101230 87.633 169.1906
361.703426 87.612 169.3846
364.324478 87.590 169.5829
366.964523 87.566 169.7873
369.623699 87.543 169.9987
372.302145 87.518 170.2179
375.000000 87.494 170.4448
377.717405 87.470 170.6791
380.454501 87.445 170.9202
383.211431 87.422 171.1676
385.988339 87.398 171.4210
388.785369 87.375 171.6800
391.602668 87.352 171.9443
394.440383 87.328 172.2130
397.298660 87.306 172.4850
400.177650 87.284 172.7589
403.077502 87.263 173.0331
405.998368 87.242 173.3064
408.940400 87.221 173.5785
411.903750 87.200 173.8510
414.888575 87.179 174.1274
417.895028 87.157 174.4113
420.923268 87.135 174.7054
423.973452 87.114 175.0112
427.045738 87.095 175.3271
430.140287 87.076 175.6494
433.257261 87.060 175.9724
436.396822 87.045 176.2921
439.559133 87.032 176.6074
442.744360 87.020 176.9184
445.952668 87.008 177.2236
449.184225 86.999 177.5190
452.439199 86.989 177.7985
455.717760 86.980 178.0588
459.020079 86.968 178.3031
462.346327 86.953 178.5418
465.696680 86.936 178.7874
469.071310 86.916 179.0479
472.470394 86.896 179.3251
475.894109 86.875 179.6161
479.342634 86.856 179.9149
482.816148 86.837 -179.7844
486.314833 86.817 -179.4838
489.838871 86.797 -179.1790
493.388445 86.777 -178.8618
496.963741 86.757 -178.5281
500.564945 86.738 -178.1813
504.192245 86.721 -177.8297
507.845830 86.705 -177.4807
511.525890 86.691 -177.1380
515.232618 86.676 -176.8005
518.966206 86.661 -176.4644
522.726849 86.645 -176.1245
526.514743 86.629 -175.7756
530.330086 86.614 -175.4155
534.173076 86.599 -175.0463
538.043915 86.586 -174.6729
541.942803 86.574 -174.2976
545.869944 86.563 -173.9200
549.825542 86.552 -173.5393
553.809805 86.543 -173.1575
557.822939 86.534 -172.7781
561.865154 86.526 -172.4029
565.936660 86.518 -172.0314
570.037671 86.509 -171.6612
574.168399 86.500 -171.2891
578.329060 86.491 -170.9135
582.519870 86.481 -170.5342
586.741049 86.472 -170.1506
590.992817 86.462 -169.7597
595.275394 86.453 -169.3583
599.589005 86.445 -168.9472
603.933874 86.438 -168.5307
608.310228 86.432 -168.1129
612.718295 86.426 -167.6954
617.158304 86.420 -167.2765
621.630488 86.414 -166.8507
626.135079 86.408 -166.4124
630.672311 86.403 -165.9592
635.242423 86.400 -165.4958
639.845651 86.399 -165.0284
644.482237 86.400 -164.5594
649.152421 86.404 -164.0875
653.856447 86.411 -163.6133
658.594560 86.420 -163.1432
663.367008 86.432 -162.6876
668.174039 86.446 -162.2544
673.015903 86.459 -161.8433
677.892854 86.470 -161.4464
682.805145 86.479 -161.0546
687.753032 86.487 -160.6608
692.736774 86.493 -160.2601
697.756631 86.498 -159.8486
702.812863 86.503 -159.4250
707.905735 86.509 -158.9918
713.035511 86.517 -158.5533
718.202461 86.525 -158.1125
723.406852 86.534 -157.6697
728.648956 86.543 -157.2235
733.929047 86.553 -156.7723
739.247399 86.564 -156.3156
744.604290 86.576 -155.8535
750.000000 86.588 -155.3868
755.434809 86.601 -154.9163
760.909001 86.616 -154.4421
766.422861 86.631 -153.9648
771.976677 86.648 -153.4846
777.570739 86.667 -153.0020
783.205337 86.686 -152.5175
788.880766 86.707 -152.0295
794.597321 86.729 -151.5346
800.355301 86.753 -151.0302
806.155005 86.780 -150.5179
811.996736 86.810 -150.0049
817.880799 86.845 -149.5007
823.807501 86.882 -149.0156
829.777150 86.922 -148.5576
835.790057 86.962 -148.1286
841.846536 87.000 -147.7219
847.946903 87.037 -147.3265
854.091476 87.071 -146.9341
860.280575 87.105 -146.5405
866.514523 87.138 -146.1423
872.793644 87.170 -145.7361
879.118267 87.204 -145.3221
885.488720 87.238 -144.9044
891.905336 87.274 -144.4869
898.368450 87.310 -144.0701
904.878398 87.347 -143.6520
911.435520 87.385 -143.2316
918.040157 87.424 -142.8106
924.692655 87.465 -142.3918
931.393359 87.508 -141.9788
938.142619 87.552 -141.5750
944.940787 87.597 -141.1823
951.788218 87.643 -140.7997
958.685268 87.688 -140.4246
965.632296 87.734 -140.0540
972.629666 87.779 -139.6855
979.677741 87.825 -139.3181
986.776890 87.871 -138.9522
993.927482 87.917 -138.5861
1001.129891 87.964 -138.2146
1008.384491 88.011 -137.8335
1015.691660 88.061 -137.4440
1023.051781 88.113 -137.0516
1030.465236 88.169 -136.6649
1037.932411 88.228 -136.2954
1045.453698 88.290 -135.9554
1053.029486 88.353 -135.6499
1060.660172 88.414 -135.3750
1068.346153 88.473 -135.1215
1076.087829 88.530 -134.8799
1083.885605 88.584 -134.6434
1091.739887 88.638 -134.4099
1099.651084 88.690 -134.1792
1107.619609 88.741 -133.9512
1115.645878 88.791 -133.7247
1123.730308 88.841 -133.4981
1131.873321 88.889 -133.2698
1140.075341 88.937 -133.0385
1148.336797 88.985 -132.8036
1156.658119 89.032 -132.5646
1165.039741 89.080 -132.3201
1173.482099 89.129 -132.0688
1181.985634 89.179 -131.8114
1190.550789 89.232 -131.5540
1199.178011 89.288 -131.3080
1207.867749 89.345 -131.0850
1216.620457 89.403 -130.8907
1225.436590 89.459 -130.7217
1234.316609 89.513 -130.5694
1243.260976 89.563 -130.4250
1252.270157 89.611 -130.2815
1261.344623 89.657 -130.1348
1270.484846 89.701 -129.9836
1279.691303 89.744 -129.8263
1288.964474 89.786 -129.6611
1298.304842 89.828 -129.4883
1307.712894 89.870 -129.3104
1317.189120 89.912 -129.1310
1326.734016 89.954 -128.9526
1336.348077 89.995 -128.7750
1346.031806 90.035 -128.5953
1355.785708 90.074 -128.4099
1365.610290 90.112 -128.2150
1375.506065 90.150 -128.0060
1385.473549 90.188 -127.7781
1395.513261 90.228 -127.5303
1405.625726 90.271 -127.2677
1415.811469 90.319 -127.0017
1426.071023 90.370 -126.7470
1436.404921 90.423 -126.5128
1446.813703 90.477 -126.3002
1457.297912 90.530 -126.1040
1467.858093 90.581 -125.9186
1478.494798 90.632 -125.7399
1489.208581 90.681 -125.5640
1500.000000 90.729 -125.3873
1510.869618 90.777 -125.2064
1521.818002 90.824 -125.0179
1532.845723 90.872 -124.8197
1543.953355 90.920 -124.6097
1555.141477 90.970 -124.3874
1566.410674 91.023 -124.1566
1577.761531 91.080 -123.9280
1589.194642 91.140 -123.7154
1600.710601 91.202 -123.5281
1612.310010 91.264 -123.3671
1623.993473 91.325 -123.2275
1635.761599 91.384 -123.1022
1647.615002 91.441 -122.9850
1659.554299 91.497 -122.8707
1671.580114 91.551 -122.7556
1683.693072 91.606 -122.6389
1695.893807 91.659 -122.5222
1708.182952 91.713 -122.4078
1720.561150 91.766 -122.2957
1733.029045 91.818 -122.1824
1745.587288 91.869 -122.0625
1758.236533 91.919 -121.9292
1770.977440 91.970 -121.7769
1783.810673 92.023 -121.6064
1796.736900 92.080 -121.4274
1809.756796 92.141 -121.2544
1822.871040 92.204 -121.0987
1836.080315 92.270 -120.9646
1849.385310 92.336 -120.8510
1862.786718 92.401 -120.7541
1876.285239 92.465 -120.6691
1889.881575 92.529 -120.5906
1903.576436 92.592 -120.5127
1917.370535 92.654 -120.4305
1931.264593 92.718 -120.3405
1945.259332 92.784 -120.2440
1959.355483 92.853 -120.1498
1973.553781 92.926 -120.0714
1987.854965 93.001 -120.0200
2002.259781 93.077 -120.0002
2016.768981 93.152 -120.0105
2031.383320 93.226 -120.0463
2046.103561 93.299 -120.1025
2060.930471 93.369 -120.1747
2075.864823 93.438 -120.2612
2090.907395 93.506 -120.3612
2106.058972 93.571 -120.4728
2121.320344 93.635 -120.5908
2136.692305 93.695 -120.7073
2152.175658 93.755 -120.8145
2167.771210 93.814 -120.9100
2183.479774 93.876 -121.0005
2199.302169 93.939 -121.0973
2215.239219 94.003 -121.2096
2231.291755 94.068 -121.3417
2247.460615 94.131 -121.4932
2263.746641 94.193 -121.6603
2280.150683 94.253 -121.8359
2296.673595 94.311 -122.0117
2313.316238 94.369 -122.1805
2330.079481 94.428 -122.3408
2346.964198 94.490 -122.4993
2363.971268 94.554 -122.6686
2381.101578 94.621 -122.8602
2398.356022 94.690 -123.0813
2415.735498 94.759 -123.3354
2433.240913 94.827 -123.6245
2450.873180 94.895 -123.9503
2468.633217 94.961 -124.3151
2486.521951 95.024 -124.7186
2504.540314 95.082 -125.1565
2522.689246 95.135 -125.6182
2540.969692 95.183 -126.0916
2559.382606 95.227 -126.5696
2577.928947 95.267 -127.0526
2596.609683 95.305 -127.5443
2615.425787 95.340 -128.0477
2634.378241 95.370 -128.5624
2653.468031 95.396 -129.0838
2672.696154 95.417 -129.6035
2692.063613 95.434 -130.1111
2711.571415 95.448 -130.5991
2731.220579 95.460 -131.0679
2751.012130 95.472 -131.5247
2770.947098 95.484 -131.9778
2791.026522 95.494 -132.4331
2811.251451 95.503 -132.8936
2831.622938 95.511 -133.3598
2852.142045 95.516 -133.8322
2872.809842 95.519 -134.3096
2893.627406 95.519 -134.7883
2914.595823 95.516 -135.2612
2935.716186 95.511 -135.7229
2956.989596 95.506 -136.1746
2978.417161 95.499 -136.6229
3000.000000 95.491 -137.0751
3021.739237 95.481 -137.5352
3043.636005 95.468 -138.0010
3065.691446 95.450 -138.4639
3087.906710 95.428 -138.9118
3110.282955 95.404 -139.3362
3132.821347 95.378 -139.7368
3155.523062 95.353 -140.1188
3178.389283 95.327 -140.4896
3201.421202 95.300 -140.8550
3224.620020 95.273 -141.2191
3247.986946 95.243 -141.5837
3271.523198 95.211 -141.9466
3295.230004 95.175 -142.2993
3319.108599 95.136 -142.6308
3343.160228 95.094 -142.9342
3367.386145 95.051 -143.2092
3391.787613 95.008 -143.4592
3416.365904 94.963 -143.6870
3441.122300 94.917 -143.8909
3466.058091 94.870 -144.0629
3491.174576 94.823 -144.1946
3516.473066 94.777 -144.2834
3541.954880 94.735 -144.3350
3567.621345 94.698 -144.3590
3593.473800 94.666 -144.3673
3619.513592 94.638 -144.3720
3645.742080 94.615 -144.3833
3672.160630 94.595 -144.4060
3698.770620 94.576 -144.4385
3725.573436 94.559 -144.4783
3752.570477 94.544 -144.5266
3779.763150 94.530 -144.5874
3807.152872 94.516 -144.6635
3834.741071 94.501 -144.7504
3862.529185 94.484 -144.8371
3890.518664 94.466 -144.9121
3918.710966 94.448 -144.9700
3947.107561 94.432 -145.0118
3975.709929 94.419 -145.0440
4004.519563 94.409 -145.0759
4033.537962 94.401 -145.1169
4062.766641 94.394 -145.1716
4092.207123 94.389 -145.2380
4121.860942 94.384 -145.3126
4151.729646 94.379 -145.3948
4181.814790 94.375 -145.4869
4212.117944 94.371 -145.5893
4242.640687 94.366 -145.6964
4273.384610 94.360 -145.7994
4304.351317 94.355 -145.8931
4335.542421 94.351 -145.9789
4366.959549 94.351 -146.0651
4398.604338 94.355 -146.1638
4430.478438 94.361 -146.2877
4462.583511 94.368 -146.4431
4494.921231 94.374 -146.6288
4527.493283 94.380 -146.8428
4560.301365 94.385 -147.0840
4593.347189 94.386 -147.3510
4626.632476 94.384 -147.6370
4660.158962 94.378 -147.9304
4693.928395 94.368 -148.2205
4727.942535 94.357 -148.5020
4762.203156 94.344 -148.7767
4796.712043 94.333 -149.0532
4831.470996 94.320 -149.3409
4866.481826 94.307 -149.6451
4901.746360 94.292 -149.9668
4937.266434 94.275 -150.3068
4973.043902 94.254 -150.6662
5009.080628 94.229 -151.0416
5045.378492 94.198 -151.4230
5081.939384 94.160 -151.7971
5118.765212 94.118 -152.1534
5155.857894 94.072 -152.4871
5193.219366 94.024 -152.8010
5230.851574 93.974 -153.1008
5268.756481 93.920 -153.3895
5306.936062 93.864 -153.6679
5345.392309 93.805 -153.9366
5384.127225 93.741 -154.1949
5423.142830 93.672 -154.4354
5462.441159 93.597 -154.6442
5502.024259 93.516 -154.8048
5541.894195 93.432 -154.9047
5582.053045 93.346 -154.9390
5622.502902 93.262 -154.9105
5663.245876 93.179 -154.8245
5704.284090 93.101 -154.6888
5745.619684 93.027 -154.5150
5787.254813 92.957 -154.3144
5829.191647 92.890 -154.0927
5871.432373 92.826 -153.8487
5913.979192 92.765 -153.5776
5956.834323 92.707 -153.2761
6000.000000 92.652 -152.9452
6043.478473 92.603 -152.5881
6087.272010 92.558 -152.2085
6131.382892 92.519 -151.8118
6175.813420 92.485 -151.4042
6220.565910 92.454 -150.9878
6265.642695 92.428 -150.5585
6311.046124 92.405 -150.1082
6356.778566 92.386 -149.6304
6402.842404 92.374 -149.1226
6449.240040 92.368 -148.5867
6495.973891 92.371 -148.0280
6543.046396 92.383 -147.4555
6590.460007 92.405 -146.8790
6638.217197 92.437 -146.3041
6686.320456 92.477 -145.7314
6734.772290 92.527 -145.1594
6783.575226 92.589 -144.5888
6832.731809 92.662 -144.0236
6882.244600 92.749 -143.4719
6932.116181 92.850 -142.9470
6982.349153 92.967 -142.4639
7032.946133 93.099 -142.0357
7083.909760 93.245 -141.6715
7135.242690 93.407 -141.3800
7186.947600 93.585 -141.1729
7239.027185 93.781 -141.0662
7291.484160 93.994 -141.0833
7344.321260 94.224 -141.2545
7397.541239 94.471 -141.6131
7451.146872 94.731 -142.1907
7505.140954 95.002 -143.0156
7559.526299 95.280 -144.1157
7614.305743 95.561 -145.5186
7669.482141 95.838 -147.2519
7725.058371 96.106 -149.3425
7781.037328 96.356 -151.8107
7837.421932 96.577 -154.6614
7894.215122 96.758 -157.8774
7951.419859 96.889 -161.4191
8009.039125 96.962 -165.2251
8067.075924 96.971 -169.2172
8125.533282 96.912 -173.3077
8184.414245 96.784 -177.4056
8243.721885 96.587 178.5808
8303.459292 96.324 174.7393
8363.629581 96.001 171.1473
8424.235888 95.626 167.8674
8485.281374 95.207 164.9420
8546.769221 94.754 162.3897
8608.702634 94.276 160.2080
8671.084842 93.782 158.3826
8733.919097 93.277 156.8955
8797.208675 92.766 155.7299
8860.956876 92.254 154.8713
8925.167022 91.745 154.3032
8989.842461 91.245 154.0034
9054.986566 90.755 153.9459
9120.602731 90.279 154.1053
9186.694378 89.818 154.4608
9253.264952 89.373 154.9981
9320.317925 88.947 155.7051
9387.856790 88.539 156.5659
9455.885071 88.153 157.5607
9524.406312 87.789 158.6686
9593.424086 87.446 159.8741
9662.941992 87.125 161.1696
9732.963653 86.825 162.5500
9803.492719 86.548 164.0065
9874.532869 86.294 165.5244
9946.087805 86.064 167.0881
10018.161257 85.856 168.6876
10090.756983 85.670 170.3204
10163.878768 85.508 171.9852
10237.530423 85.369 173.6750
10311.715789 85.254 175.3770
10386.438732 85.164 177.0779
10461.703149 85.099 178.7702
10537.512962 85.059 -179.5508
10613.872125 85.046 -177.8951
10690.784618 85.060 -176.2819
10768.254450 85.103 -174.7352
10846.285661 85.174 -173.2756
10924.882318 85.272 -171.9172
11004.048518 85.396 -170.6742
11083.788390 85.548 -169.5671
11164.106090 85.726 -168.6238
11245.005805 85.928 -167.8741
11326.491752 86.153 -167.3456
11408.568180 86.399 -167.0675
11491.239368 86.662 -167.0743
11574.509626 86.937 -167.4037
11658.383294 87.215 -168.0884
11742.864745 87.490 -169.1493
11827.958384 87.749 -170.5950
11913.668646 87.983 -172.4222
12000.000000 88.180 -174.6129
12086.956947 88.329 -177.1277
12174.544019 88.418 -179.9045
12262.765784 88.441 177.1367
12351.626840 88.392 174.0848
12441.131819 88.271 171.0333
12531.285389 88.077 168.0781
12622.092249 87.815 165.3135
12713.557132 87.493 162.8224
12805.684808 87.121 160.6697
12898.480079 86.712 158.8987
12991.947783 86.278 157.5312
13086.092792 85.834 156.5656
13180.920015 85.392 155.9743
13276.434395 84.963 155.7126
13372.640911 84.552 155.7336
13469.544580 84.164 156.0011
13567.150452 83.801 156.4881
13665.463617 83.467 157.1716
13764.489200 83.165 158.0301
13864.232362 82.898 159.0425
13964.698305 82.671 160.1838
14065.892266 82.489 161.4205
14167.819519 82.356 162.7113
14270.485380 82.278 164.0111
14373.895200 82.259 165.2673
14478.054370 82.304 166.4135
14582.968320 82.414 167.3710
14688.642520 82.592 168.0521
14795.082478 82.835 168.3595
14902.293745 83.136 168.1869
15010.281908 83.486 167.4277
15119.052599 83.867 165.9872
15228.611486 84.256 163.7911
15338.964283 84.627 160.7974
15450.116741 84.948 157.0101
15562.074656 85.186 152.4907
15674.843864 85.313 147.3611
15788.430244 85.302 141.8011
15902.839718 85.137 136.0362
16018.078250 84.812 130.3163
16134.151848 84.331 124.8871
16251.066563 83.709 119.9647
16368.828491 82.967 115.7186
16487.443769 82.133 112.2653
16606.918584 81.235 109.6650
16727.259161 80.303 107.9277
16848.471777 79.367 107.0224
16970.562748 78.450 106.8851
17093.538442 77.576 107.4277
17217.405268 76.764 108.5494
17342.169684 76.026 110.1437
17467.838194 75.375 112.1017
17594.417350 74.819 114.3170
17721.913751 74.364 116.6857
17850.334044 74.016 119.0986
17979.684923 73.783 121.4308
18109.973131 73.668 123.5334
18241.205462 73.676 125.2266
18373.388756 73.801 126.3037
18506.529905 74.029 126.5508
18640.635849 74.331 125.7709
18775.713581 74.664 123.8124
18911.770141 74.976 120.5991
19048.812624 75.204 116.1543
19186.848172 75.290 110.6225
19325.883983 75.186 104.2866
19465.927305 74.869 97.5627
19606.985439 74.361 90.9691
19749.065738 73.739 85.0942
19892.175609 73.149 80.5879
20036.322514 72.782 78.1074
