* Measurement data measured by REW V5.31.3
* Source: EXCL: Microphone (USB Sound Device        ), MICROPHONE (Master Volume), R, volume: 0.390
* Format: 256k Log Swept Sine, 1 sweep at -1.0 dBFS with no timing reference
* Dated: May 18, 2025 1:24:28 PM
* REW Settings:
*  C-weighting compensation: Off
*  Target level: 75.0 dB
* Note: KZ Krio ANC Off L
* Measurement: L KZ Krio ANC OFF
* Smoothing: 1/12 octave
* Frequency Step: 96 ppo
* Start Frequency: 0.36621094 Hz
*
* Freq(Hz) SPL(dB) Phase(degrees)
0.366211 94.565 157.0894
0.368865 94.559 157.0656
0.371538 94.551 157.0299
0.374230 94.540 156.9850
0.376942 94.528 156.9332
0.379673 94.516 156.8763
0.382424 94.502 156.8154
0.385196 94.489 156.7512
0.387987 94.475 156.6840
0.390798 94.461 156.6141
0.393630 94.446 156.5415
0.396483 94.432 156.4664
0.399356 94.418 156.3886
0.402250 94.403 156.3083
0.405165 94.388 156.2253
0.408101 94.374 156.1397
0.411058 94.359 156.0515
0.414037 94.344 155.9605
0.417037 94.329 155.8669
0.420059 94.313 155.7705
0.423103 94.298 155.6713
0.426169 94.283 155.5694
0.429257 94.267 155.4646
0.432368 94.251 155.3570
0.435501 94.236 155.2466
0.438656 94.220 155.1332
0.441835 94.204 155.0170
0.445037 94.188 154.8978
0.448262 94.171 154.7757
0.451510 94.155 154.6505
0.454782 94.138 154.5224
0.458077 94.122 154.3913
0.461397 94.105 154.2572
0.464740 94.088 154.1200
0.468108 94.071 153.9797
0.471500 94.054 153.8363
0.474917 94.037 153.6899
0.478358 94.020 153.5403
0.481825 94.002 153.3876
0.485316 93.985 153.2317
0.488833 93.967 153.0727
0.492375 93.949 152.9105
0.495943 93.931 152.7451
0.499537 93.913 152.5766
0.503157 93.895 152.4049
0.506803 93.877 152.2300
0.510475 93.858 152.0519
0.514175 93.839 151.8706
0.517900 93.821 151.6861
0.521653 93.802 151.4984
0.525434 93.783 151.3075
0.529241 93.764 151.1135
0.533076 93.744 150.9163
0.536939 93.725 150.7160
0.540830 93.705 150.5125
0.544749 93.685 150.3059
0.548696 93.666 150.0962
0.552673 93.646 149.8834
0.556677 93.625 149.6676
0.560711 93.605 149.4488
0.564774 93.585 149.2271
0.568867 93.564 149.0023
0.572989 93.543 148.7747
0.577141 93.522 148.5442
0.581324 93.501 148.3110
0.585536 93.480 148.0749
0.589779 93.459 147.8362
0.594053 93.437 147.5949
0.598358 93.416 147.3510
0.602694 93.394 147.1047
0.607061 93.372 146.8559
0.611460 93.350 146.6049
0.615891 93.327 146.3516
0.620354 93.305 146.0961
0.624849 93.282 145.8387
0.629377 93.259 145.5793
0.633938 93.236 145.3182
0.638532 93.213 145.0553
0.643159 93.190 144.7910
0.647819 93.167 144.5252
0.652514 93.143 144.2581
0.657242 93.119 143.9900
0.662005 93.095 143.7209
0.666802 93.071 143.4511
0.671634 93.047 143.1806
0.676501 93.022 142.9098
0.681403 92.997 142.6388
0.686341 92.973 142.3678
0.691314 92.947 142.0970
0.696324 92.922 141.8266
0.701370 92.896 141.5569
0.706452 92.870 141.2879
0.711571 92.844 141.0197
0.716728 92.817 140.7523
0.721921 92.788 140.4856
0.727153 92.759 140.2189
0.732422 92.727 139.9516
0.737729 92.693 139.6825
0.743075 92.658 139.4108
0.748460 92.620 139.1353
0.753883 92.582 138.8554
0.759346 92.542 138.5706
0.764849 92.502 138.2805
0.770391 92.461 137.9849
0.775974 92.419 137.6837
0.781597 92.377 137.3766
0.787261 92.334 137.0637
0.792966 92.291 136.7449
0.798712 92.247 136.4200
0.804500 92.203 136.0891
0.810329 92.158 135.7522
0.816201 92.112 135.4090
0.822116 92.066 135.0598
0.828073 92.019 134.7043
0.834074 91.971 134.3426
0.840118 91.923 133.9746
0.846206 91.874 133.6004
0.852338 91.824 133.2199
0.858514 91.773 132.8332
0.864735 91.721 132.4403
0.871001 91.669 132.0412
0.877313 91.616 131.6358
0.883670 91.561 131.2244
0.890074 91.506 130.8070
0.896524 91.449 130.3835
0.903020 91.392 129.9542
0.909564 91.333 129.5191
0.916155 91.274 129.0783
0.922794 91.213 128.6320
0.929481 91.151 128.1804
0.936216 91.087 127.7237
0.943000 91.023 127.2620
0.949834 90.956 126.7956
0.956717 90.889 126.3247
0.963649 90.820 125.8497
0.970632 90.750 125.3709
0.977666 90.678 124.8886
0.984750 90.604 124.4032
0.991886 90.529 123.9151
0.999074 90.452 123.4248
1.006314 90.373 122.9328
1.013606 90.292 122.4397
1.020951 90.210 121.9459
1.028349 90.125 121.4523
1.035801 90.039 120.9593
1.043307 89.950 120.4678
1.050867 89.859 119.9786
1.058482 89.767 119.4923
1.066152 89.672 119.0097
1.073878 89.575 118.5316
1.081660 89.476 118.0585
1.089498 89.376 117.5906
1.097393 89.274 117.1281
1.105345 89.173 116.6704
1.113355 89.071 116.2171
1.121423 88.971 115.7675
1.129549 88.872 115.3208
1.137734 88.774 114.8766
1.145979 88.677 114.4344
1.154283 88.581 113.9937
1.162647 88.486 113.5542
1.171072 88.391 113.1155
1.179558 88.297 112.6773
1.188106 88.202 112.2392
1.196715 88.106 111.8008
1.205387 88.010 111.3618
1.214122 87.911 110.9218
1.222920 87.811 110.4803
1.231782 87.709 110.0371
1.240708 87.603 109.5916
1.249699 87.494 109.1435
1.258754 87.380 108.6922
1.267876 87.262 108.2373
1.277063 87.139 107.7783
1.286318 87.010 107.3147
1.295639 86.874 106.8459
1.305027 86.732 106.3714
1.314484 86.581 105.8907
1.324009 86.423 105.4031
1.333604 86.255 104.9081
1.343268 86.077 104.4050
1.353002 85.888 103.8934
1.362806 85.688 103.3725
1.372681 85.476 102.8418
1.382628 85.250 102.3008
1.392647 85.011 101.7490
1.402739 84.756 101.1859
1.412904 84.486 100.6113
1.423142 84.198 100.0251
1.433455 83.891 99.4275
1.443843 83.564 98.8193
1.454305 83.213 98.2016
1.464844 82.836 97.5760
1.475459 82.429 96.9444
1.486150 81.988 96.3086
1.496920 81.511 95.6701
1.507767 80.996 95.0295
1.518693 80.443 94.3870
1.529698 79.853 93.7422
1.540783 79.226 93.0946
1.551948 78.566 92.4430
1.563194 77.873 91.7864
1.574521 77.151 91.1232
1.585931 76.402 90.4517
1.597423 75.630 89.7697
1.608999 74.838 89.0748
1.620658 74.029 88.3641
1.632402 73.208 87.6341
1.644232 72.378 86.8807
1.656146 71.543 86.0986
1.668147 70.710 85.2818
1.680235 69.883 84.4223
1.692411 69.067 83.5105
1.704675 68.268 82.5338
1.717028 67.494 81.4762
1.729470 66.751 80.3167
1.742003 66.047 79.0269
1.754626 65.392 77.5684
1.767341 64.793 75.8879
1.780147 64.262 73.9084
1.793047 63.808 71.5155
1.806040 63.442 68.5301
1.819128 63.174 64.6509
1.832310 63.010 59.3246
1.845587 62.956 51.4235
1.858961 63.011 38.4339
1.872432 63.175 15.1797
1.886001 63.441 -20.4506
1.899667 63.801 -51.5381
1.913433 64.248 -69.5045
1.927299 64.773 -79.8082
1.941265 65.364 -86.3902
1.955332 66.013 -91.0245
1.969501 66.710 -94.5332
1.983773 67.444 -97.3339
1.998148 68.207 -99.6572
2.012627 68.989 -101.6396
2.027212 69.781 -103.3670
2.041902 70.573 -104.8956
2.056698 71.358 -106.2637
2.071602 72.127 -107.4985
2.086614 72.871 -108.6199
2.101734 73.583 -109.6430
2.116964 74.256 -110.5799
2.132304 74.884 -111.4415
2.147756 75.462 -112.2389
2.163320 75.987 -112.9840
2.178996 76.459 -113.6914
2.194786 76.879 -114.3783
2.210690 77.252 -115.0631
2.226710 77.584 -115.7626
2.242845 77.880 -116.4885
2.259098 78.144 -117.2467
2.275468 78.378 -118.0386
2.291957 78.587 -118.8618
2.308566 78.770 -119.7119
2.325295 78.931 -120.5833
2.342145 79.070 -121.4698
2.359117 79.189 -122.3647
2.376212 79.289 -123.2613
2.393431 79.373 -124.1527
2.410775 79.441 -125.0320
2.428244 79.496 -125.8924
2.445840 79.538 -126.7271
2.463564 79.571 -127.5297
2.481416 79.595 -128.2947
2.499397 79.612 -129.0175
2.517509 79.623 -129.6959
2.535752 79.629 -130.3307
2.554127 79.629 -130.9270
2.572635 79.622 -131.4936
2.591277 79.606 -132.0417
2.610055 79.580 -132.5818
2.628968 79.542 -133.1215
2.648019 79.491 -133.6649
2.667208 79.427 -134.2133
2.686535 79.349 -134.7652
2.706003 79.258 -135.3172
2.725612 79.153 -135.8642
2.745363 79.036 -136.3997
2.765257 78.906 -136.9159
2.785295 78.763 -137.4034
2.805478 78.608 -137.8515
2.825808 78.441 -138.2483
2.846285 78.262 -138.5805
2.866910 78.070 -138.8345
2.887685 77.863 -138.9966
2.908611 77.640 -139.0541
2.929688 77.398 -138.9963
2.950917 77.132 -138.8145
2.972301 76.839 -138.5007
2.993839 76.519 -138.0459
3.015534 76.171 -137.4384
3.037386 75.799 -136.6637
3.059396 75.406 -135.7037
3.081565 74.999 -134.5371
3.103896 74.586 -133.1394
3.126388 74.175 -131.4842
3.149043 73.775 -129.5436
3.171862 73.397 -127.2906
3.194847 73.052 -124.7012
3.217998 72.753 -121.7576
3.241317 72.512 -118.4513
3.264805 72.338 -114.7863
3.288463 72.241 -110.7811
3.312293 72.224 -106.4727
3.336295 72.289 -101.9213
3.360471 72.431 -97.2156
3.384822 72.643 -92.4695
3.409350 72.916 -87.8088
3.434056 73.238 -83.3533
3.458940 73.601 -79.2020
3.484005 73.992 -75.4233
3.509252 74.401 -72.0548
3.534681 74.820 -69.1076
3.560295 75.240 -66.5726
3.586094 75.653 -64.4280
3.612081 76.057 -62.6443
3.638255 76.449 -61.1885
3.664620 76.830 -60.0258
3.691175 77.202 -59.1216
3.717923 77.570 -58.4422
3.744864 77.935 -57.9561
3.772001 78.297 -57.6345
3.799335 78.656 -57.4512
3.826866 79.010 -57.3831
3.854597 79.357 -57.4102
3.882529 79.694 -57.5156
3.910664 80.018 -57.6859
3.939002 80.328 -57.9107
3.967546 80.620 -58.1836
3.996296 80.893 -58.5017
4.025255 81.147 -58.8654
4.054423 81.380 -59.2770
4.083804 81.594 -59.7379
4.113396 81.789 -60.2461
4.143204 81.966 -60.7962
4.173227 82.127 -61.3796
4.203468 82.273 -61.9861
4.233928 82.404 -62.6047
4.264609 82.523 -63.2250
4.295512 82.630 -63.8379
4.326639 82.726 -64.4369
4.357992 82.812 -65.0188
4.389572 82.887 -65.5845
4.421380 82.950 -66.1377
4.453419 83.002 -66.6830
4.485691 83.042 -67.2232
4.518196 83.070 -67.7573
4.550936 83.087 -68.2810
4.583914 83.093 -68.7872
4.617131 83.090 -69.2672
4.650589 83.079 -69.7113
4.684289 83.060 -70.1100
4.718233 83.035 -70.4554
4.752424 83.002 -70.7421
4.786862 82.961 -70.9675
4.821549 82.914 -71.1317
4.856488 82.858 -71.2354
4.891680 82.797 -71.2795
4.927127 82.730 -71.2640
4.962831 82.660 -71.1882
4.998794 82.590 -71.0503
5.035017 82.520 -70.8480
5.071503 82.454 -70.5779
5.108253 82.393 -70.2364
5.145270 82.336 -69.8198
5.182555 82.285 -69.3265
5.220110 82.239 -68.7583
5.257937 82.199 -68.1216
5.296038 82.166 -67.4269
5.334415 82.141 -66.6879
5.373071 82.126 -65.9195
5.412006 82.123 -65.1366
5.451224 82.132 -64.3515
5.490725 82.155 -63.5735
5.530514 82.192 -62.8083
5.570590 82.244 -62.0610
5.610957 82.310 -61.3385
5.651616 82.387 -60.6505
5.692570 82.473 -60.0088
5.733821 82.568 -59.4256
5.775370 82.668 -58.9124
5.817221 82.772 -58.4779
5.859375 82.880 -58.1274
5.901834 82.991 -57.8620
5.944602 83.105 -57.6802
5.987679 83.220 -57.5783
6.031068 83.336 -57.5523
6.074771 83.451 -57.5984
6.118792 83.562 -57.7135
6.163131 83.668 -57.8955
6.207792 83.768 -58.1430
6.252776 83.861 -58.4551
6.298086 83.947 -58.8294
6.343725 84.025 -59.2610
6.389694 84.096 -59.7424
6.435996 84.159 -60.2642
6.482634 84.214 -60.8171
6.529610 84.261 -61.3930
6.576926 84.299 -61.9866
6.624585 84.329 -62.5952
6.672590 84.349 -63.2172
6.720942 84.361 -63.8496
6.769645 84.365 -64.4872
6.818700 84.362 -65.1226
6.868111 84.352 -65.7479
6.917881 84.337 -66.3556
6.968010 84.316 -66.9407
7.018504 84.290 -67.5005
7.069362 84.260 -68.0337
7.120590 84.226 -68.5396
7.172189 84.191 -69.0165
7.224161 84.155 -69.4623
7.276511 84.119 -69.8742
7.329239 84.086 -70.2501
7.382350 84.055 -70.5893
7.435845 84.028 -70.8935
7.489729 84.005 -71.1666
7.544002 83.987 -71.4148
7.598669 83.977 -71.6443
7.653732 83.974 -71.8610
7.709194 83.979 -72.0695
7.765058 83.994 -72.2739
7.821327 84.017 -72.4794
7.878004 84.049 -72.6926
7.935091 84.089 -72.9218
7.992592 84.138 -73.1749
8.050510 84.194 -73.4584
8.108847 84.257 -73.7761
8.167607 84.327 -74.1302
8.226793 84.403 -74.5220
8.286408 84.483 -74.9525
8.346454 84.567 -75.4228
8.406936 84.653 -75.9335
8.467856 84.740 -76.4842
8.529218 84.829 -77.0724
8.591024 84.917 -77.6942
8.653278 85.005 -78.3443
8.715983 85.092 -79.0175
8.779143 85.177 -79.7092
8.842760 85.260 -80.4152
8.906839 85.341 -81.1312
8.971381 85.419 -81.8517
9.036392 85.495 -82.5704
9.101873 85.569 -83.2811
9.167829 85.641 -83.9788
9.234263 85.711 -84.6595
9.301178 85.780 -85.3203
9.368578 85.848 -85.9578
9.436467 85.915 -86.5690
9.504847 85.983 -87.1511
9.573723 86.051 -87.7025
9.643099 86.121 -88.2226
9.712976 86.192 -88.7121
9.783361 86.266 -89.1719
9.854255 86.342 -89.6036
9.925663 86.421 -90.0085
9.997588 86.503 -90.3888
10.070035 86.588 -90.7469
10.143007 86.676 -91.0862
10.216507 86.767 -91.4099
10.290540 86.861 -91.7207
10.365109 86.958 -92.0211
10.440219 87.057 -92.3131
10.515873 87.158 -92.5988
10.592076 87.260 -92.8801
10.668830 87.363 -93.1583
10.746141 87.467 -93.4342
10.824012 87.571 -93.7081
10.902447 87.674 -93.9799
10.981451 87.778 -94.2496
11.061027 87.880 -94.5170
11.141180 87.981 -94.7815
11.221913 88.081 -95.0426
11.303232 88.179 -95.2998
11.385140 88.276 -95.5527
11.467641 88.371 -95.8009
11.550741 88.465 -96.0445
11.634442 88.557 -96.2833
11.718750 88.647 -96.5177
11.803669 88.735 -96.7478
11.889203 88.821 -96.9739
11.975357 88.906 -97.1964
12.062136 88.988 -97.4159
12.149543 89.068 -97.6325
12.237583 89.146 -97.8464
12.326262 89.221 -98.0576
12.415583 89.294 -98.2660
12.505552 89.364 -98.4714
12.596172 89.432 -98.6735
12.687449 89.497 -98.8718
12.779387 89.559 -99.0659
12.871992 89.619 -99.2555
12.965268 89.677 -99.4405
13.059220 89.733 -99.6211
13.153852 89.787 -99.7976
13.249170 89.840 -99.9710
13.345179 89.891 -100.1424
13.441884 89.941 -100.3137
13.539289 89.991 -100.4869
13.637401 90.039 -100.6643
13.736223 90.087 -100.8482
13.835761 90.135 -101.0413
13.936021 90.181 -101.2458
14.037007 90.226 -101.4637
14.138725 90.270 -101.6962
14.241180 90.313 -101.9441
14.344377 90.353 -102.2075
14.448323 90.391 -102.4856
14.553021 90.426 -102.7768
14.658478 90.458 -103.0788
14.764700 90.487 -103.3888
14.871691 90.514 -103.7038
14.979457 90.538 -104.0203
15.088005 90.560 -104.3354
15.197339 90.580 -104.6464
15.307465 90.600 -104.9516
15.418389 90.619 -105.2499
15.530117 90.640 -105.5414
15.642655 90.662 -105.8276
15.756008 90.686 -106.1110
15.870182 90.713 -106.3950
15.985184 90.744 -106.6838
16.101019 90.778 -106.9822
16.217694 90.816 -107.2946
16.335214 90.858 -107.6252
16.453586 90.902 -107.9772
16.572815 90.948 -108.3528
16.692909 90.995 -108.7525
16.813872 91.043 -109.1753
16.935713 91.091 -109.6189
17.058436 91.138 -110.0794
17.182048 91.184 -110.5519
17.306556 91.228 -111.0307
17.431967 91.271 -111.5098
17.558286 91.312 -111.9834
17.685521 91.352 -112.4461
17.813677 91.391 -112.8937
17.942762 91.431 -113.3229
18.072783 91.471 -113.7322
18.203746 91.514 -114.1212
18.335658 91.558 -114.4914
18.468526 91.605 -114.8452
18.602356 91.655 -115.1860
18.737156 91.709 -115.5177
18.872934 91.764 -115.8444
19.009695 91.823 -116.1698
19.147447 91.883 -116.4967
19.286197 91.944 -116.8273
19.425953 92.005 -117.1624
19.566721 92.066 -117.5019
19.708510 92.125 -117.8445
19.851326 92.183 -118.1880
19.995177 92.239 -118.5297
20.140070 92.292 -118.8668
20.286013 92.343 -119.1964
20.433014 92.391 -119.5159
20.581080 92.437 -119.8236
20.730219 92.481 -120.1187
20.880439 92.524 -120.4013
21.031747 92.566 -120.6726
21.184152 92.607 -120.9347
21.337661 92.647 -121.1904
21.492282 92.687 -121.4426
21.648024 92.725 -121.6946
21.804895 92.763 -121.9489
21.962902 92.800 -122.2074
22.122054 92.835 -122.4709
22.282360 92.868 -122.7391
22.443827 92.899 -123.0109
22.606464 92.928 -123.2841
22.770280 92.955 -123.5565
22.935283 92.980 -123.8261
23.101481 93.004 -124.0915
23.268884 93.027 -124.3529
23.437500 93.051 -124.6119
23.607338 93.077 -124.8717
23.778406 93.104 -125.1370
23.950714 93.133 -125.4131
24.124271 93.164 -125.7052
24.299086 93.196 -126.0176
24.475167 93.228 -126.3528
24.652524 93.260 -126.7106
24.831166 93.290 -127.0884
25.011103 93.318 -127.4811
25.192344 93.344 -127.8818
25.374898 93.367 -128.2831
25.558775 93.389 -128.6774
25.743984 93.409 -129.0593
25.930536 93.429 -129.4253
26.118439 93.451 -129.7751
26.307704 93.475 -130.1112
26.498341 93.501 -130.4382
26.690359 93.531 -130.7622
26.883768 93.564 -131.0890
27.078579 93.598 -131.4232
27.274801 93.634 -131.7669
27.472446 93.669 -132.1199
27.671522 93.703 -132.4793
27.872042 93.735 -132.8403
28.074014 93.765 -133.1974
28.277450 93.793 -133.5455
28.482360 93.820 -133.8809
28.688755 93.845 -134.2020
28.896645 93.871 -134.5096
29.106042 93.896 -134.8064
29.316957 93.922 -135.0963
29.529400 93.948 -135.3835
29.743382 93.974 -135.6717
29.958915 94.000 -135.9628
30.176009 94.024 -136.2573
30.394677 94.047 -136.5542
30.614929 94.069 -136.8514
30.836778 94.089 -137.1470
31.060234 94.107 -137.4394
31.285309 94.126 -137.7287
31.512015 94.144 -138.0164
31.740364 94.163 -138.3052
31.970368 94.183 -138.5987
32.202039 94.203 -138.9002
32.435388 94.224 -139.2121
32.670428 94.244 -139.5349
32.907171 94.263 -139.8673
33.145630 94.281 -140.2063
33.385817 94.298 -140.5474
33.627745 94.313 -140.8862
33.871425 94.329 -141.2189
34.116871 94.344 -141.5432
34.364096 94.360 -141.8593
34.613113 94.378 -142.1693
34.863934 94.397 -142.4770
35.116572 94.418 -142.7872
35.371041 94.441 -143.1039
35.627354 94.463 -143.4296
35.885525 94.485 -143.7641
36.145566 94.505 -144.1044
36.407492 94.523 -144.4456
36.671316 94.538 -144.7815
36.937051 94.552 -145.1069
37.204712 94.564 -145.4184
37.474313 94.575 -145.7157
37.745867 94.587 -146.0017
38.019389 94.599 -146.2814
38.294893 94.613 -146.5602
38.572394 94.626 -146.8426
38.851905 94.640 -147.1309
39.133442 94.653 -147.4251
39.417019 94.665 -147.7237
39.702651 94.676 -148.0250
39.990353 94.687 -148.3278
40.280140 94.698 -148.6327
40.572026 94.710 -148.9409
40.866028 94.721 -149.2540
41.162160 94.732 -149.5724
41.460438 94.744 -149.8957
41.760877 94.755 -150.2220
42.063494 94.765 -150.5488
42.368303 94.776 -150.8743
42.675322 94.786 -151.1971
42.984565 94.797 -151.5168
43.296048 94.808 -151.8337
43.609789 94.819 -152.1481
43.925804 94.831 -152.4600
44.244108 94.842 -152.7695
44.564719 94.853 -153.0765
44.887654 94.864 -153.3810
45.212928 94.875 -153.6829
45.540560 94.885 -153.9821
45.870565 94.894 -154.2781
46.202962 94.903 -154.5704
46.537768 94.911 -154.8586
46.875000 94.918 -155.1431
47.214676 94.925 -155.4249
47.556813 94.933 -155.7057
47.901429 94.941 -155.9874
48.248542 94.948 -156.2722
48.598171 94.956 -156.5614
48.950334 94.964 -156.8559
49.305048 94.972 -157.1560
49.662333 94.979 -157.4607
50.022206 94.985 -157.7689
50.384688 94.992 -158.0790
50.749796 94.997 -158.3894
51.117550 95.003 -158.6990
51.487969 95.008 -159.0070
51.861072 95.012 -159.3131
52.236879 95.017 -159.6174
52.615409 95.021 -159.9198
52.996681 95.025 -160.2198
53.380717 95.029 -160.5172
53.767536 95.032 -160.8116
54.157158 95.035 -161.1030
54.549603 95.038 -161.3920
54.944892 95.041 -161.6797
55.343045 95.044 -161.9678
55.744084 95.046 -162.2576
56.148028 95.049 -162.5496
56.554900 95.050 -162.8432
56.964720 95.052 -163.1369
57.377510 95.052 -163.4288
57.793291 95.053 -163.7176
58.212085 95.053 -164.0034
58.633914 95.054 -164.2871
59.058799 95.055 -164.5701
59.486764 95.056 -164.8531
59.917829 95.057 -165.1367
60.352019 95.058 -165.4210
60.789354 95.058 -165.7061
61.229859 95.059 -165.9927
61.673556 95.059 -166.2811
62.120468 95.058 -166.5712
62.570618 95.057 -166.8623
63.024031 95.055 -167.1532
63.480729 95.052 -167.4433
63.940736 95.050 -167.7323
64.404077 95.047 -168.0205
64.870776 95.044 -168.3088
65.340856 95.042 -168.5980
65.814343 95.040 -168.8888
66.291261 95.038 -169.1812
66.771635 95.036 -169.4745
67.255489 95.034 -169.7677
67.742850 95.031 -170.0597
68.233743 95.029 -170.3499
68.728193 95.026 -170.6380
69.226226 95.023 -170.9242
69.727867 95.021 -171.2093
70.233144 95.018 -171.4937
70.742083 95.014 -171.7782
71.254709 95.011 -172.0628
71.771050 95.007 -172.3476
72.291132 95.003 -172.6323
72.814984 94.999 -172.9169
73.342631 94.995 -173.2015
73.874102 94.991 -173.4864
74.409424 94.987 -173.7720
74.948626 94.983 -174.0588
75.491734 94.978 -174.3473
76.038779 94.974 -174.6374
76.589787 94.968 -174.9284
77.144788 94.962 -175.2194
77.703811 94.956 -175.5098
78.266885 94.949 -175.7992
78.834039 94.941 -176.0878
79.405303 94.933 -176.3759
79.980706 94.925 -176.6640
80.560280 94.917 -176.9529
81.144053 94.908 -177.2428
81.732056 94.900 -177.5336
82.324320 94.891 -177.8255
82.920876 94.883 -178.1181
83.521755 94.874 -178.4113
84.126988 94.865 -178.7045
84.736607 94.857 -178.9969
85.350643 94.848 -179.2880
85.969129 94.838 -179.5777
86.592097 94.829 -179.8665
87.219579 94.820 179.8450
87.851608 94.810 179.5564
88.488217 94.799 179.2678
89.129439 94.788 178.9791
89.775308 94.777 178.6901
90.425856 94.766 178.4002
91.081119 94.754 178.1086
91.741131 94.742 177.8147
92.405925 94.730 177.5183
93.075536 94.717 177.2197
93.750000 94.705 176.9193
94.429351 94.691 176.6174
95.113625 94.678 176.3145
95.802858 94.664 176.0107
96.497085 94.650 175.7065
97.196342 94.636 175.4023
97.900667 94.622 175.0984
98.610096 94.607 174.7947
99.324665 94.593 174.4909
100.044413 94.578 174.1865
100.769376 94.563 173.8809
101.499592 94.548 173.5740
102.235100 94.533 173.2658
102.975938 94.517 172.9568
103.722144 94.500 172.6476
104.473757 94.483 172.3388
105.230817 94.466 172.0304
105.993363 94.448 171.7215
106.761435 94.430 171.4113
107.535072 94.412 171.0995
108.314315 94.393 170.7860
109.099206 94.373 170.4713
109.889783 94.352 170.1559
110.686090 94.331 169.8402
111.488167 94.310 169.5245
112.296056 94.288 169.2085
113.109800 94.265 168.8921
113.929440 94.243 168.5750
114.755020 94.220 168.2571
115.586582 94.196 167.9385
116.424170 94.172 167.6193
117.267827 94.147 167.2994
118.117598 94.121 166.9785
118.973527 94.095 166.6558
119.835658 94.069 166.3305
120.704037 94.042 166.0021
121.578708 94.015 165.6703
122.459718 93.987 165.3358
123.347111 93.958 164.9995
124.240935 93.929 164.6626
125.141236 93.900 164.3257
126.048061 93.869 163.9893
126.961458 93.838 163.6530
127.881473 93.806 163.3163
128.808154 93.773 162.9788
129.741551 93.739 162.6396
130.681712 93.705 162.2983
131.628686 93.669 161.9545
132.582521 93.633 161.6085
133.543269 93.596 161.2609
134.510979 93.558 160.9126
135.485701 93.519 160.5646
136.467486 93.479 160.2173
137.456386 93.437 159.8710
138.452451 93.394 159.5256
139.455735 93.350 159.1804
140.466288 93.305 158.8345
141.484165 93.258 158.4869
142.509418 93.210 158.1370
143.542100 93.161 157.7845
144.582265 93.111 157.4304
145.629968 93.059 157.0753
146.685262 93.006 156.7203
147.748204 92.952 156.3658
148.818849 92.896 156.0120
149.897251 92.839 155.6590
150.983469 92.779 155.3068
152.077557 92.718 154.9554
153.179574 92.655 154.6050
154.289576 92.590 154.2563
155.407622 92.523 153.9099
156.533770 92.453 153.5663
157.668078 92.382 153.2255
158.810606 92.308 152.8873
159.961413 92.231 152.5521
161.120559 92.153 152.2203
162.288105 92.072 151.8936
163.464112 91.988 151.5734
164.648640 91.903 151.2616
165.841752 91.814 150.9595
167.043510 91.722 150.6678
168.253976 91.628 150.3870
169.473213 91.530 150.1168
170.701286 91.430 149.8575
171.938258 91.325 149.6099
173.184194 91.218 149.3753
174.439158 91.107 149.1549
175.703216 90.993 148.9504
176.976434 90.875 148.7640
178.258878 90.755 148.5978
179.550615 90.631 148.4543
180.851713 90.504 148.3364
182.162239 90.374 148.2466
183.482262 90.241 148.1880
184.811850 90.104 148.1635
186.151073 89.964 148.1758
187.500000 89.821 148.2277
188.858702 89.675 148.3213
190.227250 89.528 148.4592
191.605715 89.378 148.6441
192.994169 89.226 148.8792
194.392685 89.073 149.1677
195.801334 88.919 149.5126
197.220191 88.765 149.9168
198.649330 88.612 150.3828
200.088825 88.459 150.9130
201.538751 88.309 151.5093
202.999184 88.161 152.1725
204.470200 88.018 152.9024
205.951875 87.880 153.6974
207.444287 87.748 154.5548
208.947514 87.623 155.4712
210.461634 87.508 156.4426
211.986726 87.401 157.4648
213.522869 87.305 158.5322
215.070144 87.221 159.6382
216.628631 87.148 160.7749
218.198411 87.087 161.9337
219.779567 87.038 163.1057
221.372180 87.002 164.2821
222.976334 86.979 165.4542
224.592112 86.968 166.6131
226.219600 86.969 167.7500
227.858880 86.981 168.8561
229.510039 87.004 169.9237
231.173164 87.037 170.9470
232.848340 87.078 171.9213
234.535655 87.127 172.8427
236.235197 87.182 173.7077
237.947054 87.243 174.5134
239.671317 87.308 175.2581
241.408074 87.376 175.9413
243.157416 87.447 176.5638
244.919435 87.520 177.1271
246.694223 87.593 177.6335
248.481871 87.666 178.0858
250.282473 87.738 178.4873
252.096123 87.810 178.8416
253.922915 87.879 179.1522
255.762945 87.947 179.4225
257.616309 88.012 179.6562
259.483103 88.073 179.8569
261.363424 88.132 -179.9722
263.257372 88.187 -179.8280
265.165043 88.238 -179.7080
267.086538 88.286 -179.6097
269.021957 88.331 -179.5309
270.971401 88.372 -179.4693
272.934972 88.409 -179.4223
274.912771 88.442 -179.3878
276.904902 88.472 -179.3637
278.911469 88.498 -179.3482
280.932577 88.521 -179.3393
282.968330 88.542 -179.3352
285.018835 88.560 -179.3337
287.084199 88.574 -179.3329
289.164530 88.587 -179.3308
291.259935 88.596 -179.3257
293.370525 88.603 -179.3157
295.496408 88.607 -179.2990
297.637697 88.609 -179.2740
299.794503 88.609 -179.2401
301.966937 88.606 -179.1971
304.155114 88.602 -179.1452
306.359147 88.596 -179.0842
308.579152 88.589 -179.0139
310.815244 88.581 -178.9341
313.067539 88.571 -178.8446
315.336156 88.561 -178.7450
317.621211 88.551 -178.6346
319.922826 88.539 -178.5128
322.241118 88.528 -178.3792
324.576210 88.516 -178.2338
326.928223 88.505 -178.0770
329.297280 88.493 -177.9093
331.683504 88.482 -177.7312
334.087019 88.472 -177.5436
336.507952 88.462 -177.3467
338.946427 88.452 -177.1411
341.402572 88.444 -176.9269
343.876516 88.437 -176.7048
346.368387 88.430 -176.4754
348.878315 88.425 -176.2406
351.406431 88.421 -176.0023
353.952867 88.418 -175.7625
356.517756 88.417 -175.5221
359.101230 88.417 -175.2814
361.703426 88.418 -175.0400
364.324478 88.420 -174.7981
366.964523 88.424 -174.5563
369.623699 88.428 -174.3157
372.302145 88.434 -174.0776
375.000000 88.441 -173.8427
377.717405 88.449 -173.6117
380.454501 88.459 -173.3852
383.211431 88.469 -173.1634
385.988339 88.479 -172.9466
388.785369 88.490 -172.7348
391.602668 88.501 -172.5279
394.440383 88.513 -172.3261
397.298660 88.524 -172.1298
400.177650 88.536 -171.9393
403.077502 88.549 -171.7551
405.998368 88.561 -171.5773
408.940400 88.574 -171.4064
411.903750 88.587 -171.2426
414.888575 88.599 -171.0860
417.895028 88.611 -170.9367
420.923268 88.623 -170.7947
423.973452 88.636 -170.6599
427.045738 88.648 -170.5316
430.140287 88.660 -170.4090
433.257261 88.672 -170.2914
436.396822 88.684 -170.1782
439.559133 88.695 -170.0690
442.744360 88.706 -169.9634
445.952668 88.716 -169.8614
449.184225 88.725 -169.7626
452.439199 88.734 -169.6665
455.717760 88.742 -169.5730
459.020079 88.749 -169.4817
462.346327 88.756 -169.3922
465.696680 88.761 -169.3044
469.071310 88.766 -169.2178
472.470394 88.769 -169.1318
475.894109 88.772 -169.0458
479.342634 88.774 -168.9591
482.816148 88.774 -168.8717
486.314833 88.774 -168.7838
489.838871 88.774 -168.6952
493.388445 88.772 -168.6060
496.963741 88.770 -168.5161
500.564945 88.767 -168.4256
504.192245 88.763 -168.3349
507.845830 88.758 -168.2436
511.525890 88.753 -168.1516
515.232618 88.747 -168.0583
518.966206 88.741 -167.9630
522.726849 88.734 -167.8649
526.514743 88.726 -167.7636
530.330086 88.718 -167.6589
534.173076 88.709 -167.5508
538.043915 88.699 -167.4396
541.942803 88.689 -167.3252
545.869944 88.679 -167.2074
549.825542 88.667 -167.0859
553.809805 88.655 -166.9603
557.822939 88.642 -166.8301
561.865154 88.628 -166.6947
565.936660 88.614 -166.5538
570.037671 88.599 -166.4075
574.168399 88.583 -166.2560
578.329060 88.567 -166.0993
582.519870 88.550 -165.9377
586.741049 88.533 -165.7708
590.992817 88.515 -165.5981
595.275394 88.497 -165.4187
599.589005 88.478 -165.2318
603.933874 88.459 -165.0361
608.310228 88.439 -164.8304
612.718295 88.419 -164.6131
617.158304 88.398 -164.3826
621.630488 88.377 -164.1369
626.135079 88.356 -163.8739
630.672311 88.336 -163.5918
635.242423 88.317 -163.2901
639.845651 88.299 -162.9701
644.482237 88.284 -162.6349
649.152421 88.272 -162.2894
653.856447 88.264 -161.9402
658.594560 88.259 -161.5952
663.367008 88.258 -161.2622
668.174039 88.259 -160.9476
673.015903 88.262 -160.6546
677.892854 88.265 -160.3832
682.805145 88.268 -160.1300
687.753032 88.269 -159.8897
692.736774 88.267 -159.6564
697.756631 88.264 -159.4246
702.812863 88.259 -159.1900
707.905735 88.252 -158.9493
713.035511 88.244 -158.7002
718.202461 88.234 -158.4411
723.406852 88.224 -158.1708
728.648956 88.213 -157.8890
733.929047 88.202 -157.5957
739.247399 88.191 -157.2913
744.604290 88.179 -156.9761
750.000000 88.168 -156.6505
755.434809 88.157 -156.3149
760.909001 88.146 -155.9702
766.422861 88.136 -155.6172
771.976677 88.127 -155.2563
777.570739 88.118 -154.8878
783.205337 88.110 -154.5120
788.880766 88.103 -154.1287
794.597321 88.097 -153.7379
800.355301 88.092 -153.3402
806.155005 88.088 -152.9364
811.996736 88.084 -152.5273
817.880799 88.082 -152.1134
823.807501 88.081 -151.6947
829.777150 88.081 -151.2716
835.790057 88.082 -150.8443
841.846536 88.085 -150.4136
847.946903 88.089 -149.9797
854.091476 88.094 -149.5428
860.280575 88.100 -149.1027
866.514523 88.108 -148.6595
872.793644 88.117 -148.2135
879.118267 88.128 -147.7654
885.488720 88.139 -147.3158
891.905336 88.152 -146.8652
898.368450 88.166 -146.4139
904.878398 88.181 -145.9623
911.435520 88.198 -145.5105
918.040157 88.216 -145.0590
924.692655 88.235 -144.6078
931.393359 88.256 -144.1570
938.142619 88.279 -143.7068
944.940787 88.303 -143.2573
951.788218 88.328 -142.8086
958.685268 88.355 -142.3606
965.632296 88.383 -141.9137
972.629666 88.413 -141.4685
979.677741 88.443 -141.0258
986.776890 88.475 -140.5861
993.927482 88.508 -140.1503
1001.129891 88.542 -139.7185
1008.384491 88.577 -139.2914
1015.691660 88.614 -138.8692
1023.051781 88.652 -138.4524
1030.465236 88.690 -138.0415
1037.932411 88.729 -137.6366
1045.453698 88.769 -137.2380
1053.029486 88.810 -136.8459
1060.660172 88.852 -136.4605
1068.346153 88.894 -136.0817
1076.087829 88.937 -135.7092
1083.885605 88.981 -135.3428
1091.739887 89.026 -134.9824
1099.651084 89.071 -134.6278
1107.619609 89.116 -134.2790
1115.645878 89.163 -133.9360
1123.730308 89.209 -133.5992
1131.873321 89.257 -133.2684
1140.075341 89.304 -132.9436
1148.336797 89.352 -132.6243
1156.658119 89.401 -132.3102
1165.039741 89.450 -132.0009
1173.482099 89.499 -131.6958
1181.985634 89.549 -131.3949
1190.550789 89.598 -131.0978
1199.178011 89.648 -130.8044
1207.867749 89.698 -130.5143
1216.620457 89.748 -130.2272
1225.436590 89.799 -129.9431
1234.316609 89.850 -129.6617
1243.260976 89.901 -129.3832
1252.270157 89.952 -129.1081
1261.344623 90.003 -128.8370
1270.484846 90.055 -128.5703
1279.691303 90.107 -128.3088
1288.964474 90.159 -128.0524
1298.304842 90.212 -127.8010
1307.712894 90.264 -127.5547
1317.189120 90.317 -127.3133
1326.734016 90.371 -127.0766
1336.348077 90.424 -126.8440
1346.031806 90.478 -126.6151
1355.785708 90.532 -126.3896
1365.610290 90.586 -126.1676
1375.506065 90.641 -125.9493
1385.473549 90.695 -125.7353
1395.513261 90.750 -125.5256
1405.625726 90.805 -125.3200
1415.811469 90.860 -125.1185
1426.071023 90.915 -124.9207
1436.404921 90.971 -124.7266
1446.813703 91.027 -124.5361
1457.297912 91.083 -124.3493
1467.858093 91.139 -124.1664
1478.494798 91.195 -123.9874
1489.208581 91.252 -123.8125
1500.000000 91.309 -123.6418
1510.869618 91.366 -123.4751
1521.818002 91.423 -123.3122
1532.845723 91.480 -123.1527
1543.953355 91.537 -122.9962
1555.141477 91.595 -122.8423
1566.410674 91.652 -122.6907
1577.761531 91.709 -122.5411
1589.194642 91.766 -122.3931
1600.710601 91.823 -122.2465
1612.310010 91.880 -122.1017
1623.993473 91.938 -121.9588
1635.761599 91.996 -121.8184
1647.615002 92.054 -121.6804
1659.554299 92.113 -121.5449
1671.580114 92.172 -121.4116
1683.693072 92.232 -121.2804
1695.893807 92.292 -121.1509
1708.182952 92.353 -121.0231
1720.561150 92.415 -120.8972
1733.029045 92.476 -120.7734
1745.587288 92.539 -120.6521
1758.236533 92.602 -120.5335
1770.977440 92.666 -120.4181
1783.810673 92.731 -120.3065
1796.736900 92.796 -120.1993
1809.756796 92.863 -120.0971
1822.871040 92.930 -120.0003
1836.080315 92.997 -119.9090
1849.385310 93.066 -119.8234
1862.786718 93.136 -119.7436
1876.285239 93.206 -119.6699
1889.881575 93.277 -119.6028
1903.576436 93.349 -119.5427
1917.370535 93.421 -119.4901
1931.264593 93.495 -119.4450
1945.259332 93.569 -119.4077
1959.355483 93.644 -119.3783
1973.553781 93.720 -119.3575
1987.854965 93.797 -119.3460
2002.259781 93.875 -119.3447
2016.768981 93.953 -119.3542
2031.383320 94.032 -119.3749
2046.103561 94.111 -119.4069
2060.930471 94.191 -119.4504
2075.864823 94.272 -119.5059
2090.907395 94.354 -119.5739
2106.058972 94.437 -119.6550
2121.320344 94.519 -119.7497
2136.692305 94.603 -119.8587
2152.175658 94.687 -119.9825
2167.771210 94.771 -120.1220
2183.479774 94.855 -120.2780
2199.302169 94.940 -120.4511
2215.239219 95.024 -120.6417
2231.291755 95.109 -120.8509
2247.460615 95.193 -121.0795
2263.746641 95.277 -121.3288
2280.150683 95.360 -121.5999
2296.673595 95.443 -121.8937
2313.316238 95.524 -122.2106
2330.079481 95.605 -122.5503
2346.964198 95.684 -122.9125
2363.971268 95.762 -123.2966
2381.101578 95.838 -123.7023
2398.356022 95.912 -124.1293
2415.735498 95.985 -124.5775
2433.240913 96.055 -125.0471
2450.873180 96.125 -125.5387
2468.633217 96.192 -126.0533
2486.521951 96.257 -126.5919
2504.540314 96.320 -127.1549
2522.689246 96.380 -127.7422
2540.969692 96.437 -128.3534
2559.382606 96.491 -128.9873
2577.928947 96.542 -129.6426
2596.609683 96.589 -130.3175
2615.425787 96.631 -131.0101
2634.378241 96.670 -131.7185
2653.468031 96.704 -132.4410
2672.696154 96.734 -133.1758
2692.063613 96.760 -133.9216
2711.571415 96.782 -134.6767
2731.220579 96.799 -135.4393
2751.012130 96.812 -136.2080
2770.947098 96.821 -136.9813
2791.026522 96.826 -137.7582
2811.251451 96.827 -138.5374
2831.622938 96.824 -139.3176
2852.142045 96.816 -140.0968
2872.809842 96.804 -140.8724
2893.627406 96.788 -141.6415
2914.595823 96.767 -142.4012
2935.716186 96.742 -143.1484
2956.989596 96.713 -143.8804
2978.417161 96.680 -144.5947
3000.000000 96.644 -145.2899
3021.739237 96.605 -145.9654
3043.636005 96.565 -146.6217
3065.691446 96.523 -147.2602
3087.906710 96.480 -147.8830
3110.282955 96.437 -148.4929
3132.821347 96.394 -149.0939
3155.523062 96.349 -149.6902
3178.389283 96.305 -150.2852
3201.421202 96.258 -150.8816
3224.620020 96.210 -151.4799
3247.986946 96.159 -152.0786
3271.523198 96.105 -152.6751
3295.230004 96.047 -153.2654
3319.108599 95.986 -153.8450
3343.160228 95.920 -154.4093
3367.386145 95.851 -154.9544
3391.787613 95.779 -155.4767
3416.365904 95.703 -155.9740
3441.122300 95.624 -156.4447
3466.058091 95.543 -156.8878
3491.174576 95.459 -157.3025
3516.473066 95.373 -157.6884
3541.954880 95.284 -158.0451
3567.621345 95.195 -158.3722
3593.473800 95.104 -158.6693
3619.513592 95.012 -158.9359
3645.742080 94.919 -159.1718
3672.160630 94.826 -159.3773
3698.770620 94.732 -159.5532
3725.573436 94.639 -159.7001
3752.570477 94.546 -159.8190
3779.763150 94.453 -159.9102
3807.152872 94.361 -159.9739
3834.741071 94.269 -160.0101
3862.529185 94.177 -160.0189
3890.518664 94.086 -160.0006
3918.710966 93.996 -159.9552
3947.107561 93.907 -159.8825
3975.709929 93.819 -159.7818
4004.519563 93.732 -159.6521
4033.537962 93.646 -159.4923
4062.766641 93.563 -159.3019
4092.207123 93.481 -159.0812
4121.860942 93.402 -158.8315
4151.729646 93.325 -158.5551
4181.814790 93.251 -158.2547
4212.117944 93.180 -157.9332
4242.640687 93.112 -157.5932
4273.384610 93.048 -157.2371
4304.351317 92.987 -156.8672
4335.542421 92.929 -156.4858
4366.959549 92.874 -156.0947
4398.604338 92.822 -155.6958
4430.478438 92.774 -155.2905
4462.583511 92.728 -154.8794
4494.921231 92.685 -154.4627
4527.493283 92.645 -154.0399
4560.301365 92.607 -153.6110
4593.347189 92.571 -153.1757
4626.632476 92.538 -152.7346
4660.158962 92.507 -152.2882
4693.928395 92.478 -151.8375
4727.942535 92.452 -151.3834
4762.203156 92.428 -150.9268
4796.712043 92.407 -150.4685
4831.470996 92.388 -150.0080
4866.481826 92.373 -149.5438
4901.746360 92.360 -149.0738
4937.266434 92.350 -148.5957
4973.043902 92.344 -148.1078
5009.080628 92.340 -147.6086
5045.378492 92.340 -147.0977
5081.939384 92.344 -146.5758
5118.765212 92.351 -146.0452
5155.857894 92.362 -145.5090
5193.219366 92.378 -144.9713
5230.851574 92.398 -144.4359
5268.756481 92.424 -143.9068
5306.936062 92.454 -143.3880
5345.392309 92.489 -142.8836
5384.127225 92.529 -142.3981
5423.142830 92.573 -141.9360
5462.441159 92.620 -141.5017
5502.024259 92.671 -141.0988
5541.894195 92.724 -140.7298
5582.053045 92.780 -140.3949
5622.502902 92.837 -140.0913
5663.245876 92.895 -139.8128
5704.284090 92.952 -139.5498
5745.619684 93.009 -139.2899
5787.254813 93.067 -139.0191
5829.191647 93.125 -138.7231
5871.432373 93.187 -138.3899
5913.979192 93.256 -138.0126
5956.834323 93.335 -137.5926
6000.000000 93.430 -137.1439
6043.478473 93.546 -136.6961
6087.272010 93.688 -136.2949
6131.382892 93.856 -136.0002
6175.813420 94.050 -135.8792
6220.565910 94.265 -135.9977
6265.642695 94.492 -136.4103
6311.046124 94.721 -137.1526
6356.778566 94.940 -138.2375
6402.842404 95.138 -139.6537
6449.240040 95.303 -141.3682
6495.973891 95.425 -143.3296
6543.046396 95.499 -145.4720
6590.460007 95.520 -147.7192
6638.217197 95.484 -149.9888
6686.320456 95.394 -152.1961
6734.772290 95.253 -154.2595
6783.575226 95.066 -156.1052
6832.731809 94.841 -157.6742
6882.244600 94.590 -158.9264
6932.116181 94.322 -159.8446
6982.349153 94.050 -160.4350
7032.946133 93.784 -160.7252
7083.909760 93.533 -160.7600
7135.242690 93.302 -160.5938
7186.947600 93.096 -160.2836
7239.027185 92.913 -159.8814
7291.484160 92.753 -159.4301
7344.321260 92.613 -158.9613
7397.541239 92.490 -158.4953
7451.146872 92.380 -158.0433
7505.140954 92.281 -157.6096
7559.526299 92.191 -157.1942
7614.305743 92.108 -156.7944
7669.482141 92.030 -156.4066
7725.058371 91.956 -156.0272
7781.037328 91.887 -155.6532
7837.421932 91.820 -155.2823
7894.215122 91.757 -154.9139
7951.419859 91.698 -154.5483
8009.039125 91.641 -154.1870
8067.075924 91.588 -153.8317
8125.533282 91.537 -153.4847
8184.414245 91.488 -153.1475
8243.721885 91.440 -152.8211
8303.459292 91.392 -152.5046
8363.629581 91.343 -152.1949
8424.235888 91.292 -151.8845
8485.281374 91.237 -151.5605
8546.769221 91.176 -151.2026
8608.702634 91.109 -150.7826
8671.084842 91.037 -150.2627
8733.919097 90.962 -149.5969
8797.208675 90.889 -148.7340
8860.956876 90.829 -147.6258
8925.167022 90.794 -146.2408
8989.842461 90.803 -144.5830
9054.986566 90.875 -142.7122
9120.602731 91.026 -140.7548
9186.694378 91.264 -138.8951
9253.264952 91.585 -137.3434
9320.317925 91.971 -136.2902
9387.856790 92.397 -135.8677
9455.885071 92.837 -136.1329
9524.406312 93.262 -137.0736
9593.424086 93.652 -138.6258
9662.941992 93.991 -140.6943
9732.963653 94.266 -143.1678
9803.492719 94.473 -145.9305
9874.532869 94.608 -148.8685
9946.087805 94.672 -151.8759
10018.161257 94.670 -154.8575
10090.756983 94.606 -157.7314
10163.878768 94.488 -160.4304
10237.530423 94.324 -162.9026
10311.715789 94.123 -165.1118
10386.438732 93.893 -167.0363
10461.703149 93.644 -168.6680
10537.512962 93.383 -170.0099
10613.872125 93.116 -171.0736
10690.784618 92.852 -171.8769
10768.254450 92.594 -172.4418
10846.285661 92.346 -172.7919
10924.882318 92.112 -172.9515
11004.048518 91.894 -172.9443
11083.788390 91.695 -172.7935
11164.106090 91.515 -172.5219
11245.005805 91.356 -172.1535
11326.491752 91.220 -171.7146
11408.568180 91.106 -171.2340
11491.239368 91.014 -170.7390
11574.509626 90.941 -170.2494
11658.383294 90.886 -169.7727
11742.864745 90.848 -169.3077
11827.958384 90.825 -168.8514
11913.668646 90.818 -168.4025
12000.000000 90.827 -167.9626
12086.956947 90.855 -167.5365
12174.544019 90.901 -167.1325
12262.765784 90.969 -166.7632
12351.626840 91.060 -166.4464
12441.131819 91.179 -166.2055
12531.285389 91.326 -166.0694
12622.092249 91.504 -166.0715
12713.557132 91.714 -166.2513
12805.684808 91.956 -166.6547
12898.480079 92.229 -167.3342
12991.947783 92.528 -168.3476
13086.092792 92.847 -169.7540
13180.920015 93.177 -171.6093
13276.434395 93.506 -173.9595
13372.640911 93.819 -176.8336
13469.544580 94.099 179.7634
13567.150452 94.329 175.8563
13665.463617 94.491 171.5037
13764.489200 94.571 166.7977
13864.232362 94.559 161.8589
13964.698305 94.449 156.8262
14065.892266 94.240 151.8406
14167.819519 93.940 147.0295
14270.485380 93.559 142.4923
14373.895200 93.108 138.2943
14478.054370 92.602 134.4697
14582.968320 92.049 131.0361
14688.642520 91.455 128.0183
14795.082478 90.823 125.4798
14902.293745 90.154 123.5534
15010.281908 89.459 122.4612
15119.052599 88.772 122.4949
15228.611486 88.159 123.8932
15338.964283 87.724 126.5555
15450.116741 87.559 129.7351
15562.074656 87.676 132.2108
15674.843864 87.984 133.0448
15788.430244 88.359 132.0649
15902.839718 88.714 129.6184
16018.078250 89.014 126.1339
16134.151848 89.254 121.9036
16251.066563 89.437 117.0658
16368.828491 89.557 111.6675
16487.443769 89.598 105.7363
16606.918584 89.539 99.3332
16727.259161 89.355 92.5780
16848.471777 89.027 85.6469
16970.562748 88.546 78.7490
17093.538442 87.911 72.0936
17217.405268 87.134 65.8593
17342.169684 86.232 60.1753
17467.838194 85.228 55.1163
17594.417350 84.144 50.7082
17721.913751 83.001 46.9405
17850.334044 81.817 43.7800
17979.684923 80.605 41.1844
18109.973131 79.376 39.1127
18241.205462 78.137 37.5305
18373.388756 76.891 36.4116
18506.529905 75.643 35.7364
18640.635849 74.396 35.4879
18775.713581 73.151 35.6472
18911.770141 71.913 36.1907
19048.812624 70.685 37.0908
19186.848172 69.470 38.3177
19325.883983 68.275 39.8405
19465.927305 67.115 41.6187
19606.985439 66.020 43.5756
19749.065738 65.050 45.5483
19892.175609 64.298 47.2397
20036.322514 63.880 48.2469
