* Measurement data measured by REW V5.31.3
* Source: EXCL: Microphone (USB Sound Device        ), MICROPHONE (Master Volume), R, volume: 0.390
* Format: 256k Log Swept Sine, 1 sweep at -1.0 dBFS with no timing reference
* Dated: May 18, 2025 1:25:16 PM
* REW Settings:
*  C-weighting compensation: Off
*  Target level: 75.0 dB
* Note: KZ Krio ANC ON L
* Measurement: L KZ Krio ANC ON
* Smoothing: 1/12 octave
* Frequency Step: 96 ppo
* Start Frequency: 0.36621094 Hz
*
* Freq(Hz) SPL(dB) Phase(degrees)
0.366211 94.732 156.4644
0.368865 94.726 156.4400
0.371538 94.718 156.4035
0.374230 94.707 156.3575
0.376942 94.695 156.3046
0.379673 94.682 156.2463
0.382424 94.668 156.1840
0.385196 94.654 156.1182
0.387987 94.640 156.0493
0.390798 94.626 155.9777
0.393630 94.611 155.9034
0.396483 94.597 155.8263
0.399356 94.582 155.7467
0.402250 94.567 155.6643
0.405165 94.552 155.5792
0.408101 94.537 155.4915
0.411058 94.522 155.4009
0.414037 94.506 155.3076
0.417037 94.491 155.2115
0.420059 94.475 155.1126
0.423103 94.460 155.0109
0.426169 94.444 154.9062
0.429257 94.428 154.7987
0.432368 94.412 154.6883
0.435501 94.396 154.5749
0.438656 94.380 154.4585
0.441835 94.363 154.3391
0.445037 94.347 154.2167
0.448262 94.330 154.0913
0.451510 94.314 153.9628
0.454782 94.297 153.8312
0.458077 94.280 153.6965
0.461397 94.263 153.5586
0.464740 94.246 153.4176
0.468108 94.228 153.2735
0.471500 94.211 153.1261
0.474917 94.193 152.9756
0.478358 94.175 152.8218
0.481825 94.158 152.6648
0.485316 94.140 152.5046
0.488833 94.122 152.3411
0.492375 94.103 152.1743
0.495943 94.085 152.0043
0.499537 94.067 151.8310
0.503157 94.048 151.6544
0.506803 94.029 151.4745
0.510475 94.010 151.2913
0.514175 93.991 151.1048
0.517900 93.972 150.9150
0.521653 93.953 150.7219
0.525434 93.933 150.5256
0.529241 93.914 150.3259
0.533076 93.894 150.1230
0.536939 93.874 149.9169
0.540830 93.854 149.7075
0.544749 93.834 149.4949
0.548696 93.814 149.2791
0.552673 93.793 149.0601
0.556677 93.773 148.8380
0.560711 93.752 148.6128
0.564774 93.731 148.3845
0.568867 93.710 148.1532
0.572989 93.689 147.9189
0.577141 93.667 147.6816
0.581324 93.646 147.4415
0.585536 93.624 147.1985
0.589779 93.602 146.9528
0.594053 93.581 146.7044
0.598358 93.558 146.4533
0.602694 93.536 146.1997
0.607061 93.514 145.9436
0.611460 93.491 145.6851
0.615891 93.468 145.4244
0.620354 93.445 145.1614
0.624849 93.422 144.8964
0.629377 93.399 144.6294
0.633938 93.375 144.3606
0.638532 93.352 144.0900
0.643159 93.328 143.8179
0.647819 93.304 143.5444
0.652514 93.280 143.2695
0.657242 93.256 142.9936
0.662005 93.231 142.7167
0.666802 93.206 142.4390
0.671634 93.182 142.1608
0.676501 93.157 141.8822
0.681403 93.131 141.6034
0.686341 93.106 141.3246
0.691314 93.080 141.0461
0.696324 93.054 140.7681
0.701370 93.028 140.4907
0.706452 93.002 140.2142
0.711571 92.975 139.9386
0.716728 92.947 139.6638
0.721921 92.918 139.3898
0.727153 92.887 139.1158
0.732422 92.855 138.8412
0.737729 92.820 138.5648
0.743075 92.784 138.2856
0.748460 92.746 138.0027
0.753883 92.706 137.7151
0.759346 92.666 137.4225
0.764849 92.624 137.1244
0.770391 92.582 136.8206
0.775974 92.540 136.5109
0.781597 92.497 136.1952
0.787261 92.453 135.8735
0.792966 92.409 135.5456
0.798712 92.364 135.2114
0.804500 92.319 134.8710
0.810329 92.273 134.5242
0.816201 92.227 134.1711
0.822116 92.179 133.8115
0.828073 92.131 133.4455
0.834074 92.083 133.0730
0.840118 92.033 132.6940
0.846206 91.983 132.3085
0.852338 91.932 131.9165
0.858514 91.881 131.5180
0.864735 91.828 131.1129
0.871001 91.774 130.7014
0.877313 91.720 130.2834
0.883670 91.664 129.8591
0.890074 91.607 129.4284
0.896524 91.550 128.9915
0.903020 91.491 128.5484
0.909564 91.431 128.0993
0.916155 91.370 127.6443
0.922794 91.308 127.1835
0.929481 91.244 126.7171
0.936216 91.179 126.2453
0.943000 91.112 125.7684
0.949834 91.045 125.2865
0.956717 90.975 124.8000
0.963649 90.904 124.3091
0.970632 90.832 123.8142
0.977666 90.758 123.3157
0.984750 90.682 122.8140
0.991886 90.604 122.3094
0.999074 90.525 121.8026
1.006314 90.443 121.2940
1.013606 90.360 120.7842
1.020951 90.275 120.2738
1.028349 90.187 119.7635
1.035801 90.097 119.2541
1.043307 90.005 118.7462
1.050867 89.911 118.2407
1.058482 89.815 117.7384
1.066152 89.716 117.2401
1.073878 89.615 116.7465
1.081660 89.512 116.2583
1.089498 89.408 115.7757
1.097393 89.303 115.2987
1.105345 89.198 114.8269
1.113355 89.094 114.3597
1.121423 88.991 113.8963
1.129549 88.890 113.4361
1.137734 88.791 112.9785
1.145979 88.694 112.5228
1.154283 88.599 112.0687
1.162647 88.505 111.6158
1.171072 88.413 111.1636
1.179558 88.321 110.7118
1.188106 88.229 110.2600
1.196715 88.136 109.8078
1.205387 88.043 109.3549
1.214122 87.949 108.9007
1.222920 87.852 108.4449
1.231782 87.752 107.9871
1.240708 87.650 107.5267
1.249699 87.543 107.0634
1.258754 87.432 106.5965
1.267876 87.315 106.1256
1.277063 87.193 105.6503
1.286318 87.063 105.1698
1.295639 86.926 104.6837
1.305027 86.781 104.1913
1.314484 86.626 103.6922
1.324009 86.462 103.1855
1.333604 86.286 102.6708
1.343268 86.099 102.1474
1.353002 85.899 101.6147
1.362806 85.685 101.0719
1.372681 85.457 100.5187
1.382628 85.213 99.9543
1.392647 84.951 99.3783
1.402739 84.672 98.7903
1.412904 84.374 98.1901
1.423142 84.054 97.5776
1.433455 83.712 96.9533
1.443843 83.345 96.3178
1.454305 82.950 95.6726
1.464844 82.523 95.0194
1.475459 82.060 94.3603
1.486150 81.557 93.6973
1.496920 81.010 93.0317
1.507767 80.418 92.3645
1.518693 79.780 91.6956
1.529698 79.096 91.0247
1.540783 78.368 90.3510
1.551948 77.599 89.6733
1.563194 76.790 88.9904
1.574521 75.945 88.3003
1.585931 75.067 87.6010
1.597423 74.160 86.8900
1.608999 73.227 86.1641
1.620658 72.274 85.4198
1.632402 71.304 84.6525
1.644232 70.322 83.8564
1.656146 69.334 83.0246
1.668147 68.345 82.1479
1.680235 67.362 81.2146
1.692411 66.392 80.2088
1.704675 65.442 79.1096
1.717028 64.520 77.8873
1.729470 63.636 76.4999
1.742003 62.800 74.8850
1.754626 62.024 72.9465
1.767341 61.319 70.5277
1.780147 60.700 67.3563
1.793047 60.182 62.9138
1.806040 59.779 56.0937
1.819128 59.506 44.1845
1.832310 59.374 20.1995
1.845587 59.389 -21.9966
1.858961 59.554 -56.8117
1.872432 59.864 -74.2620
1.886001 60.309 -83.6635
1.899667 60.879 -89.6054
1.913433 61.559 -93.8380
1.927299 62.336 -97.1109
1.941265 63.193 -99.7882
1.955332 64.118 -102.0662
1.969501 65.095 -104.0588
1.983773 66.112 -105.8371
1.998148 67.156 -107.4471
2.012627 68.214 -108.9204
2.027212 69.275 -110.2790
2.041902 70.328 -111.5391
2.056698 71.363 -112.7126
2.071602 72.369 -113.8088
2.086614 73.336 -114.8349
2.101734 74.256 -115.7972
2.116964 75.121 -116.7014
2.132304 75.924 -117.5535
2.147756 76.659 -118.3604
2.163320 77.323 -119.1311
2.178996 77.914 -119.8773
2.194786 78.437 -120.6134
2.210690 78.895 -121.3553
2.226710 79.296 -122.1178
2.242845 79.645 -122.9111
2.259098 79.947 -123.7406
2.275468 80.207 -124.6070
2.291957 80.427 -125.5081
2.308566 80.611 -126.4395
2.325295 80.761 -127.3960
2.342145 80.881 -128.3715
2.359117 80.971 -129.3597
2.376212 81.037 -130.3542
2.393431 81.080 -131.3485
2.410775 81.104 -132.3363
2.428244 81.112 -133.3110
2.445840 81.107 -134.2667
2.463564 81.094 -135.1975
2.481416 81.075 -136.0986
2.499397 81.054 -136.9663
2.517509 81.033 -137.7994
2.535752 81.014 -138.5997
2.554127 80.998 -139.3731
2.572635 80.983 -140.1293
2.591277 80.967 -140.8805
2.610055 80.947 -141.6381
2.628968 80.921 -142.4103
2.648019 80.887 -143.2022
2.667208 80.843 -144.0157
2.686535 80.787 -144.8501
2.706003 80.720 -145.7029
2.725612 80.640 -146.5701
2.745363 80.547 -147.4462
2.765257 80.439 -148.3245
2.785295 80.317 -149.1970
2.805478 80.178 -150.0547
2.825808 80.023 -150.8874
2.846285 79.851 -151.6844
2.866910 79.659 -152.4351
2.887685 79.446 -153.1297
2.908611 79.210 -153.7608
2.929688 78.947 -154.3249
2.950917 78.655 -154.8219
2.972301 78.330 -155.2539
2.993839 77.971 -155.6231
3.015534 77.580 -155.9293
3.037386 77.158 -156.1700
3.059396 76.709 -156.3390
3.081565 76.239 -156.4274
3.103896 75.754 -156.4221
3.126388 75.261 -156.3065
3.149043 74.767 -156.0589
3.171862 74.281 -155.6521
3.194847 73.812 -155.0518
3.217998 73.369 -154.2152
3.241317 72.961 -153.0885
3.264805 72.595 -151.6044
3.288463 72.275 -149.6789
3.312293 72.005 -147.2087
3.336295 71.783 -144.0724
3.360471 71.606 -140.1388
3.384822 71.472 -135.2859
3.409350 71.379 -129.4358
3.434056 71.324 -122.6096
3.458940 71.306 -114.9869
3.484005 71.324 -106.9277
3.509252 71.378 -98.9131
3.534681 71.468 -91.4124
3.560295 71.594 -84.7580
3.586094 71.758 -79.1014
3.612081 71.963 -74.4452
3.638255 72.212 -70.7039
3.664620 72.508 -67.7559
3.691175 72.856 -65.4742
3.717923 73.254 -63.7423
3.744864 73.697 -62.4591
3.772001 74.179 -61.5389
3.799335 74.689 -60.9104
3.826866 75.214 -60.5149
3.854597 75.743 -60.3045
3.882529 76.265 -60.2412
3.910664 76.768 -60.2954
3.939002 77.244 -60.4456
3.967546 77.685 -60.6777
3.996296 78.087 -60.9843
4.025255 78.447 -61.3638
4.054423 78.766 -61.8181
4.083804 79.048 -62.3476
4.113396 79.296 -62.9487
4.143204 79.513 -63.6124
4.173227 79.703 -64.3257
4.203468 79.869 -65.0732
4.233928 80.012 -65.8389
4.264609 80.136 -66.6079
4.295512 80.243 -67.3676
4.326639 80.334 -68.1090
4.357992 80.411 -68.8284
4.389572 80.473 -69.5278
4.421380 80.520 -70.2136
4.453419 80.551 -70.8934
4.485691 80.566 -71.5716
4.518196 80.564 -72.2474
4.550936 80.545 -72.9146
4.583914 80.511 -73.5625
4.617131 80.461 -74.1775
4.650589 80.398 -74.7445
4.684289 80.322 -75.2481
4.718233 80.232 -75.6753
4.752424 80.129 -76.0161
4.786862 80.011 -76.2653
4.821549 79.879 -76.4206
4.856488 79.733 -76.4808
4.891680 79.574 -76.4436
4.927127 79.405 -76.3045
4.962831 79.230 -76.0572
4.998794 79.052 -75.6929
5.035017 78.875 -75.2015
5.071503 78.703 -74.5712
5.108253 78.539 -73.7896
5.145270 78.383 -72.8450
5.182555 78.235 -71.7290
5.220110 78.097 -70.4407
5.257937 77.969 -68.9883
5.296038 77.855 -67.3906
5.334415 77.758 -65.6749
5.373071 77.682 -63.8752
5.412006 77.633 -62.0279
5.451224 77.613 -60.1679
5.490725 77.627 -58.3247
5.530514 77.675 -56.5217
5.570590 77.757 -54.7790
5.610957 77.869 -53.1177
5.651616 78.007 -51.5603
5.692570 78.164 -50.1296
5.733821 78.335 -48.8460
5.775370 78.513 -47.7253
5.817221 78.694 -46.7774
5.859375 78.876 -46.0053
5.901834 79.058 -45.4054
5.944602 79.239 -44.9686
5.987679 79.418 -44.6816
6.031068 79.593 -44.5295
6.074771 79.761 -44.4977
6.118792 79.919 -44.5730
6.163131 80.065 -44.7455
6.207792 80.196 -45.0088
6.252776 80.312 -45.3587
6.298086 80.411 -45.7907
6.343725 80.494 -46.2964
6.389694 80.562 -46.8629
6.435996 80.614 -47.4741
6.482634 80.651 -48.1131
6.529610 80.672 -48.7654
6.576926 80.678 -49.4209
6.624585 80.669 -50.0746
6.672590 80.644 -50.7242
6.720942 80.604 -51.3658
6.769645 80.551 -51.9921
6.818700 80.485 -52.5919
6.868111 80.408 -53.1522
6.917881 80.321 -53.6601
6.968010 80.226 -54.1056
7.018504 80.122 -54.4823
7.069362 80.012 -54.7876
7.120590 79.897 -55.0203
7.172189 79.780 -55.1795
7.224161 79.664 -55.2640
7.276511 79.553 -55.2718
7.329239 79.449 -55.2013
7.382350 79.353 -55.0529
7.435845 79.268 -54.8322
7.489729 79.195 -54.5513
7.544002 79.136 -54.2275
7.598669 79.093 -53.8810
7.653732 79.068 -53.5310
7.709194 79.062 -53.1940
7.765058 79.076 -52.8835
7.821327 79.109 -52.6133
7.878004 79.160 -52.3990
7.935091 79.225 -52.2577
7.992592 79.304 -52.2052
8.050510 79.394 -52.2534
8.108847 79.494 -52.4083
8.167607 79.602 -52.6707
8.226793 79.715 -53.0378
8.286408 79.833 -53.5057
8.346454 79.951 -54.0700
8.406936 80.068 -54.7263
8.467856 80.182 -55.4696
8.529218 80.293 -56.2923
8.591024 80.399 -57.1834
8.653278 80.500 -58.1297
8.715983 80.595 -59.1179
8.779143 80.684 -60.1369
8.842760 80.766 -61.1774
8.906839 80.842 -62.2310
8.971381 80.912 -63.2874
9.036392 80.977 -64.3344
9.101873 81.037 -65.3599
9.167829 81.093 -66.3540
9.234263 81.145 -67.3094
9.301178 81.195 -68.2206
9.368578 81.245 -69.0820
9.436467 81.294 -69.8881
9.504847 81.345 -70.6339
9.573723 81.399 -71.3161
9.643099 81.456 -71.9343
9.712976 81.519 -72.4898
9.783361 81.587 -72.9854
9.854255 81.662 -73.4244
9.925663 81.745 -73.8106
9.997588 81.836 -74.1484
10.070035 81.935 -74.4440
10.143007 82.043 -74.7044
10.216507 82.158 -74.9370
10.290540 82.282 -75.1481
10.365109 82.413 -75.3432
10.440219 82.550 -75.5272
10.515873 82.693 -75.7051
10.592076 82.841 -75.8811
10.668830 82.992 -76.0584
10.746141 83.147 -76.2390
10.824012 83.304 -76.4240
10.902447 83.462 -76.6141
10.981451 83.621 -76.8095
11.061027 83.779 -77.0100
11.141180 83.937 -77.2152
11.221913 84.094 -77.4243
11.303232 84.250 -77.6362
11.385140 84.403 -77.8502
11.467641 84.554 -78.0653
11.550741 84.702 -78.2810
11.634442 84.848 -78.4962
11.718750 84.990 -78.7104
11.803669 85.129 -78.9227
11.889203 85.264 -79.1323
11.975357 85.395 -79.3381
12.062136 85.522 -79.5390
12.149543 85.644 -79.7337
12.237583 85.762 -79.9207
12.326262 85.876 -80.0983
12.415583 85.985 -80.2646
12.505552 86.089 -80.4177
12.596172 86.190 -80.5560
12.687449 86.286 -80.6778
12.779387 86.378 -80.7818
12.871992 86.467 -80.8671
12.965268 86.553 -80.9334
13.059220 86.637 -80.9814
13.153852 86.720 -81.0124
13.249170 86.801 -81.0283
13.345179 86.882 -81.0319
13.441884 86.962 -81.0271
13.539289 87.043 -81.0181
13.637401 87.124 -81.0095
13.736223 87.205 -81.0058
13.835761 87.287 -81.0117
13.936021 87.369 -81.0316
14.037007 87.450 -81.0688
14.138725 87.530 -81.1262
14.241180 87.609 -81.2054
14.344377 87.686 -81.3073
14.448323 87.760 -81.4316
14.553021 87.832 -81.5771
14.658478 87.901 -81.7419
14.764700 87.966 -81.9237
14.871691 88.029 -82.1200
14.979457 88.088 -82.3281
15.088005 88.145 -82.5458
15.197339 88.200 -82.7715
15.307465 88.254 -83.0043
15.418389 88.307 -83.2440
15.530117 88.359 -83.4914
15.642655 88.412 -83.7480
15.756008 88.465 -84.0158
15.870182 88.519 -84.2973
15.985184 88.575 -84.5946
16.101019 88.631 -84.9101
16.217694 88.688 -85.2453
16.335214 88.746 -85.6009
16.453586 88.805 -85.9766
16.572815 88.863 -86.3714
16.692909 88.922 -86.7832
16.813872 88.980 -87.2091
16.935713 89.038 -87.6457
17.058436 89.095 -88.0896
17.182048 89.154 -88.5373
17.306556 89.212 -88.9857
17.431967 89.272 -89.4327
17.558286 89.333 -89.8768
17.685521 89.397 -90.3175
17.813677 89.463 -90.7549
17.942762 89.531 -91.1901
18.072783 89.603 -91.6246
18.203746 89.677 -92.0598
18.335658 89.754 -92.4970
18.468526 89.833 -92.9370
18.602356 89.913 -93.3800
18.737156 89.995 -93.8251
18.872934 90.077 -94.2710
19.009695 90.160 -94.7155
19.147447 90.242 -95.1561
19.286197 90.323 -95.5900
19.425953 90.405 -96.0148
19.566721 90.485 -96.4284
19.708510 90.566 -96.8292
19.851326 90.646 -97.2164
19.995177 90.726 -97.5901
20.140070 90.805 -97.9510
20.286013 90.885 -98.3001
20.433014 90.964 -98.6391
20.581080 91.044 -98.9695
20.730219 91.122 -99.2928
20.880439 91.200 -99.6105
21.031747 91.277 -99.9237
21.184152 91.353 -100.2333
21.337661 91.427 -100.5403
21.492282 91.500 -100.8454
21.648024 91.571 -101.1495
21.804895 91.640 -101.4534
21.962902 91.708 -101.7582
22.122054 91.774 -102.0649
22.282360 91.838 -102.3745
22.443827 91.900 -102.6876
22.606464 91.960 -103.0048
22.770280 92.018 -103.3263
22.935283 92.074 -103.6523
23.101481 92.128 -103.9825
23.268884 92.180 -104.3169
23.437500 92.231 -104.6556
23.607338 92.281 -104.9989
23.778406 92.330 -105.3475
23.950714 92.379 -105.7027
24.124271 92.428 -106.0657
24.299086 92.476 -106.4380
24.475167 92.524 -106.8208
24.652524 92.573 -107.2151
24.831166 92.621 -107.6213
25.011103 92.670 -108.0394
25.192344 92.718 -108.4685
25.374898 92.766 -108.9077
25.558775 92.814 -109.3555
25.743984 92.862 -109.8104
25.930536 92.910 -110.2708
26.118439 92.958 -110.7350
26.307704 93.006 -111.2014
26.498341 93.053 -111.6686
26.690359 93.101 -112.1347
26.883768 93.149 -112.5982
27.078579 93.197 -113.0572
27.274801 93.245 -113.5103
27.472446 93.293 -113.9561
27.671522 93.341 -114.3940
27.872042 93.390 -114.8236
28.074014 93.439 -115.2453
28.277450 93.488 -115.6599
28.482360 93.538 -116.0684
28.688755 93.587 -116.4718
28.896645 93.636 -116.8713
29.106042 93.685 -117.2675
29.316957 93.733 -117.6608
29.529400 93.780 -118.0514
29.743382 93.826 -118.4395
29.958915 93.870 -118.8253
30.176009 93.913 -119.2093
30.394677 93.955 -119.5921
30.614929 93.995 -119.9744
30.836778 94.034 -120.3573
31.060234 94.072 -120.7415
31.285309 94.108 -121.1278
31.512015 94.143 -121.5167
31.740364 94.176 -121.9086
31.970368 94.208 -122.3036
32.202039 94.239 -122.7020
32.435388 94.269 -123.1040
32.670428 94.299 -123.5096
32.907171 94.327 -123.9191
33.145630 94.356 -124.3323
33.385817 94.384 -124.7493
33.627745 94.412 -125.1698
33.871425 94.439 -125.5935
34.116871 94.467 -126.0201
34.364096 94.495 -126.4493
34.613113 94.524 -126.8808
34.863934 94.552 -127.3143
35.116572 94.581 -127.7494
35.371041 94.610 -128.1853
35.627354 94.639 -128.6210
35.885525 94.667 -129.0553
36.145566 94.695 -129.4867
36.407492 94.723 -129.9136
36.671316 94.751 -130.3350
36.937051 94.779 -130.7502
37.204712 94.806 -131.1595
37.474313 94.833 -131.5639
37.745867 94.861 -131.9650
38.019389 94.888 -132.3645
38.294893 94.915 -132.7638
38.572394 94.941 -133.1637
38.851905 94.966 -133.5643
39.133442 94.990 -133.9651
39.417019 95.013 -134.3657
39.702651 95.034 -134.7657
39.990353 95.055 -135.1652
40.280140 95.074 -135.5644
40.572026 95.093 -135.9637
40.866028 95.111 -136.3630
41.162160 95.128 -136.7617
41.460438 95.144 -137.1594
41.760877 95.160 -137.5556
42.063494 95.177 -137.9507
42.368303 95.193 -138.3457
42.675322 95.210 -138.7425
42.984565 95.227 -139.1423
43.296048 95.244 -139.5460
43.609789 95.261 -139.9530
43.925804 95.277 -140.3619
44.244108 95.292 -140.7705
44.564719 95.307 -141.1768
44.887654 95.322 -141.5797
45.212928 95.336 -141.9789
45.540560 95.350 -142.3749
45.870565 95.364 -142.7686
46.202962 95.377 -143.1606
46.537768 95.390 -143.5514
46.875000 95.403 -143.9410
47.214676 95.415 -144.3294
47.556813 95.427 -144.7165
47.901429 95.438 -145.1023
48.248542 95.449 -145.4868
48.598171 95.459 -145.8702
48.950334 95.469 -146.2525
49.305048 95.479 -146.6340
49.662333 95.489 -147.0150
50.022206 95.498 -147.3958
50.384688 95.507 -147.7765
50.749796 95.516 -148.1569
51.117550 95.525 -148.5368
51.487969 95.533 -148.9161
51.861072 95.541 -149.2947
52.236879 95.549 -149.6729
52.615409 95.557 -150.0511
52.996681 95.564 -150.4294
53.380717 95.571 -150.8074
53.767536 95.577 -151.1851
54.157158 95.583 -151.5621
54.549603 95.589 -151.9385
54.944892 95.594 -152.3148
55.343045 95.600 -152.6912
55.744084 95.604 -153.0678
56.148028 95.609 -153.4444
56.554900 95.613 -153.8206
56.964720 95.617 -154.1961
57.377510 95.621 -154.5706
57.793291 95.624 -154.9443
58.212085 95.628 -155.3169
58.633914 95.631 -155.6884
59.058799 95.635 -156.0587
59.486764 95.638 -156.4278
59.917829 95.641 -156.7957
60.352019 95.644 -157.1628
60.789354 95.647 -157.5294
61.229859 95.649 -157.8953
61.673556 95.651 -158.2604
62.120468 95.652 -158.6246
62.570618 95.653 -158.9883
63.024031 95.654 -159.3521
63.480729 95.654 -159.7166
63.940736 95.654 -160.0824
64.404077 95.654 -160.4492
64.870776 95.654 -160.8164
65.340856 95.653 -161.1835
65.814343 95.652 -161.5499
66.291261 95.651 -161.9153
66.771635 95.650 -162.2796
67.255489 95.648 -162.6425
67.742850 95.647 -163.0039
68.233743 95.645 -163.3639
68.728193 95.643 -163.7227
69.226226 95.641 -164.0805
69.727867 95.639 -164.4376
70.233144 95.637 -164.7941
70.742083 95.634 -165.1502
71.254709 95.631 -165.5063
71.771050 95.628 -165.8628
72.291132 95.625 -166.2198
72.814984 95.621 -166.5775
73.342631 95.618 -166.9358
73.874102 95.614 -167.2946
74.409424 95.610 -167.6538
74.948626 95.606 -168.0128
75.491734 95.601 -168.3714
76.038779 95.596 -168.7291
76.589787 95.591 -169.0859
77.144788 95.585 -169.4420
77.703811 95.579 -169.7980
78.266885 95.573 -170.1540
78.834039 95.566 -170.5104
79.405303 95.559 -170.8673
79.980706 95.552 -171.2248
80.560280 95.545 -171.5828
81.144053 95.537 -171.9411
81.732056 95.530 -172.2991
82.324320 95.522 -172.6566
82.920876 95.514 -173.0131
83.521755 95.506 -173.3685
84.126988 95.498 -173.7229
84.736607 95.489 -174.0764
85.350643 95.481 -174.4293
85.969129 95.473 -174.7820
86.592097 95.464 -175.1349
87.219579 95.455 -175.4882
87.851608 95.446 -175.8418
88.488217 95.436 -176.1958
89.129439 95.426 -176.5503
89.775308 95.416 -176.9053
90.425856 95.405 -177.2611
91.081119 95.394 -177.6179
91.741131 95.383 -177.9757
92.405925 95.372 -178.3346
93.075536 95.360 -178.6944
93.750000 95.347 -179.0548
94.429351 95.335 -179.4161
95.113625 95.322 -179.7782
95.802858 95.309 179.8588
96.497085 95.296 179.4946
97.196342 95.283 179.1297
97.900667 95.269 178.7643
98.610096 95.256 178.3990
99.324665 95.242 178.0345
100.044413 95.227 177.6714
100.769376 95.212 177.3098
101.499592 95.197 176.9496
102.235100 95.182 176.5905
102.975938 95.166 176.2313
103.722144 95.150 175.8712
104.473757 95.134 175.5091
105.230817 95.117 175.1444
105.993363 95.100 174.7769
106.761435 95.083 174.4067
107.535072 95.065 174.0345
108.314315 95.046 173.6608
109.099206 95.027 173.2861
109.889783 95.008 172.9106
110.686090 94.988 172.5342
111.488167 94.967 172.1570
112.296056 94.946 171.7791
113.109800 94.924 171.4007
113.929440 94.902 171.0222
114.755020 94.879 170.6437
115.586582 94.857 170.2654
116.424170 94.833 169.8873
117.267827 94.810 169.5088
118.117598 94.786 169.1294
118.973527 94.762 168.7484
119.835658 94.738 168.3653
120.704037 94.712 167.9803
121.578708 94.686 167.5935
122.459718 94.659 167.2051
123.347111 94.631 166.8154
124.240935 94.602 166.4243
125.141236 94.572 166.0317
126.048061 94.542 165.6375
126.961458 94.512 165.2414
127.881473 94.480 164.8434
128.808154 94.448 164.4440
129.741551 94.415 164.0434
130.681712 94.381 163.6420
131.628686 94.347 163.2397
132.582521 94.311 162.8363
133.543269 94.275 162.4316
134.510979 94.238 162.0254
135.485701 94.200 161.6178
136.467486 94.160 161.2095
137.456386 94.120 160.8011
138.452451 94.079 160.3932
139.455735 94.036 159.9863
140.466288 93.992 159.5802
141.484165 93.947 159.1747
142.509418 93.900 158.7694
143.542100 93.852 158.3635
144.582265 93.802 157.9560
145.629968 93.751 157.5464
146.685262 93.699 157.1341
147.748204 93.645 156.7194
148.818849 93.590 156.3029
149.897251 93.534 155.8859
150.983469 93.477 155.4693
152.077557 93.417 155.0545
153.179574 93.356 154.6423
154.289576 93.293 154.2335
155.407622 93.227 153.8284
156.533770 93.160 153.4269
157.668078 93.090 153.0289
158.810606 93.017 152.6342
159.961413 92.943 152.2425
161.120559 92.866 151.8541
162.288105 92.786 151.4696
163.464112 92.705 151.0900
164.648640 92.621 150.7165
165.841752 92.534 150.3506
167.043510 92.445 149.9941
168.253976 92.353 149.6481
169.473213 92.257 149.3139
170.701286 92.159 148.9923
171.938258 92.057 148.6843
173.184194 91.952 148.3907
174.439158 91.843 148.1129
175.703216 91.731 147.8523
176.976434 91.616 147.6105
178.258878 91.497 147.3892
179.550615 91.375 147.1904
180.851713 91.250 147.0165
182.162239 91.121 146.8696
183.482262 90.989 146.7523
184.811850 90.855 146.6670
186.151073 90.717 146.6168
187.500000 90.576 146.6051
188.858702 90.432 146.6353
190.227250 90.286 146.7105
191.605715 90.137 146.8333
192.994169 89.987 147.0063
194.392685 89.836 147.2318
195.801334 89.685 147.5123
197.220191 89.533 147.8505
198.649330 89.382 148.2488
200.088825 89.232 148.7099
201.538751 89.084 149.2357
202.999184 88.939 149.8275
204.470200 88.798 150.4855
205.951875 88.662 151.2093
207.444287 88.532 151.9971
208.947514 88.409 152.8459
210.461634 88.295 153.7518
211.986726 88.189 154.7098
213.522869 88.094 155.7136
215.070144 88.009 156.7563
216.628631 87.936 157.8301
218.198411 87.875 158.9268
219.779567 87.827 160.0378
221.372180 87.791 161.1546
222.976334 87.769 162.2682
224.592112 87.758 163.3691
226.219600 87.760 164.4472
227.858880 87.773 165.4929
229.510039 87.798 166.4977
231.173164 87.832 167.4543
232.848340 87.874 168.3574
234.535655 87.925 169.2026
236.235197 87.982 169.9877
237.947054 88.044 170.7119
239.671317 88.111 171.3758
241.408074 88.181 171.9807
243.157416 88.253 172.5280
244.919435 88.327 173.0195
246.694223 88.401 173.4572
248.481871 88.475 173.8435
250.282473 88.548 174.1812
252.096123 88.620 174.4731
253.922915 88.690 174.7218
255.762945 88.758 174.9301
257.616309 88.823 175.1010
259.483103 88.885 175.2373
261.363424 88.943 175.3413
263.257372 88.999 175.4153
265.165043 89.050 175.4616
267.086538 89.098 175.4834
269.021957 89.143 175.4841
270.971401 89.183 175.4673
272.934972 89.220 175.4363
274.912771 89.254 175.3936
276.904902 89.284 175.3417
278.911469 89.311 175.2825
280.932577 89.335 175.2175
282.968330 89.356 175.1484
285.018835 89.373 175.0767
287.084199 89.387 175.0039
289.164530 89.398 174.9313
291.259935 89.406 174.8602
293.370525 89.411 174.7924
295.496408 89.414 174.7295
297.637697 89.414 174.6730
299.794503 89.412 174.6240
301.966937 89.409 174.5837
304.155114 89.403 174.5527
306.359147 89.396 174.5320
308.579152 89.388 174.5219
310.815244 89.379 174.5225
313.067539 89.369 174.5336
315.336156 89.357 174.5546
317.621211 89.345 174.5856
319.922826 89.331 174.6266
322.241118 89.318 174.6781
324.576210 89.304 174.7399
326.928223 89.290 174.8116
329.297280 89.277 174.8931
331.683504 89.264 174.9841
334.087019 89.251 175.0844
336.507952 89.240 175.1936
338.946427 89.228 175.3112
341.402572 89.218 175.4366
343.876516 89.208 175.5689
346.368387 89.199 175.7072
348.878315 89.191 175.8502
351.406431 89.183 175.9969
353.952867 89.177 176.1461
356.517756 89.173 176.2968
359.101230 89.169 176.4479
361.703426 89.167 176.5989
364.324478 89.165 176.7490
366.964523 89.165 176.8978
369.623699 89.166 177.0445
372.302145 89.168 177.1881
375.000000 89.170 177.3276
377.717405 89.174 177.4622
380.454501 89.178 177.5916
383.211431 89.182 177.7155
385.988339 89.187 177.8342
388.785369 89.192 177.9478
391.602668 89.198 178.0560
394.440383 89.204 178.1580
397.298660 89.211 178.2533
400.177650 89.217 178.3415
403.077502 89.223 178.4228
405.998368 89.229 178.4973
408.940400 89.235 178.5649
411.903750 89.240 178.6257
414.888575 89.245 178.6794
417.895028 89.250 178.7260
420.923268 89.255 178.7655
423.973452 89.259 178.7986
427.045738 89.262 178.8262
430.140287 89.265 178.8495
433.257261 89.267 178.8695
436.396822 89.268 178.8867
439.559133 89.268 178.9011
442.744360 89.267 178.9127
445.952668 89.265 178.9213
449.184225 89.263 178.9269
452.439199 89.259 178.9296
455.717760 89.255 178.9293
459.020079 89.249 178.9260
462.346327 89.243 178.9200
465.696680 89.235 178.9121
469.071310 89.226 178.9031
472.470394 89.216 178.8939
475.894109 89.205 178.8851
479.342634 89.193 178.8774
482.816148 89.180 178.8713
486.314833 89.166 178.8673
489.838871 89.150 178.8655
493.388445 89.134 178.8661
496.963741 89.116 178.8693
500.564945 89.097 178.8752
504.192245 89.078 178.8838
507.845830 89.057 178.8955
511.525890 89.035 178.9107
515.232618 89.013 178.9302
518.966206 88.990 178.9549
522.726849 88.966 178.9854
526.514743 88.941 179.0218
530.330086 88.915 179.0638
534.173076 88.889 179.1114
538.043915 88.861 179.1641
541.942803 88.833 179.2223
545.869944 88.804 179.2863
549.825542 88.774 179.3566
553.809805 88.743 179.4340
557.822939 88.711 179.5189
561.865154 88.678 179.6116
565.936660 88.645 179.7120
570.037671 88.611 179.8198
574.168399 88.576 179.9349
578.329060 88.541 -179.9425
582.519870 88.504 -179.8121
586.741049 88.468 -179.6731
590.992817 88.430 -179.5250
595.275394 88.391 -179.3669
599.589005 88.352 -179.1978
603.933874 88.311 -179.0164
608.310228 88.270 -178.8211
612.718295 88.228 -178.6100
617.158304 88.185 -178.3814
621.630488 88.141 -178.1329
626.135079 88.097 -177.8622
630.672311 88.053 -177.5668
635.242423 88.011 -177.2448
639.845651 87.969 -176.8947
644.482237 87.931 -176.5167
649.152421 87.896 -176.1141
653.856447 87.866 -175.6929
658.594560 87.841 -175.2623
663.367008 87.822 -174.8327
668.174039 87.807 -174.4140
673.015903 87.796 -174.0143
677.892854 87.787 -173.6377
682.805145 87.779 -173.2848
687.753032 87.771 -172.9526
692.736774 87.762 -172.6362
697.756631 87.750 -172.3299
702.812863 87.737 -172.0276
707.905735 87.722 -171.7242
713.035511 87.705 -171.4160
718.202461 87.687 -171.0999
723.406852 87.667 -170.7742
728.648956 87.647 -170.4378
733.929047 87.627 -170.0905
739.247399 87.607 -169.7321
744.604290 87.587 -169.3626
750.000000 87.568 -168.9821
755.434809 87.550 -168.5912
760.909001 87.532 -168.1907
766.422861 87.515 -167.7814
771.976677 87.499 -167.3634
777.570739 87.484 -166.9365
783.205337 87.470 -166.4996
788.880766 87.457 -166.0516
794.597321 87.446 -165.5917
800.355301 87.435 -165.1201
806.155005 87.426 -164.6375
811.996736 87.419 -164.1454
817.880799 87.414 -163.6454
823.807501 87.410 -163.1389
829.777150 87.409 -162.6270
835.790057 87.409 -162.1106
841.846536 87.411 -161.5907
847.946903 87.415 -161.0677
854.091476 87.420 -160.5420
860.280575 87.427 -160.0139
866.514523 87.436 -159.4839
872.793644 87.447 -158.9524
879.118267 87.459 -158.4194
885.488720 87.474 -157.8853
891.905336 87.490 -157.3504
898.368450 87.508 -156.8152
904.878398 87.528 -156.2802
911.435520 87.550 -155.7460
918.040157 87.574 -155.2132
924.692655 87.601 -154.6824
931.393359 87.629 -154.1541
938.142619 87.659 -153.6285
944.940787 87.692 -153.1061
951.788218 87.726 -152.5872
958.685268 87.761 -152.0723
965.632296 87.799 -151.5619
972.629666 87.838 -151.0569
979.677741 87.879 -150.5580
986.776890 87.921 -150.0659
993.927482 87.966 -149.5807
1001.129891 88.011 -149.1023
1008.384491 88.059 -148.6309
1015.691660 88.108 -148.1670
1023.051781 88.158 -147.7116
1030.465236 88.210 -147.2657
1037.932411 88.264 -146.8298
1045.453698 88.318 -146.4047
1053.029486 88.374 -145.9908
1060.660172 88.431 -145.5886
1068.346153 88.489 -145.1982
1076.087829 88.547 -144.8197
1083.885605 88.607 -144.4526
1091.739887 88.667 -144.0970
1099.651084 88.728 -143.7526
1107.619609 88.790 -143.4190
1115.645878 88.851 -143.0958
1123.730308 88.913 -142.7821
1131.873321 88.975 -142.4774
1140.075341 89.037 -142.1814
1148.336797 89.099 -141.8940
1156.658119 89.160 -141.6153
1165.039741 89.222 -141.3450
1173.482099 89.284 -141.0830
1181.985634 89.345 -140.8291
1190.550789 89.406 -140.5835
1199.178011 89.467 -140.3463
1207.867749 89.528 -140.1173
1216.620457 89.588 -139.8960
1225.436590 89.648 -139.6819
1234.316609 89.708 -139.4742
1243.260976 89.767 -139.2722
1252.270157 89.825 -139.0755
1261.344623 89.883 -138.8841
1270.484846 89.941 -138.6979
1279.691303 89.998 -138.5170
1288.964474 90.054 -138.3411
1298.304842 90.110 -138.1699
1307.712894 90.166 -138.0036
1317.189120 90.221 -137.8424
1326.734016 90.276 -137.6866
1336.348077 90.330 -137.5361
1346.031806 90.385 -137.3909
1355.785708 90.439 -137.2506
1365.610290 90.492 -137.1145
1375.506065 90.545 -136.9817
1385.473549 90.597 -136.8514
1395.513261 90.649 -136.7228
1405.625726 90.701 -136.5957
1415.811469 90.752 -136.4704
1426.071023 90.802 -136.3473
1436.404921 90.852 -136.2267
1446.813703 90.902 -136.1085
1457.297912 90.952 -135.9927
1467.858093 91.002 -135.8789
1478.494798 91.051 -135.7666
1489.208581 91.100 -135.6550
1500.000000 91.148 -135.5435
1510.869618 91.197 -135.4317
1521.818002 91.244 -135.3192
1532.845723 91.292 -135.2058
1543.953355 91.339 -135.0918
1555.141477 91.386 -134.9773
1566.410674 91.432 -134.8629
1577.761531 91.479 -134.7489
1589.194642 91.526 -134.6351
1600.710601 91.572 -134.5210
1612.310010 91.618 -134.4058
1623.993473 91.664 -134.2887
1635.761599 91.711 -134.1690
1647.615002 91.757 -134.0463
1659.554299 91.803 -133.9201
1671.580114 91.849 -133.7902
1683.693072 91.895 -133.6564
1695.893807 91.942 -133.5186
1708.182952 91.990 -133.3766
1720.561150 92.038 -133.2305
1733.029045 92.087 -133.0806
1745.587288 92.136 -132.9277
1758.236533 92.187 -132.7732
1770.977440 92.238 -132.6180
1783.810673 92.291 -132.4630
1796.736900 92.344 -132.3090
1809.756796 92.399 -132.1563
1822.871040 92.454 -132.0054
1836.080315 92.511 -131.8565
1849.385310 92.569 -131.7101
1862.786718 92.628 -131.5662
1876.285239 92.688 -131.4250
1889.881575 92.749 -131.2869
1903.576436 92.811 -131.1520
1917.370535 92.874 -131.0209
1931.264593 92.938 -130.8944
1945.259332 93.003 -130.7731
1959.355483 93.070 -130.6576
1973.553781 93.138 -130.5486
1987.854965 93.207 -130.4462
2002.259781 93.278 -130.3508
2016.768981 93.350 -130.2629
2031.383320 93.423 -130.1830
2046.103561 93.497 -130.1122
2060.930471 93.573 -130.0509
2075.864823 93.650 -130.0000
2090.907395 93.728 -129.9596
2106.058972 93.807 -129.9303
2121.320344 93.886 -129.9126
2136.692305 93.967 -129.9073
2152.175658 94.048 -129.9153
2167.771210 94.130 -129.9376
2183.479774 94.213 -129.9752
2199.302169 94.297 -130.0288
2215.239219 94.381 -130.0995
2231.291755 94.466 -130.1881
2247.460615 94.551 -130.2956
2263.746641 94.637 -130.4230
2280.150683 94.723 -130.5709
2296.673595 94.810 -130.7401
2313.316238 94.896 -130.9313
2330.079481 94.982 -131.1453
2346.964198 95.068 -131.3828
2363.971268 95.153 -131.6440
2381.101578 95.236 -131.9286
2398.356022 95.319 -132.2361
2415.735498 95.400 -132.5654
2433.240913 95.480 -132.9161
2450.873180 95.559 -133.2881
2468.633217 95.638 -133.6825
2486.521951 95.715 -134.1012
2504.540314 95.791 -134.5466
2522.689246 95.865 -135.0208
2540.969692 95.938 -135.5251
2559.382606 96.009 -136.0600
2577.928947 96.078 -136.6251
2596.609683 96.144 -137.2193
2615.425787 96.207 -137.8412
2634.378241 96.266 -138.4888
2653.468031 96.322 -139.1603
2672.696154 96.374 -139.8531
2692.063613 96.422 -140.5649
2711.571415 96.465 -141.2931
2731.220579 96.504 -142.0357
2751.012130 96.538 -142.7911
2770.947098 96.567 -143.5581
2791.026522 96.592 -144.3356
2811.251451 96.612 -145.1221
2831.622938 96.627 -145.9160
2852.142045 96.637 -146.7152
2872.809842 96.642 -147.5170
2893.627406 96.642 -148.3190
2914.595823 96.637 -149.1183
2935.716186 96.628 -149.9119
2956.989596 96.614 -150.6969
2978.417161 96.596 -151.4699
3000.000000 96.575 -152.2282
3021.739237 96.551 -152.9699
3043.636005 96.525 -153.6946
3065.691446 96.497 -154.4029
3087.906710 96.468 -155.0962
3110.282955 96.439 -155.7758
3132.821347 96.410 -156.4437
3155.523062 96.380 -157.1027
3178.389283 96.350 -157.7560
3201.421202 96.319 -158.4067
3224.620020 96.286 -159.0570
3247.986946 96.249 -159.7078
3271.523198 96.210 -160.3587
3295.230004 96.166 -161.0078
3319.108599 96.118 -161.6524
3343.160228 96.065 -162.2889
3367.386145 96.008 -162.9135
3391.787613 95.947 -163.5225
3416.365904 95.882 -164.1122
3441.122300 95.814 -164.6795
3466.058091 95.742 -165.2214
3491.174576 95.668 -165.7353
3516.473066 95.591 -166.2188
3541.954880 95.511 -166.6701
3567.621345 95.430 -167.0885
3593.473800 95.346 -167.4739
3619.513592 95.261 -167.8273
3645.742080 95.175 -168.1494
3672.160630 95.088 -168.4408
3698.770620 95.000 -168.7012
3725.573436 94.912 -168.9306
3752.570477 94.823 -169.1288
3779.763150 94.734 -169.2962
3807.152872 94.645 -169.4326
3834.741071 94.556 -169.5380
3862.529185 94.468 -169.6126
3890.518664 94.380 -169.6566
3918.710966 94.294 -169.6710
3947.107561 94.209 -169.6569
3975.709929 94.126 -169.6162
4004.519563 94.045 -169.5508
4033.537962 93.966 -169.4625
4062.766641 93.890 -169.3535
4092.207123 93.817 -169.2259
4121.860942 93.746 -169.0824
4151.729646 93.677 -168.9250
4181.814790 93.610 -168.7555
4212.117944 93.546 -168.5747
4242.640687 93.483 -168.3825
4273.384610 93.422 -168.1782
4304.351317 93.362 -167.9607
4335.542421 93.304 -167.7288
4366.959549 93.248 -167.4819
4398.604338 93.194 -167.2198
4430.478438 93.142 -166.9422
4462.583511 93.093 -166.6496
4494.921231 93.047 -166.3428
4527.493283 93.003 -166.0233
4560.301365 92.962 -165.6926
4593.347189 92.925 -165.3526
4626.632476 92.890 -165.0051
4660.158962 92.858 -164.6516
4693.928395 92.830 -164.2935
4727.942535 92.805 -163.9319
4762.203156 92.783 -163.5678
4796.712043 92.764 -163.2019
4831.470996 92.748 -162.8349
4866.481826 92.734 -162.4670
4901.746360 92.724 -162.0986
4937.266434 92.716 -161.7302
4973.043902 92.711 -161.3624
5009.080628 92.708 -160.9962
5045.378492 92.708 -160.6322
5081.939384 92.710 -160.2710
5118.765212 92.714 -159.9129
5155.857894 92.720 -159.5578
5193.219366 92.726 -159.2057
5230.851574 92.734 -158.8567
5268.756481 92.742 -158.5125
5306.936062 92.750 -158.1760
5345.392309 92.759 -157.8505
5384.127225 92.769 -157.5380
5423.142830 92.781 -157.2390
5462.441159 92.794 -156.9527
5502.024259 92.809 -156.6767
5541.894195 92.825 -156.4075
5582.053045 92.842 -156.1399
5622.502902 92.859 -155.8667
5663.245876 92.876 -155.5780
5704.284090 92.893 -155.2610
5745.619684 92.909 -154.9001
5787.254813 92.927 -154.4778
5829.191647 92.947 -153.9758
5871.432373 92.973 -153.3773
5913.979192 93.010 -152.6711
5956.834323 93.063 -151.8563
6000.000000 93.141 -150.9479
6043.478473 93.252 -149.9812
6087.272010 93.401 -149.0138
6131.382892 93.592 -148.1238
6175.813420 93.825 -147.4033
6220.565910 94.094 -146.9467
6265.642695 94.390 -146.8382
6311.046124 94.700 -147.1416
6356.778566 95.010 -147.8941
6402.842404 95.304 -149.1043
6449.240040 95.567 -150.7534
6495.973891 95.786 -152.7971
6543.046396 95.949 -155.1685
6590.460007 96.046 -157.7808
6638.217197 96.073 -160.5311
6686.320456 96.025 -163.3054
6734.772290 95.904 -165.9857
6783.575226 95.716 -168.4580
6832.731809 95.468 -170.6219
6882.244600 95.174 -172.3990
6932.116181 94.848 -173.7407
6982.349153 94.505 -174.6315
7032.946133 94.161 -175.0889
7083.909760 93.828 -175.1583
7135.242690 93.518 -174.9051
7186.947600 93.235 -174.4047
7239.027185 92.984 -173.7318
7291.484160 92.763 -172.9521
7344.321260 92.570 -172.1175
7397.541239 92.401 -171.2642
7451.146872 92.253 -170.4144
7505.140954 92.121 -169.5789
7559.526299 92.003 -168.7611
7614.305743 91.895 -167.9594
7669.482141 91.797 -167.1698
7725.058371 91.706 -166.3868
7781.037328 91.621 -165.6046
7837.421932 91.541 -164.8181
7894.215122 91.465 -164.0230
7951.419859 91.394 -163.2160
8009.039125 91.327 -162.3954
8067.075924 91.263 -161.5599
8125.533282 91.202 -160.7089
8184.414245 91.145 -159.8415
8243.721885 91.090 -158.9563
8303.459292 91.038 -158.0502
8363.629581 90.986 -157.1169
8424.235888 90.935 -156.1461
8485.281374 90.885 -155.1218
8546.769221 90.834 -154.0206
8608.702634 90.784 -152.8098
8671.084842 90.737 -151.4471
8733.919097 90.699 -149.8807
8797.208675 90.677 -148.0544
8860.956876 90.685 -145.9173
8925.167022 90.742 -143.4425
8989.842461 90.871 -140.6520
9054.986566 91.093 -137.6439
9120.602731 91.423 -134.6049
9186.694378 91.865 -131.7949
9253.264952 92.403 -129.4977
9320.317925 93.008 -127.9593
9387.856790 93.643 -127.3413
9455.885071 94.269 -127.7063
9524.406312 94.852 -129.0295
9593.424086 95.370 -131.2251
9662.941992 95.808 -134.1740
9732.963653 96.162 -137.7405
9803.492719 96.431 -141.7798
9874.532869 96.614 -146.1443
9946.087805 96.714 -150.6917
10018.161257 96.732 -155.2908
10090.756983 96.672 -159.8252
10163.878768 96.537 -164.1930
10237.530423 96.333 -168.3062
10311.715789 96.065 -172.0892
10386.438732 95.741 -175.4765
10461.703149 95.369 -178.4108
10537.512962 94.959 179.1583
10613.872125 94.522 177.2718
10690.784618 94.073 175.9558
10768.254450 93.626 175.2142
10846.285661 93.196 175.0228
10924.882318 92.794 175.3282
11004.048518 92.430 176.0529
11083.788390 92.111 177.1050
11164.106090 91.840 178.3873
11245.005805 91.617 179.8048
11326.491752 91.441 -178.7293
11408.568180 91.308 -177.2896
11491.239368 91.213 -175.9326
11574.509626 91.148 -174.6906
11658.383294 91.106 -173.5706
11742.864745 91.083 -172.5624
11827.958384 91.074 -171.6496
11913.668646 91.078 -170.8152
12000.000000 91.092 -170.0440
12086.956947 91.117 -169.3232
12174.544019 91.154 -168.6429
12262.765784 91.204 -167.9970
12351.626840 91.268 -167.3839
12441.131819 91.351 -166.8076
12531.285389 91.454 -166.2787
12622.092249 91.581 -165.8169
12713.557132 91.735 -165.4519
12805.684808 91.919 -165.2254
12898.480079 92.133 -165.1905
12991.947783 92.379 -165.4117
13086.092792 92.652 -165.9622
13180.920015 92.947 -166.9183
13276.434395 93.252 -168.3509
13372.640911 93.554 -170.3143
13469.544580 93.833 -172.8352
13567.150452 94.072 -175.9038
13665.463617 94.252 -179.4715
13764.489200 94.356 176.5473
13864.232362 94.373 172.2683
13964.698305 94.295 167.8270
14065.892266 94.121 163.3640
14167.819519 93.854 159.0100
14270.485380 93.501 154.8724
14373.895200 93.074 151.0287
14478.054370 92.582 147.5297
14582.968320 92.034 144.4123
14688.642520 91.434 141.7230
14795.082478 90.786 139.5475
14902.293745 90.093 138.0403
15010.281908 89.370 137.4417
15119.052599 88.653 138.0520
15228.611486 88.012 140.0976
15338.964283 87.548 143.4299
15450.116741 87.349 147.2283
15562.074656 87.417 150.2339
15674.843864 87.658 151.5563
15788.430244 87.948 151.1177
15902.839718 88.208 149.3430
16018.078250 88.410 146.6974
16134.151848 88.558 143.4747
16251.066563 88.663 139.7894
16368.828491 88.725 135.6483
16487.443769 88.735 131.0301
16606.918584 88.670 125.9440
16727.259161 88.506 120.4615
16848.471777 88.221 114.7188
16970.562748 87.799 108.8997
17093.538442 87.236 103.2036
17217.405268 86.538 97.8140
17342.169684 85.718 92.8738
17467.838194 84.796 88.4753
17594.417350 83.790 84.6613
17721.913751 82.721 81.4354
17850.334044 81.604 78.7766
17979.684923 80.452 76.6528
18109.973131 79.274 75.0322
18241.205462 78.077 73.8885
18373.388756 76.866 73.2021
18506.529905 75.644 72.9576
18640.635849 74.414 73.1410
18775.713581 73.180 73.7348
18911.770141 71.943 74.7162
19048.812624 70.709 76.0571
19186.848172 69.479 77.7266
19325.883983 68.261 79.6921
19465.927305 67.067 81.9112
19606.985439 65.927 84.3015
19749.065738 64.904 86.6829
19892.175609 64.101 88.7158
20036.322514 63.650 89.9259
