* Measurement data measured by REW V5.31
* Source: EXCL: Microphone (USB Sound Device        ), MICROPHONE (Master Volume), L, volume: 0.390
* Format: 256k Log Swept Sine, 1 sweep at -10.0 dBFS with no timing reference
* Dated: Oct 9, 2024 12:46:14 AM
* REW Settings:
*  C-weighting compensation: Off
*  Target level: 75.0 dB
* Note: KZ PRX L
* Measurement: L KZ PRX
* Smoothing: 1/12 octave
* Frequency Step: 96 ppo
* Start Frequency: 0.36621094 Hz
*
* Freq(Hz)	SPL(dB)	Phase(degrees)
0.366211	76.623	-163.8836
0.368865	76.622	-163.8602
0.371538	76.621	-163.8253
0.374230	76.619	-163.7818
0.376942	76.617	-163.7322
0.379673	76.616	-163.6782
0.382424	76.614	-163.6210
0.385196	76.612	-163.5614
0.387987	76.610	-163.4997
0.390798	76.608	-163.4362
0.393630	76.605	-163.3710
0.396483	76.603	-163.3042
0.399356	76.601	-163.2357
0.402250	76.599	-163.1656
0.405165	76.597	-163.0938
0.408101	76.595	-163.0203
0.411058	76.593	-162.9452
0.414037	76.591	-162.8683
0.417037	76.588	-162.7897
0.420059	76.586	-162.7093
0.423103	76.584	-162.6271
0.426169	76.582	-162.5431
0.429257	76.580	-162.4573
0.432368	76.577	-162.3696
0.435501	76.575	-162.2800
0.438656	76.573	-162.1885
0.441835	76.570	-162.0950
0.445037	76.568	-161.9996
0.448262	76.566	-161.9022
0.451510	76.563	-161.8028
0.454782	76.561	-161.7014
0.458077	76.559	-161.5979
0.461397	76.556	-161.4922
0.464740	76.554	-161.3845
0.468108	76.551	-161.2746
0.471500	76.549	-161.1626
0.474917	76.546	-161.0483
0.478358	76.544	-160.9319
0.481825	76.541	-160.8131
0.485316	76.539	-160.6921
0.488833	76.536	-160.5688
0.492375	76.534	-160.4431
0.495943	76.531	-160.3151
0.499537	76.528	-160.1847
0.503157	76.526	-160.0518
0.506803	76.523	-159.9165
0.510475	76.520	-159.7787
0.514175	76.518	-159.6385
0.517900	76.515	-159.4957
0.521653	76.512	-159.3503
0.525434	76.509	-159.2023
0.529241	76.507	-159.0517
0.533076	76.504	-158.8984
0.536939	76.501	-158.7425
0.540830	76.498	-158.5838
0.544749	76.495	-158.4224
0.548696	76.492	-158.2583
0.552673	76.490	-158.0913
0.556677	76.487	-157.9215
0.560711	76.484	-157.7488
0.564774	76.481	-157.5733
0.568867	76.478	-157.3948
0.572989	76.475	-157.2134
0.577141	76.472	-157.0289
0.581324	76.469	-156.8415
0.585536	76.466	-156.6511
0.589779	76.462	-156.4575
0.594053	76.459	-156.2609
0.598358	76.456	-156.0611
0.602694	76.453	-155.8582
0.607061	76.450	-155.6520
0.611460	76.447	-155.4427
0.615891	76.443	-155.2301
0.620354	76.440	-155.0142
0.624849	76.437	-154.7950
0.629377	76.434	-154.5724
0.633938	76.430	-154.3465
0.638532	76.427	-154.1171
0.643159	76.424	-153.8844
0.647819	76.420	-153.6481
0.652514	76.417	-153.4084
0.657242	76.413	-153.1651
0.662005	76.410	-152.9183
0.666802	76.406	-152.6679
0.671634	76.403	-152.4139
0.676501	76.399	-152.1563
0.681403	76.396	-151.8949
0.686341	76.392	-151.6299
0.691314	76.388	-151.3612
0.696324	76.385	-151.0886
0.701370	76.381	-150.8123
0.706452	76.378	-150.5321
0.711571	76.374	-150.2481
0.716728	76.371	-149.9600
0.721921	76.368	-149.6680
0.727153	76.365	-149.3717
0.732422	76.362	-149.0711
0.737729	76.361	-148.7660
0.743075	76.359	-148.4562
0.748460	76.358	-148.1415
0.753883	76.356	-147.8217
0.759346	76.355	-147.4967
0.764849	76.354	-147.1665
0.770391	76.352	-146.8309
0.775974	76.351	-146.4897
0.781597	76.349	-146.1430
0.787261	76.347	-145.7906
0.792966	76.345	-145.4325
0.798712	76.343	-145.0685
0.804500	76.341	-144.6987
0.810329	76.339	-144.3229
0.816201	76.337	-143.9411
0.822116	76.334	-143.5531
0.828073	76.332	-143.1590
0.834074	76.330	-142.7587
0.840118	76.328	-142.3520
0.846206	76.326	-141.9390
0.852338	76.324	-141.5195
0.858514	76.322	-141.0937
0.864735	76.320	-140.6613
0.871001	76.319	-140.2223
0.877313	76.317	-139.7768
0.883670	76.316	-139.3247
0.890074	76.316	-138.8659
0.896524	76.315	-138.4005
0.903020	76.315	-137.9284
0.909564	76.316	-137.4497
0.916155	76.316	-136.9642
0.922794	76.318	-136.4722
0.929481	76.320	-135.9735
0.936216	76.322	-135.4683
0.943000	76.325	-134.9565
0.949834	76.329	-134.4382
0.956717	76.334	-133.9134
0.963649	76.339	-133.3823
0.970632	76.345	-132.8449
0.977666	76.352	-132.3013
0.984750	76.360	-131.7516
0.991886	76.369	-131.1959
0.999074	76.379	-130.6344
1.006314	76.391	-130.0673
1.013606	76.403	-129.4946
1.020951	76.417	-128.9165
1.028349	76.432	-128.3333
1.035801	76.448	-127.7450
1.043307	76.466	-127.1520
1.050867	76.486	-126.5545
1.058482	76.507	-125.9526
1.066152	76.530	-125.3465
1.073878	76.555	-124.7364
1.081660	76.582	-124.1224
1.089498	76.610	-123.5046
1.097393	76.641	-122.8828
1.105345	76.674	-122.2569
1.113355	76.708	-121.6267
1.121423	76.744	-120.9921
1.129549	76.783	-120.3530
1.137734	76.823	-119.7095
1.145979	76.865	-119.0619
1.154283	76.909	-118.4102
1.162647	76.955	-117.7548
1.171072	77.003	-117.0961
1.179558	77.053	-116.4344
1.188106	77.105	-115.7700
1.196715	77.158	-115.1034
1.205387	77.213	-114.4351
1.214122	77.271	-113.7655
1.222920	77.330	-113.0950
1.231782	77.390	-112.4242
1.240708	77.453	-111.7536
1.249699	77.517	-111.0837
1.258754	77.584	-110.4150
1.267876	77.651	-109.7482
1.277063	77.721	-109.0838
1.286318	77.792	-108.4224
1.295639	77.865	-107.7646
1.305027	77.939	-107.1110
1.314484	78.015	-106.4622
1.324009	78.093	-105.8188
1.333604	78.172	-105.1814
1.343268	78.252	-104.5507
1.353002	78.334	-103.9273
1.362806	78.417	-103.3118
1.372681	78.502	-102.7047
1.382628	78.587	-102.1068
1.392647	78.674	-101.5185
1.402739	78.762	-100.9403
1.412904	78.852	-100.3728
1.423142	78.942	-99.8162
1.433455	79.034	-99.2706
1.443843	79.127	-98.7361
1.454305	79.221	-98.2121
1.464844	79.317	-97.6980
1.475459	79.415	-97.1928
1.486150	79.515	-96.6955
1.496920	79.618	-96.2056
1.507767	79.723	-95.7227
1.518693	79.831	-95.2469
1.529698	79.941	-94.7784
1.540783	80.054	-94.3176
1.551948	80.170	-93.8650
1.563194	80.288	-93.4211
1.574521	80.408	-92.9865
1.585931	80.530	-92.5616
1.597423	80.654	-92.1471
1.608999	80.780	-91.7434
1.620658	80.908	-91.3511
1.632402	81.037	-90.9705
1.644232	81.168	-90.6023
1.656146	81.300	-90.2468
1.668147	81.433	-89.9044
1.680235	81.567	-89.5756
1.692411	81.702	-89.2608
1.704675	81.837	-88.9603
1.717028	81.973	-88.6745
1.729470	82.109	-88.4038
1.742003	82.244	-88.1483
1.754626	82.380	-87.9084
1.767341	82.514	-87.6843
1.780147	82.648	-87.4759
1.793047	82.782	-87.2833
1.806040	82.914	-87.1060
1.819128	83.046	-86.9434
1.832310	83.177	-86.7945
1.845587	83.308	-86.6583
1.858961	83.438	-86.5335
1.872432	83.569	-86.4194
1.886001	83.699	-86.3153
1.899667	83.830	-86.2209
1.913433	83.961	-86.1362
1.927299	84.092	-86.0611
1.941265	84.223	-85.9958
1.955332	84.355	-85.9403
1.969501	84.486	-85.8949
1.983773	84.618	-85.8596
1.998148	84.749	-85.8346
2.012627	84.881	-85.8201
2.027212	85.012	-85.8162
2.041902	85.142	-85.8231
2.056698	85.273	-85.8410
2.071602	85.403	-85.8700
2.086614	85.532	-85.9103
2.101734	85.660	-85.9621
2.116964	85.788	-86.0255
2.132304	85.916	-86.1006
2.147756	86.042	-86.1877
2.163320	86.167	-86.2866
2.178996	86.291	-86.3974
2.194786	86.414	-86.5199
2.210690	86.537	-86.6539
2.226710	86.658	-86.7989
2.242845	86.778	-86.9546
2.259098	86.897	-87.1203
2.275468	87.015	-87.2958
2.291957	87.132	-87.4805
2.308566	87.248	-87.6741
2.325295	87.363	-87.8761
2.342145	87.477	-88.0863
2.359117	87.590	-88.3042
2.376212	87.702	-88.5296
2.393431	87.813	-88.7622
2.410775	87.923	-89.0017
2.428244	88.031	-89.2479
2.445840	88.139	-89.5006
2.463564	88.246	-89.7597
2.481416	88.352	-90.0252
2.499397	88.456	-90.2970
2.517509	88.560	-90.5753
2.535752	88.662	-90.8605
2.554127	88.764	-91.1530
2.572635	88.864	-91.4534
2.591277	88.962	-91.7623
2.610055	89.059	-92.0799
2.628968	89.155	-92.4064
2.648019	89.249	-92.7414
2.667208	89.342	-93.0843
2.686535	89.433	-93.4346
2.706003	89.523	-93.7914
2.725612	89.611	-94.1541
2.745363	89.697	-94.5217
2.765257	89.783	-94.8936
2.785295	89.867	-95.2689
2.805478	89.949	-95.6471
2.825808	90.031	-96.0275
2.846285	90.111	-96.4096
2.866910	90.189	-96.7933
2.887685	90.267	-97.1786
2.908611	90.343	-97.5658
2.929688	90.417	-97.9559
2.950917	90.490	-98.3499
2.972301	90.562	-98.7486
2.993839	90.631	-99.1529
3.015534	90.699	-99.5626
3.037386	90.766	-99.9776
3.059396	90.830	-100.3971
3.081565	90.893	-100.8204
3.103896	90.954	-101.2464
3.126388	91.014	-101.6741
3.149043	91.072	-102.1024
3.171862	91.128	-102.5302
3.194847	91.184	-102.9566
3.217998	91.238	-103.3809
3.241317	91.291	-103.8024
3.264805	91.342	-104.2212
3.288463	91.392	-104.6376
3.312293	91.441	-105.0524
3.336295	91.488	-105.4666
3.360471	91.533	-105.8809
3.384822	91.576	-106.2958
3.409350	91.618	-106.7114
3.434056	91.659	-107.1271
3.458940	91.697	-107.5424
3.484005	91.735	-107.9565
3.509252	91.771	-108.3686
3.534681	91.806	-108.7776
3.560295	91.839	-109.1827
3.586094	91.872	-109.5831
3.612081	91.904	-109.9781
3.638255	91.935	-110.3675
3.664620	91.965	-110.7512
3.691175	91.994	-111.1297
3.717923	92.022	-111.5034
3.744864	92.048	-111.8729
3.772001	92.074	-112.2385
3.799335	92.098	-112.6003
3.826866	92.121	-112.9583
3.854597	92.144	-113.3123
3.882529	92.165	-113.6622
3.910664	92.186	-114.0076
3.939002	92.207	-114.3480
3.967546	92.228	-114.6832
3.996296	92.248	-115.0128
4.025255	92.268	-115.3364
4.054423	92.288	-115.6538
4.083804	92.308	-115.9651
4.113396	92.327	-116.2705
4.143204	92.346	-116.5705
4.173227	92.365	-116.8656
4.203468	92.384	-117.1565
4.233928	92.402	-117.4439
4.264609	92.421	-117.7284
4.295512	92.440	-118.0106
4.326639	92.459	-118.2908
4.357992	92.478	-118.5694
4.389572	92.498	-118.8461
4.421380	92.519	-119.1209
4.453419	92.540	-119.3936
4.485691	92.561	-119.6642
4.518196	92.583	-119.9330
4.550936	92.605	-120.2008
4.583914	92.627	-120.4685
4.617131	92.650	-120.7371
4.650589	92.673	-121.0076
4.684289	92.697	-121.2808
4.718233	92.721	-121.5575
4.752424	92.745	-121.8380
4.786862	92.770	-122.1225
4.821549	92.795	-122.4107
4.856488	92.820	-122.7028
4.891680	92.846	-122.9987
4.927127	92.872	-123.2987
4.962831	92.898	-123.6031
4.998794	92.924	-123.9124
5.035017	92.950	-124.2273
5.071503	92.976	-124.5482
5.108253	93.002	-124.8755
5.145270	93.027	-125.2096
5.182555	93.052	-125.5506
5.220110	93.077	-125.8983
5.257937	93.101	-126.2524
5.296038	93.125	-126.6124
5.334415	93.148	-126.9780
5.373071	93.171	-127.3485
5.412006	93.193	-127.7237
5.451224	93.214	-128.1035
5.490725	93.234	-128.4878
5.530514	93.253	-128.8768
5.570590	93.272	-129.2705
5.610957	93.289	-129.6686
5.651616	93.305	-130.0704
5.692570	93.321	-130.4751
5.733821	93.335	-130.8816
5.775370	93.348	-131.2890
5.817221	93.361	-131.6967
5.859375	93.372	-132.1041
5.901834	93.383	-132.5111
5.944602	93.392	-132.9177
5.987679	93.401	-133.3237
6.031068	93.408	-133.7287
6.074771	93.415	-134.1321
6.118792	93.422	-134.5330
6.163131	93.427	-134.9307
6.207792	93.432	-135.3248
6.252776	93.437	-135.7147
6.298086	93.442	-136.1005
6.343725	93.446	-136.4822
6.389694	93.450	-136.8600
6.435996	93.454	-137.2340
6.482634	93.458	-137.6043
6.529610	93.462	-137.9709
6.576926	93.466	-138.3338
6.624585	93.471	-138.6929
6.672590	93.477	-139.0483
6.720942	93.483	-139.4005
6.769645	93.489	-139.7500
6.818700	93.497	-140.0975
6.868111	93.504	-140.4440
6.917881	93.513	-140.7899
6.968010	93.522	-141.1359
7.018504	93.533	-141.4821
7.069362	93.544	-141.8289
7.120590	93.556	-142.1767
7.172189	93.568	-142.5262
7.224161	93.581	-142.8781
7.276511	93.595	-143.2329
7.329239	93.610	-143.5913
7.382350	93.625	-143.9534
7.435845	93.640	-144.3194
7.489729	93.655	-144.6891
7.544002	93.671	-145.0626
7.598669	93.687	-145.4397
7.653732	93.703	-145.8205
7.709194	93.719	-146.2049
7.765058	93.735	-146.5927
7.821327	93.750	-146.9836
7.878004	93.765	-147.3770
7.935091	93.780	-147.7721
7.992592	93.795	-148.1682
8.050510	93.808	-148.5647
8.108847	93.822	-148.9612
8.167607	93.835	-149.3570
8.226793	93.847	-149.7516
8.286408	93.859	-150.1443
8.346454	93.871	-150.5343
8.406936	93.882	-150.9209
8.467856	93.892	-151.3035
8.529218	93.903	-151.6818
8.591024	93.913	-152.0556
8.653278	93.924	-152.4246
8.715983	93.934	-152.7887
8.779143	93.944	-153.1476
8.842760	93.955	-153.5012
8.906839	93.966	-153.8497
8.971381	93.977	-154.1933
9.036392	93.988	-154.5323
9.101873	94.000	-154.8673
9.167829	94.012	-155.1985
9.234263	94.025	-155.5263
9.301178	94.038	-155.8510
9.368578	94.052	-156.1733
9.436467	94.066	-156.4935
9.504847	94.080	-156.8122
9.573723	94.094	-157.1298
9.643099	94.108	-157.4464
9.712976	94.122	-157.7623
9.783361	94.133	-158.0776
9.854255	94.143	-158.3924
9.925663	94.151	-158.7067
9.997588	94.157	-159.0204
10.070035	94.159	-159.3333
10.143007	94.160	-159.6451
10.216507	94.159	-159.9554
10.290540	94.155	-160.2640
10.365109	94.151	-160.5705
10.440219	94.144	-160.8745
10.515873	94.137	-161.1757
10.592076	94.129	-161.4738
10.668830	94.120	-161.7683
10.746141	94.111	-162.0592
10.824012	94.101	-162.3463
10.902447	94.091	-162.6297
10.981451	94.080	-162.9093
11.061027	94.070	-163.1852
11.141180	94.059	-163.4577
11.221913	94.048	-163.7270
11.303232	94.036	-163.9934
11.385140	94.025	-164.2574
11.467641	94.013	-164.5192
11.550741	94.002	-164.7792
11.634442	93.990	-165.0377
11.718750	93.979	-165.2952
11.803669	93.968	-165.5517
11.889203	93.956	-165.8076
11.975357	93.945	-166.0629
12.062136	93.934	-166.3176
12.149543	93.923	-166.5719
12.237583	93.911	-166.8255
12.326262	93.900	-167.0785
12.415583	93.887	-167.3308
12.505552	93.875	-167.5821
12.596172	93.862	-167.8324
12.687449	93.848	-168.0817
12.779387	93.834	-168.3300
12.871992	93.820	-168.5772
12.965268	93.805	-168.8236
13.059220	93.791	-169.0693
13.153852	93.776	-169.3146
13.249170	93.761	-169.5597
13.345179	93.747	-169.8051
13.441884	93.732	-170.0510
13.539289	93.718	-170.2978
13.637401	93.703	-170.5458
13.736223	93.689	-170.7952
13.835761	93.675	-171.0462
13.936021	93.660	-171.2989
14.037007	93.645	-171.5533
14.138725	93.630	-171.8093
14.241180	93.615	-172.0668
14.344377	93.599	-172.3256
14.448323	93.582	-172.5853
14.553021	93.566	-172.8459
14.658478	93.549	-173.1070
14.764700	93.531	-173.3684
14.871691	93.514	-173.6301
14.979457	93.497	-173.8920
15.088005	93.480	-174.1542
15.197339	93.464	-174.4167
15.307465	93.447	-174.6797
15.418389	93.431	-174.9435
15.530117	93.415	-175.2084
15.642655	93.399	-175.4744
15.756008	93.383	-175.7419
15.870182	93.367	-176.0110
15.985184	93.352	-176.2816
16.101019	93.336	-176.5536
16.217694	93.320	-176.8270
16.335214	93.305	-177.1012
16.453586	93.289	-177.3762
16.572815	93.274	-177.6513
16.692909	93.259	-177.9262
16.813872	93.244	-178.2005
16.935713	93.229	-178.4738
17.058436	93.215	-178.7459
17.182048	93.201	-179.0166
17.306556	93.188	-179.2857
17.431967	93.175	-179.5533
17.558286	93.162	-179.8195
17.685521	93.149	179.9158
17.813677	93.136	179.6525
17.942762	93.124	179.3903
18.072783	93.111	179.1295
18.203746	93.099	178.8698
18.335658	93.086	178.6116
18.468526	93.074	178.3549
18.602356	93.062	178.0999
18.737156	93.049	177.8469
18.872934	93.037	177.5959
19.009695	93.025	177.3473
19.147447	93.013	177.1010
19.286197	93.001	176.8571
19.425953	92.989	176.6156
19.566721	92.977	176.3764
19.708510	92.965	176.1393
19.851326	92.952	175.9043
19.995177	92.940	175.6710
20.140070	92.927	175.4393
20.286013	92.914	175.2090
20.433014	92.900	174.9800
20.581080	92.886	174.7521
20.730219	92.872	174.5252
20.880439	92.858	174.2990
21.031747	92.844	174.0734
21.184152	92.829	173.8482
21.337661	92.814	173.6231
21.492282	92.799	173.3981
21.648024	92.784	173.1729
21.804895	92.769	172.9475
21.962902	92.753	172.7218
22.122054	92.737	172.4958
22.282360	92.720	172.2697
22.443827	92.703	172.0434
22.606464	92.686	171.8171
22.770280	92.668	171.5907
22.935283	92.650	171.3643
23.101481	92.632	171.1376
23.268884	92.613	170.9105
23.437500	92.595	170.6828
23.607338	92.576	170.4542
23.778406	92.557	170.2245
23.950714	92.537	169.9937
24.124271	92.518	169.7618
24.299086	92.498	169.5288
24.475167	92.478	169.2950
24.652524	92.458	169.0609
24.831166	92.438	168.8265
25.011103	92.417	168.5922
25.192344	92.397	168.3582
25.374898	92.377	168.1247
25.558775	92.357	167.8915
25.743984	92.337	167.6589
25.930536	92.317	167.4268
26.118439	92.298	167.1954
26.307704	92.278	166.9648
26.498341	92.258	166.7354
26.690359	92.239	166.5074
26.883768	92.219	166.2811
27.078579	92.199	166.0568
27.274801	92.180	165.8344
27.472446	92.160	165.6141
27.671522	92.141	165.3956
27.872042	92.121	165.1786
28.074014	92.101	164.9631
28.277450	92.081	164.7489
28.482360	92.060	164.5360
28.688755	92.040	164.3246
28.896645	92.018	164.1148
29.106042	91.997	163.9072
29.316957	91.975	163.7018
29.529400	91.952	163.4988
29.743382	91.929	163.2982
29.958915	91.907	163.0998
30.176009	91.884	162.9031
30.394677	91.861	162.7076
30.614929	91.838	162.5125
30.836778	91.815	162.3171
31.060234	91.792	162.1211
31.285309	91.769	161.9238
31.512015	91.746	161.7251
31.740364	91.722	161.5248
31.970368	91.698	161.3232
32.202039	91.674	161.1202
32.435388	91.649	160.9163
32.670428	91.624	160.7115
32.907171	91.599	160.5060
33.145630	91.574	160.3000
33.385817	91.548	160.0935
33.627745	91.523	159.8867
33.871425	91.497	159.6797
34.116871	91.471	159.4728
34.364096	91.445	159.2662
34.613113	91.419	159.0604
34.863934	91.393	158.8553
35.116572	91.367	158.6513
35.371041	91.341	158.4483
35.627354	91.315	158.2462
35.885525	91.289	158.0450
36.145566	91.263	157.8451
36.407492	91.236	157.6469
36.671316	91.209	157.4510
36.937051	91.181	157.2583
37.204712	91.153	157.0692
37.474313	91.125	156.8838
37.745867	91.097	156.7022
38.019389	91.069	156.5237
38.294893	91.041	156.3477
38.572394	91.013	156.1735
38.851905	90.985	156.0003
39.133442	90.957	155.8279
39.417019	90.929	155.6558
39.702651	90.900	155.4841
39.990353	90.871	155.3127
40.280140	90.842	155.1418
40.572026	90.812	154.9717
40.866028	90.782	154.8026
41.162160	90.752	154.6346
41.460438	90.721	154.4680
41.760877	90.691	154.3025
42.063494	90.660	154.1378
42.368303	90.629	153.9735
42.675322	90.598	153.8094
42.984565	90.567	153.6451
43.296048	90.536	153.4808
43.609789	90.504	153.3167
43.925804	90.472	153.1530
44.244108	90.440	152.9900
44.564719	90.408	152.8278
44.887654	90.375	152.6665
45.212928	90.343	152.5063
45.540560	90.310	152.3474
45.870565	90.276	152.1900
46.202962	90.243	152.0345
46.537768	90.209	151.8810
46.875000	90.176	151.7293
47.214676	90.142	151.5793
47.556813	90.109	151.4308
47.901429	90.075	151.2835
48.248542	90.042	151.1374
48.598171	90.008	150.9925
48.950334	89.974	150.8488
49.305048	89.940	150.7065
49.662333	89.906	150.5654
50.022206	89.872	150.4258
50.384688	89.838	150.2878
50.749796	89.803	150.1520
51.117550	89.768	150.0187
51.487969	89.733	149.8883
51.861072	89.698	149.7609
52.236879	89.662	149.6365
52.615409	89.627	149.5148
52.996681	89.591	149.3956
53.380717	89.556	149.2787
53.767536	89.521	149.1640
54.157158	89.486	149.0515
54.549603	89.451	148.9410
54.944892	89.417	148.8320
55.343045	89.383	148.7235
55.744084	89.349	148.6144
56.148028	89.315	148.5037
56.554900	89.281	148.3911
56.964720	89.247	148.2768
57.377510	89.213	148.1611
57.793291	89.178	148.0449
58.212085	89.143	147.9287
58.633914	89.108	147.8134
59.058799	89.071	147.6996
59.486764	89.035	147.5874
59.917829	88.998	147.4764
60.352019	88.960	147.3657
60.789354	88.922	147.2546
61.229859	88.883	147.1432
61.673556	88.842	147.0329
62.120468	88.801	146.9254
62.570618	88.758	146.8223
63.024031	88.714	146.7248
63.480729	88.669	146.6333
63.940736	88.624	146.5481
64.404077	88.578	146.4694
64.870776	88.532	146.3977
65.340856	88.486	146.3335
65.814343	88.440	146.2773
66.291261	88.393	146.2299
66.771635	88.347	146.1923
67.255489	88.302	146.1656
67.742850	88.257	146.1504
68.233743	88.214	146.1472
68.728193	88.171	146.1560
69.226226	88.131	146.1768
69.727867	88.091	146.2091
70.233144	88.054	146.2527
70.742083	88.018	146.3076
71.254709	87.985	146.3741
71.771050	87.953	146.4516
72.291132	87.925	146.5363
72.814984	87.900	146.6214
73.342631	87.878	146.7000
73.874102	87.859	146.7660
74.409424	87.843	146.8140
74.948626	87.829	146.8368
75.491734	87.816	146.8269
76.038779	87.803	146.7808
76.589787	87.789	146.7021
77.144788	87.772	146.5987
77.703811	87.753	146.4777
78.266885	87.731	146.3435
78.834039	87.708	146.1986
79.405303	87.684	146.0448
79.980706	87.658	145.8832
80.560280	87.631	145.7148
81.144053	87.601	145.5412
81.732056	87.570	145.3660
82.324320	87.535	145.1932
82.920876	87.498	145.0260
83.521755	87.459	144.8671
84.126988	87.417	144.7193
84.736607	87.372	144.5854
85.350643	87.325	144.4675
85.969129	87.277	144.3671
86.592097	87.227	144.2843
87.219579	87.177	144.2185
87.851608	87.126	144.1685
88.488217	87.077	144.1313
89.129439	87.027	144.1036
89.775308	86.979	144.0828
90.425856	86.930	144.0692
91.081119	86.882	144.0662
91.741131	86.835	144.0772
92.405925	86.788	144.1030
93.075536	86.743	144.1412
93.750000	86.700	144.1884
94.429351	86.659	144.2423
95.113625	86.618	144.3020
95.802858	86.578	144.3674
96.497085	86.539	144.4388
97.196342	86.499	144.5162
97.900667	86.460	144.5999
98.610096	86.420	144.6913
99.324665	86.381	144.7916
100.044413	86.342	144.8999
100.769376	86.306	145.0118
101.499592	86.271	145.1226
102.235100	86.240	145.2292
102.975938	86.212	145.3306
103.722144	86.187	145.4256
104.473757	86.167	145.5116
105.230817	86.151	145.5834
105.993363	86.137	145.6370
106.761435	86.125	145.6729
107.535072	86.113	145.6948
108.314315	86.102	145.7039
109.099206	86.089	145.6978
109.889783	86.076	145.6739
110.686090	86.061	145.6306
111.488167	86.044	145.5668
112.296056	86.026	145.4836
113.109800	86.006	145.3864
113.929440	85.984	145.2855
114.755020	85.961	145.1931
115.586582	85.936	145.1217
116.424170	85.909	145.0820
117.267827	85.883	145.0783
118.117598	85.857	145.1021
118.973527	85.831	145.1313
119.835658	85.802	145.1437
120.704037	85.767	145.1346
121.578708	85.724	145.1172
122.459718	85.675	145.1039
123.347111	85.624	145.0980
124.240935	85.574	145.0956
125.141236	85.525	145.0914
126.048061	85.480	145.0825
126.961458	85.436	145.0737
127.881473	85.394	145.0742
128.808154	85.353	145.0911
129.741551	85.313	145.1240
130.681712	85.275	145.1650
131.628686	85.236	145.2050
132.582521	85.197	145.2385
133.543269	85.157	145.2656
134.510979	85.115	145.2911
135.485701	85.073	145.3209
136.467486	85.031	145.3604
137.456386	84.989	145.4152
138.452451	84.948	145.4905
139.455735	84.907	145.5900
140.466288	84.867	145.7135
141.484165	84.829	145.8575
142.509418	84.794	146.0175
143.542100	84.762	146.1889
144.582265	84.733	146.3673
145.629968	84.710	146.5475
146.685262	84.690	146.7231
147.748204	84.676	146.8870
148.818849	84.665	147.0316
149.897251	84.657	147.1497
150.983469	84.650	147.2357
152.077557	84.643	147.2877
153.179574	84.634	147.3081
154.289576	84.623	147.3030
155.407622	84.609	147.2791
156.533770	84.593	147.2409
157.668078	84.574	147.1915
158.810606	84.553	147.1344
159.961413	84.528	147.0738
161.120559	84.500	147.0138
162.288105	84.469	146.9580
163.464112	84.435	146.9095
164.648640	84.398	146.8713
165.841752	84.359	146.8461
167.043510	84.318	146.8365
168.253976	84.275	146.8452
169.473213	84.231	146.8735
170.701286	84.187	146.9202
171.938258	84.144	146.9806
173.184194	84.103	147.0486
174.439158	84.063	147.1193
175.703216	84.025	147.1898
176.976434	83.989	147.2601
178.258878	83.953	147.3337
179.550615	83.918	147.4148
180.851713	83.882	147.5051
182.162239	83.847	147.6030
183.482262	83.811	147.7058
184.811850	83.776	147.8118
186.151073	83.741	147.9222
187.500000	83.708	148.0392
188.858702	83.673	148.1625
190.227250	83.636	148.2857
191.605715	83.597	148.3975
192.994169	83.554	148.4864
194.392685	83.511	148.5489
195.801334	83.471	148.5962
197.220191	83.439	148.6517
198.649330	83.419	148.7382
200.088825	83.410	148.8614
201.538751	83.411	149.0060
202.999184	83.415	149.1490
204.470200	83.417	149.2736
205.951875	83.414	149.3721
207.444287	83.405	149.4442
208.947514	83.391	149.4955
210.461634	83.372	149.5356
211.986726	83.349	149.5746
213.522869	83.322	149.6198
215.070144	83.292	149.6759
216.628631	83.261	149.7458
218.198411	83.229	149.8306
219.779567	83.198	149.9288
221.372180	83.168	150.0361
222.976334	83.140	150.1474
224.592112	83.113	150.2589
226.219600	83.086	150.3689
227.858880	83.060	150.4773
229.510039	83.033	150.5850
231.173164	83.006	150.6927
232.848340	82.979	150.8000
234.535655	82.952	150.9059
236.235197	82.926	151.0096
237.947054	82.899	151.1105
239.671317	82.873	151.2086
241.408074	82.847	151.3048
243.157416	82.819	151.4017
244.919435	82.791	151.5027
246.694223	82.762	151.6123
248.481871	82.733	151.7341
250.282473	82.704	151.8707
252.096123	82.676	152.0223
253.922915	82.649	152.1864
255.762945	82.625	152.3569
257.616309	82.605	152.5243
259.483103	82.586	152.6795
261.363424	82.568	152.8180
263.257372	82.550	152.9420
265.165043	82.531	153.0578
267.086538	82.511	153.1735
269.021957	82.489	153.2954
270.971401	82.468	153.4274
272.934972	82.447	153.5695
274.912771	82.427	153.7200
276.904902	82.409	153.8763
278.911469	82.392	154.0367
280.932577	82.376	154.1991
282.968330	82.363	154.3599
285.018835	82.352	154.5135
287.084199	82.342	154.6530
289.164530	82.334	154.7724
291.259935	82.325	154.8708
293.370525	82.314	154.9536
295.496408	82.300	155.0303
297.637697	82.283	155.1100
299.794503	82.264	155.1978
301.966937	82.244	155.2948
304.155114	82.223	155.3999
306.359147	82.202	155.5108
308.579152	82.182	155.6250
310.815244	82.163	155.7400
313.067539	82.143	155.8551
315.336156	82.123	155.9717
317.621211	82.102	156.0933
319.922826	82.081	156.2233
322.241118	82.061	156.3633
324.576210	82.040	156.5124
326.928223	82.021	156.6684
329.297280	82.004	156.8282
331.683504	81.986	156.9878
334.087019	81.970	157.1435
336.507952	81.954	157.2930
338.946427	81.938	157.4362
341.402572	81.922	157.5753
343.876516	81.905	157.7135
346.368387	81.888	157.8535
348.878315	81.871	157.9968
351.406431	81.853	158.1436
353.952867	81.836	158.2935
356.517756	81.819	158.4462
359.101230	81.802	158.6008
361.703426	81.786	158.7561
364.324478	81.770	158.9112
366.964523	81.754	159.0657
369.623699	81.738	159.2205
372.302145	81.721	159.3760
375.000000	81.705	159.5324
377.717405	81.689	159.6899
380.454501	81.674	159.8490
383.211431	81.659	160.0103
385.988339	81.644	160.1749
388.785369	81.630	160.3435
391.602668	81.616	160.5157
394.440383	81.602	160.6905
397.298660	81.589	160.8662
400.177650	81.577	161.0410
403.077502	81.565	161.2126
405.998368	81.553	161.3801
408.940400	81.542	161.5439
411.903750	81.530	161.7065
414.888575	81.517	161.8715
417.895028	81.504	162.0428
420.923268	81.491	162.2230
423.973452	81.479	162.4131
427.045738	81.468	162.6117
430.140287	81.459	162.8145
433.257261	81.451	163.0164
436.396822	81.445	163.2134
439.559133	81.441	163.4044
442.744360	81.437	163.5894
445.952668	81.435	163.7667
449.184225	81.434	163.9326
452.439199	81.433	164.0820
455.717760	81.431	164.2119
459.020079	81.427	164.3254
462.346327	81.420	164.4326
465.696680	81.410	164.5452
469.071310	81.398	164.6705
472.470394	81.385	164.8102
475.894109	81.372	164.9621
479.342634	81.360	165.1212
482.816148	81.348	165.2820
486.314833	81.336	165.4430
489.838871	81.322	165.6083
493.388445	81.308	165.7855
496.963741	81.294	165.9778
500.564945	81.281	166.1811
504.192245	81.271	166.3873
507.845830	81.262	166.5898
511.525890	81.254	166.7859
515.232618	81.247	166.9771
518.966206	81.239	167.1668
522.726849	81.230	167.3599
526.514743	81.220	167.5608
530.330086	81.211	167.7718
534.173076	81.203	167.9904
538.043915	81.195	168.2121
541.942803	81.188	168.4342
545.869944	81.182	168.6576
549.825542	81.176	168.8831
553.809805	81.172	169.1089
557.822939	81.169	169.3320
561.865154	81.166	169.5500
565.936660	81.164	169.7640
570.037671	81.161	169.9770
574.168399	81.158	170.1930
578.329060	81.154	170.4141
582.519870	81.150	170.6401
586.741049	81.146	170.8708
590.992817	81.142	171.1083
595.275394	81.138	171.3549
599.589005	81.134	171.6094
603.933874	81.132	171.8673
608.310228	81.131	172.1245
612.718295	81.131	172.3793
617.158304	81.130	172.6342
621.630488	81.129	172.8952
626.135079	81.128	173.1694
630.672311	81.128	173.4599
635.242423	81.130	173.7630
639.845651	81.134	174.0725
644.482237	81.141	174.3851
649.152421	81.149	174.7005
653.856447	81.159	175.0168
658.594560	81.173	175.3272
663.367008	81.189	175.6219
668.174039	81.206	175.8939
673.015903	81.222	176.1443
677.892854	81.237	176.3820
682.805145	81.250	176.6170
687.753032	81.261	176.8564
692.736774	81.270	177.1048
697.756631	81.279	177.3655
702.812863	81.288	177.6398
707.905735	81.298	177.9264
713.035511	81.309	178.2217
718.202461	81.321	178.5226
723.406852	81.334	178.8279
728.648956	81.349	179.1377
733.929047	81.364	179.4524
739.247399	81.380	179.7721
744.604290	81.397	-179.9034
750.000000	81.415	-179.5743
755.434809	81.435	-179.2406
760.909001	81.456	-178.9021
766.422861	81.479	-178.5590
771.976677	81.503	-178.2121
777.570739	81.529	-177.8625
783.205337	81.557	-177.5111
788.880766	81.586	-177.1573
794.597321	81.617	-176.7989
800.355301	81.651	-176.4340
806.155005	81.688	-176.0653
811.996736	81.730	-175.7000
817.880799	81.776	-175.3481
823.807501	81.826	-175.0194
829.777150	81.879	-174.7218
835.790057	81.932	-174.4577
841.846536	81.984	-174.2206
847.946903	82.034	-174.0004
854.091476	82.083	-173.7889
860.280575	82.130	-173.5819
866.514523	82.176	-173.3757
872.793644	82.222	-173.1663
879.118267	82.268	-172.9531
885.488720	82.314	-172.7397
891.905336	82.361	-172.5295
898.368450	82.409	-172.3220
904.878398	82.458	-172.1145
911.435520	82.508	-171.9059
918.040157	82.560	-171.6980
924.692655	82.613	-171.4940
931.393359	82.668	-171.2986
938.142619	82.725	-171.1167
944.940787	82.783	-170.9510
951.788218	82.841	-170.8007
958.685268	82.899	-170.6636
965.632296	82.957	-170.5368
972.629666	83.014	-170.4175
979.677741	83.072	-170.3045
986.776890	83.129	-170.1975
993.927482	83.186	-170.0941
1001.129891	83.243	-169.9886
1008.384491	83.301	-169.8758
1015.691660	83.361	-169.7561
1023.051781	83.422	-169.6339
1030.465236	83.487	-169.5161
1037.932411	83.554	-169.4134
1045.453698	83.624	-169.3370
1053.029486	83.693	-169.2914
1060.660172	83.762	-169.2720
1068.346153	83.828	-169.2695
1076.087829	83.892	-169.2741
1083.885605	83.954	-169.2794
1091.739887	84.014	-169.2837
1099.651084	84.073	-169.2876
1107.619609	84.132	-169.2912
1115.645878	84.190	-169.2938
1123.730308	84.247	-169.2942
1131.873321	84.304	-169.2914
1140.075341	84.362	-169.2851
1148.336797	84.420	-169.2751
1156.658119	84.479	-169.2620
1165.039741	84.539	-169.2456
1173.482099	84.601	-169.2260
1181.985634	84.666	-169.2050
1190.550789	84.734	-169.1896
1199.178011	84.806	-169.1910
1207.867749	84.880	-169.2209
1216.620457	84.955	-169.2847
1225.436590	85.028	-169.3784
1234.316609	85.099	-169.4934
1243.260976	85.167	-169.6205
1252.270157	85.232	-169.7525
1261.344623	85.295	-169.8854
1270.484846	85.356	-170.0180
1279.691303	85.416	-170.1488
1288.964474	85.474	-170.2758
1298.304842	85.532	-170.3987
1307.712894	85.590	-170.5195
1317.189120	85.648	-170.6410
1326.734016	85.705	-170.7650
1336.348077	85.763	-170.8903
1346.031806	85.820	-171.0133
1355.785708	85.877	-171.1290
1365.610290	85.936	-171.2322
1375.506065	85.996	-171.3179
1385.473549	86.058	-171.3814
1395.513261	86.124	-171.4224
1405.625726	86.196	-171.4476
1415.811469	86.273	-171.4707
1426.071023	86.356	-171.5080
1436.404921	86.442	-171.5708
1446.813703	86.530	-171.6611
1457.297912	86.617	-171.7751
1467.858093	86.704	-171.9081
1478.494798	86.789	-172.0570
1489.208581	86.872	-172.2187
1500.000000	86.952	-172.3902
1510.869618	87.028	-172.5679
1521.818002	87.099	-172.7480
1532.845723	87.167	-172.9270
1543.953355	87.231	-173.1024
1555.141477	87.293	-173.2731
1566.410674	87.356	-173.4435
1577.761531	87.422	-173.6255
1589.194642	87.490	-173.8350
1600.710601	87.560	-174.0832
1612.310010	87.629	-174.3731
1623.993473	87.697	-174.7008
1635.761599	87.762	-175.0602
1647.615002	87.825	-175.4461
1659.554299	87.884	-175.8545
1671.580114	87.941	-176.2824
1683.693072	87.995	-176.7296
1695.893807	88.047	-177.1985
1708.182952	88.095	-177.6913
1720.561150	88.137	-178.2072
1733.029045	88.173	-178.7410
1745.587288	88.201	-179.2840
1758.236533	88.220	-179.8239
1770.977440	88.232	179.6519
1783.810673	88.236	179.1521
1796.736900	88.235	178.6791
1809.756796	88.229	178.2313
1822.871040	88.219	177.8103
1836.080315	88.204	177.4234
1849.385310	88.187	177.0804
1862.786718	88.167	176.7883
1876.285239	88.149	176.5498
1889.881575	88.134	176.3623
1903.576436	88.127	176.2200
1917.370535	88.128	176.1147
1931.264593	88.141	176.0374
1945.259332	88.167	175.9759
1959.355483	88.205	175.9129
1973.553781	88.255	175.8279
1987.854965	88.314	175.7049
2002.259781	88.378	175.5361
2016.768981	88.446	175.3214
2031.383320	88.514	175.0644
2046.103561	88.583	174.7706
2060.930471	88.650	174.4451
2075.864823	88.716	174.0908
2090.907395	88.778	173.7105
2106.058972	88.837	173.3095
2121.320344	88.891	172.8972
2136.692305	88.939	172.4860
2152.175658	88.984	172.0884
2167.771210	89.026	171.7104
2183.479774	89.069	171.3474
2199.302169	89.112	170.9878
2215.239219	89.157	170.6204
2231.291755	89.202	170.2375
2247.460615	89.247	169.8354
2263.746641	89.290	169.4145
2280.150683	89.331	168.9796
2296.673595	89.368	168.5399
2313.316238	89.402	168.1064
2330.079481	89.434	167.6877
2346.964198	89.465	167.2852
2363.971268	89.497	166.8954
2381.101578	89.531	166.5148
2398.356022	89.565	166.1423
2415.735498	89.602	165.7769
2433.240913	89.643	165.4152
2450.873180	89.687	165.0478
2468.633217	89.737	164.6591
2486.521951	89.791	164.2310
2504.540314	89.847	163.7490
2522.689246	89.900	163.2085
2540.969692	89.949	162.6160
2559.382606	89.992	161.9849
2577.928947	90.025	161.3316
2596.609683	90.050	160.6749
2615.425787	90.066	160.0344
2634.378241	90.076	159.4268
2653.468031	90.081	158.8635
2672.696154	90.084	158.3495
2692.063613	90.090	157.8821
2711.571415	90.101	157.4486
2731.220579	90.119	157.0251
2751.012130	90.146	156.5816
2770.947098	90.179	156.0907
2791.026522	90.216	155.5341
2811.251451	90.252	154.9043
2831.622938	90.284	154.2028
2852.142045	90.309	153.4368
2872.809842	90.324	152.6194
2893.627406	90.327	151.7694
2914.595823	90.317	150.9105
2935.716186	90.295	150.0653
2956.989596	90.262	149.2483
2978.417161	90.221	148.4665
3000.000000	90.172	147.7238
3021.739237	90.117	147.0247
3043.636005	90.056	146.3773
3065.691446	89.989	145.7933
3087.906710	89.920	145.2855
3110.282955	89.851	144.8601
3132.821347	89.785	144.5124
3155.523062	89.727	144.2284
3178.389283	89.677	143.9894
3201.421202	89.637	143.7761
3224.620020	89.606	143.5693
3247.986946	89.584	143.3511
3271.523198	89.569	143.1075
3295.230004	89.560	142.8317
3319.108599	89.555	142.5211
3343.160228	89.553	142.1715
3367.386145	89.555	141.7750
3391.787613	89.558	141.3234
3416.365904	89.560	140.8129
3441.122300	89.558	140.2473
3466.058091	89.552	139.6376
3491.174576	89.539	138.9976
3516.473066	89.520	138.3352
3541.954880	89.497	137.6519
3567.621345	89.467	136.9448
3593.473800	89.431	136.2104
3619.513592	89.387	135.4468
3645.742080	89.333	134.6557
3672.160630	89.265	133.8462
3698.770620	89.183	133.0358
3725.573436	89.086	132.2446
3752.570477	88.972	131.4898
3779.763150	88.844	130.7838
3807.152872	88.701	130.1373
3834.741071	88.543	129.5632
3862.529185	88.371	129.0781
3890.518664	88.186	128.6976
3918.710966	87.990	128.4326
3947.107561	87.786	128.2908
3975.709929	87.577	128.2808
4004.519563	87.364	128.4142
4033.537962	87.151	128.7040
4062.766641	86.943	129.1626
4092.207123	86.744	129.7957
4121.860942	86.562	130.5916
4151.729646	86.401	131.5176
4181.814790	86.265	132.5261
4212.117944	86.154	133.5680
4242.640687	86.068	134.6047
4273.384610	86.003	135.6089
4304.351317	85.958	136.5590
4335.542421	85.928	137.4347
4366.959549	85.911	138.2185
4398.604338	85.901	138.8983
4430.478438	85.894	139.4732
4462.583511	85.884	139.9597
4494.921231	85.867	140.3900
4527.493283	85.842	140.8013
4560.301365	85.810	141.2255
4593.347189	85.772	141.6854
4626.632476	85.733	142.1947
4660.158962	85.695	142.7576
4693.928395	85.661	143.3659
4727.942535	85.634	144.0008
4762.203156	85.616	144.6377
4796.712043	85.606	145.2511
4831.470996	85.602	145.8215
4866.481826	85.601	146.3412
4901.746360	85.602	146.8114
4937.266434	85.601	147.2365
4973.043902	85.597	147.6215
5009.080628	85.588	147.9767
5045.378492	85.572	148.3203
5081.939384	85.548	148.6738
5118.765212	85.518	149.0566
5155.857894	85.483	149.4818
5193.219366	85.445	149.9539
5230.851574	85.406	150.4728
5268.756481	85.367	151.0381
5306.936062	85.327	151.6488
5345.392309	85.290	152.3005
5384.127225	85.253	152.9893
5423.142830	85.217	153.7173
5462.441159	85.182	154.4938
5502.024259	85.149	155.3290
5541.894195	85.123	156.2270
5582.053045	85.104	157.1798
5622.502902	85.097	158.1700
5663.245876	85.101	159.1770
5704.284090	85.118	160.1804
5745.619684	85.145	161.1602
5787.254813	85.181	162.1017
5829.191647	85.222	163.0001
5871.432373	85.267	163.8608
5913.979192	85.315	164.6945
5956.834323	85.365	165.5104
6000.000000	85.418	166.3125
6043.478473	85.473	167.1012
6087.272010	85.533	167.8747
6131.382892	85.595	168.6282
6175.813420	85.661	169.3566
6220.565910	85.727	170.0597
6265.642695	85.792	170.7448
6311.046124	85.855	171.4243
6356.778566	85.916	172.1116
6402.842404	85.975	172.8190
6449.240040	86.033	173.5595
6495.973891	86.090	174.3473
6543.046396	86.149	175.1963
6590.460007	86.211	176.1212
6638.217197	86.279	177.1375
6686.320456	86.357	178.2582
6734.772290	86.452	179.4875
6783.575226	86.567	-179.1836
6832.731809	86.708	-177.7757
6882.244600	86.877	-176.3166
6932.116181	87.077	-174.8381
6982.349153	87.310	-173.3712
7032.946133	87.576	-171.9427
7083.909760	87.881	-170.5773
7135.242690	88.227	-169.3069
7186.947600	88.618	-168.1776
7239.027185	89.056	-167.2524
7291.484160	89.539	-166.6074
7344.321260	90.062	-166.3248
7397.541239	90.616	-166.4795
7451.146872	91.191	-167.1298
7505.140954	91.772	-168.3150
7559.526299	92.348	-170.0598
7614.305743	92.904	-172.3753
7669.482141	93.427	-175.2606
7725.058371	93.903	-178.7017
7781.037328	94.315	177.3327
7837.421932	94.649	172.8982
7894.215122	94.891	168.0776
7951.419859	95.031	162.9786
8009.039125	95.060	157.7279
8067.075924	94.979	152.4622
8125.533282	94.787	147.3160
8184.414245	94.491	142.4123
8243.721885	94.099	137.8589
8303.459292	93.621	133.7476
8363.629581	93.068	130.1538
8424.235888	92.452	127.1391
8485.281374	91.789	124.7494
8546.769221	91.094	123.0111
8608.702634	90.385	121.9287
8671.084842	89.680	121.4854
8733.919097	88.995	121.6425
8797.208675	88.347	122.3398
8860.956876	87.751	123.4968
8925.167022	87.216	125.0145
8989.842461	86.752	126.7813
9054.986566	86.359	128.6890
9120.602731	86.036	130.6479
9186.694378	85.777	132.5963
9253.264952	85.576	134.4989
9320.317925	85.429	136.3347
9387.856790	85.335	138.0811
9455.885071	85.292	139.7061
9524.406312	85.300	141.1647
9593.424086	85.360	142.4018
9662.941992	85.469	143.3533
9732.963653	85.623	143.9439
9803.492719	85.816	144.0891
9874.532869	86.034	143.7055
9946.087805	86.260	142.7269
10018.161257	86.471	141.1188
10090.756983	86.646	138.8874
10163.878768	86.759	136.0787
10237.530423	86.790	132.7772
10311.715789	86.718	129.1034
10386.438732	86.529	125.2098
10461.703149	86.215	121.2722
10537.512962	85.773	117.4733
10613.872125	85.211	113.9811
10690.784618	84.540	110.9343
10768.254450	83.776	108.4349
10846.285661	82.935	106.5511
10924.882318	82.036	105.3219
11004.048518	81.094	104.7596
11083.788390	80.125	104.8513
11164.106090	79.144	105.5631
11245.005805	78.160	106.8504
11326.491752	77.181	108.6703
11408.568180	76.212	110.9863
11491.239368	75.257	113.7667
11574.509626	74.317	116.9844
11658.383294	73.392	120.6245
11742.864745	72.481	124.6942
11827.958384	71.584	129.2285
11913.668646	70.699	134.2886
12000.000000	69.831	139.9634
12086.956947	68.985	146.3806
12174.544019	68.175	153.7163
12262.765784	67.426	162.1876
12351.626840	66.777	172.0189
12441.131819	66.281	-176.6275
12531.285389	65.999	-163.7733
12622.092249	65.991	-149.7831
12713.557132	66.288	-135.4296
12805.684808	66.885	-121.6911
12898.480079	67.738	-109.3725
12991.947783	68.786	-98.8890
13086.092792	69.966	-90.3254
13180.920015	71.223	-83.6003
13276.434395	72.512	-78.5781
13372.640911	73.798	-75.1163
13469.544580	75.051	-73.0810
13567.150452	76.243	-72.3490
13665.463617	77.349	-72.7955
13764.489200	78.346	-74.2791
13864.232362	79.214	-76.6292
13964.698305	79.936	-79.6441
14065.892266	80.503	-83.0952
14167.819519	80.912	-86.7350
14270.485380	81.173	-90.3124
14373.895200	81.303	-93.5990
14478.054370	81.329	-96.4131
14582.968320	81.285	-98.6336
14688.642520	81.204	-100.2041
14795.082478	81.124	-101.1354
14902.293745	81.077	-101.5041
15010.281908	81.092	-101.4430
15119.052599	81.192	-101.1286
15228.611486	81.388	-100.7693
15338.964283	81.683	-100.5905
15450.116741	82.065	-100.8130
15562.074656	82.511	-101.6302
15674.843864	82.989	-103.1892
15788.430244	83.461	-105.5756
15902.839718	83.886	-108.8012
16018.078250	84.227	-112.8009
16134.151848	84.455	-117.4408
16251.066563	84.546	-122.5369
16368.828491	84.493	-127.8833
16487.443769	84.297	-133.2867
16606.918584	83.967	-138.5963
16727.259161	83.514	-143.7102
16848.471777	82.949	-148.5609
16970.562748	82.278	-153.0922
17093.538442	81.503	-157.2356
17217.405268	80.622	-160.8941
17342.169684	79.639	-163.9416
17467.838194	78.556	-166.2335
17594.417350	77.385	-167.6184
17721.913751	76.139	-167.9502
17850.334044	74.841	-167.1039
17979.684923	73.514	-164.9936
18109.973131	72.189	-161.5897
18241.205462	70.899	-156.9417
18373.388756	69.676	-151.1931
18506.529905	68.549	-144.5690
18640.635849	67.536	-137.3402
18775.713581	66.647	-129.7757
18911.770141	65.877	-122.0991
19048.812624	65.214	-114.4710
19186.848172	64.645	-107.0016
19325.883983	64.156	-99.7797
19465.927305	63.741	-92.9225
19606.985439	63.402	-86.6289
19749.065738	63.145	-81.2220
19892.175609	62.976	-77.1542
20036.322514	62.893	-74.9343
