* Measurement data measured by REW V5.31
* Source: EXCL: Microphone (USB Sound Device        ), MICROPHONE (Master Volume), L, volume: 0.560
* Format: 256k Log Swept Sine, 1 sweep at -5.0 dBFS with no timing reference
* Dated: May 13, 2024 12:28:33 AM
* REW Settings:
*  C-weighting compensation: Off
*  Target level: 75.0 dB
* Note: KZ Vader 0011 L
* Measurement: L KZ Vader 0011
* Smoothing: 1/12 octave
* Frequency Step: 96 ppo
* Start Frequency: 0.36621094 Hz
*
* Freq(Hz) SPL(dB) Phase(degrees)
0.366211 83.983 158.2726
0.368865 83.978 158.2506
0.371538 83.970 158.2178
0.374230 83.961 158.1765
0.376942 83.951 158.1289
0.379673 83.939 158.0766
0.382424 83.927 158.0206
0.385196 83.915 157.9616
0.387987 83.903 157.8998
0.390798 83.890 157.8356
0.393630 83.878 157.7689
0.396483 83.865 157.6999
0.399356 83.852 157.6285
0.402250 83.839 157.5547
0.405165 83.826 157.4785
0.408101 83.813 157.4000
0.411058 83.800 157.3190
0.414037 83.786 157.2355
0.417037 83.773 157.1496
0.420059 83.759 157.0612
0.423103 83.746 156.9702
0.426169 83.732 156.8768
0.429257 83.718 156.7808
0.432368 83.704 156.6822
0.435501 83.690 156.5810
0.438656 83.676 156.4772
0.441835 83.662 156.3708
0.445037 83.647 156.2617
0.448262 83.633 156.1499
0.451510 83.618 156.0355
0.454782 83.604 155.9183
0.458077 83.589 155.7985
0.461397 83.574 155.6759
0.464740 83.559 155.5505
0.468108 83.544 155.4224
0.471500 83.529 155.2916
0.474917 83.513 155.1579
0.478358 83.498 155.0214
0.481825 83.483 154.8822
0.485316 83.467 154.7401
0.488833 83.451 154.5952
0.492375 83.435 154.4475
0.495943 83.419 154.2970
0.499537 83.403 154.1436
0.503157 83.387 153.9874
0.506803 83.371 153.8284
0.510475 83.354 153.6666
0.514175 83.338 153.5019
0.517900 83.321 153.3344
0.521653 83.304 153.1642
0.525434 83.287 152.9911
0.529241 83.270 152.8152
0.533076 83.253 152.6366
0.536939 83.236 152.4552
0.540830 83.218 152.2711
0.544749 83.201 152.0843
0.548696 83.183 151.8948
0.552673 83.165 151.7026
0.556677 83.147 151.5078
0.560711 83.129 151.3105
0.564774 83.111 151.1106
0.568867 83.093 150.9082
0.572989 83.074 150.7033
0.577141 83.055 150.4960
0.581324 83.037 150.2864
0.585536 83.018 150.0745
0.589779 82.999 149.8603
0.594053 82.980 149.6440
0.598358 82.960 149.4255
0.602694 82.941 149.2051
0.607061 82.921 148.9827
0.611460 82.902 148.7585
0.615891 82.882 148.5325
0.620354 82.862 148.3048
0.624849 82.842 148.0756
0.629377 82.821 147.8449
0.633938 82.801 147.6129
0.638532 82.780 147.3797
0.643159 82.760 147.1454
0.647819 82.739 146.9102
0.652514 82.718 146.6742
0.657242 82.697 146.4376
0.662005 82.675 146.2005
0.666802 82.654 145.9631
0.671634 82.632 145.7256
0.676501 82.610 145.4881
0.681403 82.588 145.2509
0.686341 82.566 145.0142
0.691314 82.544 144.7781
0.696324 82.521 144.5429
0.701370 82.499 144.3088
0.706452 82.475 144.0759
0.711571 82.452 143.8442
0.716728 82.428 143.6139
0.721921 82.403 143.3848
0.727153 82.376 143.1563
0.732422 82.348 142.9279
0.737729 82.319 142.6987
0.743075 82.287 142.4678
0.748460 82.254 142.2344
0.753883 82.220 141.9978
0.759346 82.185 141.7577
0.764849 82.150 141.5137
0.770391 82.113 141.2658
0.775974 82.076 141.0137
0.781597 82.039 140.7574
0.787261 82.001 140.4969
0.792966 81.962 140.2321
0.798712 81.923 139.9631
0.804500 81.883 139.6898
0.810329 81.842 139.4122
0.816201 81.801 139.1303
0.822116 81.760 138.8442
0.828073 81.717 138.5538
0.834074 81.675 138.2592
0.840118 81.631 137.9604
0.846206 81.587 137.6575
0.852338 81.542 137.3504
0.858514 81.496 137.0392
0.864735 81.450 136.7241
0.871001 81.403 136.4050
0.877313 81.355 136.0821
0.883670 81.306 135.7555
0.890074 81.257 135.4252
0.896524 81.206 135.0915
0.903020 81.155 134.7543
0.909564 81.103 134.4140
0.916155 81.051 134.0706
0.922794 80.997 133.7243
0.929481 80.942 133.3754
0.936216 80.887 133.0241
0.943000 80.830 132.6706
0.949834 80.773 132.3152
0.956717 80.715 131.9582
0.963649 80.655 131.5999
0.970632 80.595 131.2406
0.977666 80.533 130.8807
0.984750 80.470 130.5207
0.991886 80.407 130.1610
0.999074 80.342 129.8020
1.006314 80.276 129.4442
1.013606 80.209 129.0883
1.020951 80.140 128.7347
1.028349 80.071 128.3842
1.035801 80.000 128.0372
1.043307 79.927 127.6947
1.050867 79.854 127.3573
1.058482 79.779 127.0257
1.066152 79.702 126.7008
1.073878 79.624 126.3833
1.081660 79.545 126.0739
1.089498 79.464 125.7731
1.097393 79.381 125.4813
1.105345 79.296 125.1987
1.113355 79.209 124.9253
1.121423 79.120 124.6610
1.129549 79.029 124.4058
1.137734 78.936 124.1594
1.145979 78.840 123.9221
1.154283 78.742 123.6936
1.162647 78.642 123.4742
1.171072 78.540 123.2637
1.179558 78.436 123.0624
1.188106 78.329 122.8702
1.196715 78.221 122.6873
1.205387 78.110 122.5137
1.214122 77.998 122.3495
1.222920 77.884 122.1950
1.231782 77.768 122.0500
1.240708 77.650 121.9149
1.249699 77.530 121.7897
1.258754 77.409 121.6746
1.267876 77.287 121.5696
1.277063 77.163 121.4750
1.286318 77.037 121.3908
1.295639 76.911 121.3172
1.305027 76.783 121.2544
1.314484 76.654 121.2024
1.324009 76.524 121.1614
1.333604 76.394 121.1315
1.343268 76.262 121.1128
1.353002 76.130 121.1053
1.362806 75.998 121.1091
1.372681 75.865 121.1243
1.382628 75.732 121.1509
1.392647 75.599 121.1888
1.402739 75.466 121.2381
1.412904 75.333 121.2990
1.423142 75.200 121.3717
1.433455 75.067 121.4570
1.443843 74.935 121.5561
1.454305 74.801 121.6711
1.464844 74.667 121.8052
1.475459 74.531 121.9624
1.486150 74.392 122.1469
1.496920 74.250 122.3627
1.507767 74.105 122.6134
1.518693 73.957 122.9015
1.529698 73.805 123.2293
1.540783 73.650 123.5987
1.551948 73.492 124.0112
1.563194 73.332 124.4682
1.574521 73.170 124.9709
1.585931 73.007 125.5203
1.597423 72.843 126.1173
1.608999 72.679 126.7626
1.620658 72.515 127.4566
1.632402 72.352 128.1996
1.644232 72.191 128.9914
1.656146 72.032 129.8315
1.668147 71.876 130.7190
1.680235 71.724 131.6526
1.692411 71.576 132.6302
1.704675 71.434 133.6496
1.717028 71.299 134.7076
1.729470 71.170 135.8006
1.742003 71.050 136.9244
1.754626 70.939 138.0744
1.767341 70.838 139.2455
1.780147 70.749 140.4330
1.793047 70.671 141.6323
1.806040 70.607 142.8402
1.819128 70.557 144.0547
1.832310 70.521 145.2757
1.845587 70.501 146.5043
1.858961 70.497 147.7411
1.872432 70.508 148.9848
1.886001 70.534 150.2321
1.899667 70.574 151.4776
1.913433 70.629 152.7149
1.927299 70.696 153.9366
1.941265 70.776 155.1355
1.955332 70.867 156.3043
1.969501 70.968 157.4364
1.983773 71.079 158.5257
1.998148 71.198 159.5669
2.012627 71.324 160.5553
2.027212 71.456 161.4871
2.041902 71.593 162.3590
2.056698 71.734 163.1686
2.071602 71.876 163.9139
2.086614 72.020 164.5933
2.101734 72.163 165.2059
2.116964 72.305 165.7510
2.132304 72.444 166.2281
2.147756 72.580 166.6370
2.163320 72.712 166.9779
2.178996 72.840 167.2511
2.194786 72.965 167.4574
2.210690 73.087 167.5978
2.226710 73.209 167.6741
2.242845 73.330 167.6888
2.259098 73.453 167.6447
2.275468 73.577 167.5450
2.291957 73.702 167.3932
2.308566 73.828 167.1928
2.325295 73.955 166.9475
2.342145 74.083 166.6606
2.359117 74.211 166.3356
2.376212 74.338 165.9757
2.393431 74.465 165.5838
2.410775 74.591 165.1628
2.428244 74.715 164.7151
2.445840 74.836 164.2429
2.463564 74.955 163.7479
2.481416 75.071 163.2314
2.499397 75.183 162.6937
2.517509 75.290 162.1343
2.535752 75.393 161.5514
2.554127 75.491 160.9418
2.572635 75.585 160.3013
2.591277 75.673 159.6257
2.610055 75.758 158.9120
2.628968 75.838 158.1591
2.648019 75.914 157.3679
2.667208 75.986 156.5406
2.686535 76.054 155.6807
2.706003 76.119 154.7919
2.725612 76.180 153.8787
2.745363 76.238 152.9455
2.765257 76.293 151.9968
2.785295 76.345 151.0370
2.805478 76.394 150.0703
2.825808 76.441 149.1004
2.846285 76.485 148.1304
2.866910 76.527 147.1623
2.887685 76.566 146.1966
2.908611 76.604 145.2317
2.929688 76.638 144.2640
2.950917 76.670 143.2882
2.972301 76.698 142.2991
2.993839 76.724 141.2924
3.015534 76.745 140.2663
3.037386 76.764 139.2205
3.059396 76.779 138.1564
3.081565 76.792 137.0766
3.103896 76.801 135.9845
3.126388 76.808 134.8839
3.149043 76.812 133.7791
3.171862 76.814 132.6745
3.194847 76.814 131.5744
3.217998 76.812 130.4826
3.241317 76.808 129.4017
3.264805 76.802 128.3331
3.288463 76.795 127.2757
3.312293 76.785 126.2267
3.336295 76.773 125.1822
3.360471 76.758 124.1385
3.384822 76.741 123.0933
3.409350 76.721 122.0460
3.434056 76.699 120.9973
3.458940 76.675 119.9493
3.484005 76.649 118.9052
3.509252 76.622 117.8691
3.534681 76.595 116.8455
3.560295 76.566 115.8393
3.586094 76.538 114.8557
3.612081 76.510 113.8990
3.638255 76.481 112.9731
3.664620 76.453 112.0801
3.691175 76.424 111.2203
3.717923 76.395 110.3928
3.744864 76.365 109.5958
3.772001 76.335 108.8276
3.799335 76.305 108.0863
3.826866 76.275 107.3707
3.854597 76.247 106.6796
3.882529 76.221 106.0128
3.910664 76.197 105.3705
3.939002 76.177 104.7534
3.967546 76.161 104.1632
3.996296 76.149 103.6024
4.025255 76.142 103.0741
4.054423 76.140 102.5813
4.083804 76.142 102.1259
4.113396 76.149 101.7082
4.143204 76.160 101.3261
4.173227 76.176 100.9760
4.203468 76.197 100.6527
4.233928 76.223 100.3507
4.264609 76.256 100.0643
4.295512 76.294 99.7883
4.326639 76.339 99.5187
4.357992 76.391 99.2534
4.389572 76.451 98.9922
4.421380 76.518 98.7367
4.453419 76.593 98.4887
4.485691 76.676 98.2483
4.518196 76.766 98.0135
4.550936 76.863 97.7803
4.583914 76.965 97.5433
4.617131 77.072 97.2963
4.650589 77.184 97.0333
4.684289 77.299 96.7490
4.718233 77.418 96.4395
4.752424 77.540 96.1032
4.786862 77.665 95.7404
4.821549 77.794 95.3527
4.856488 77.926 94.9423
4.891680 78.061 94.5111
4.927127 78.197 94.0602
4.962831 78.336 93.5898
4.998794 78.474 93.0997
5.035017 78.612 92.5893
5.071503 78.748 92.0575
5.108253 78.883 91.5033
5.145270 79.016 90.9261
5.182555 79.146 90.3265
5.220110 79.274 89.7061
5.257937 79.400 89.0680
5.296038 79.524 88.4162
5.334415 79.645 87.7546
5.373071 79.763 87.0871
5.412006 79.877 86.4164
5.451224 79.988 85.7442
5.490725 80.094 85.0707
5.530514 80.196 84.3956
5.570590 80.294 83.7186
5.610957 80.387 83.0410
5.651616 80.476 82.3655
5.692570 80.562 81.6960
5.733821 80.643 81.0369
5.775370 80.721 80.3921
5.817221 80.795 79.7649
5.859375 80.865 79.1566
5.901834 80.932 78.5676
5.944602 80.995 77.9976
5.987679 81.055 77.4466
6.031068 81.112 76.9156
6.074771 81.166 76.4066
6.118792 81.218 75.9216
6.163131 81.268 75.4631
6.207792 81.318 75.0329
6.252776 81.366 74.6318
6.298086 81.414 74.2596
6.343725 81.461 73.9153
6.389694 81.507 73.5972
6.435996 81.554 73.3034
6.482634 81.602 73.0321
6.529610 81.650 72.7821
6.576926 81.701 72.5523
6.624585 81.753 72.3420
6.672590 81.808 72.1502
6.720942 81.864 71.9745
6.769645 81.923 71.8117
6.818700 81.984 71.6577
6.868111 82.047 71.5085
6.917881 82.112 71.3607
6.968010 82.179 71.2117
7.018504 82.249 71.0600
7.069362 82.321 70.9041
7.120590 82.395 70.7422
7.172189 82.469 70.5720
7.224161 82.545 70.3907
7.276511 82.621 70.1960
7.329239 82.697 69.9862
7.382350 82.773 69.7605
7.435845 82.848 69.5190
7.489729 82.923 69.2623
7.544002 82.996 68.9910
7.598669 83.068 68.7060
7.653732 83.137 68.4077
7.709194 83.204 68.0966
7.765058 83.268 67.7735
7.821327 83.330 67.4397
7.878004 83.388 67.0974
7.935091 83.443 66.7489
7.992592 83.496 66.3968
8.050510 83.545 66.0429
8.108847 83.590 65.6886
8.167607 83.633 65.3352
8.226793 83.672 64.9840
8.286408 83.709 64.6368
8.346454 83.744 64.2955
8.406936 83.776 63.9616
8.467856 83.806 63.6362
8.529218 83.834 63.3195
8.591024 83.860 63.0116
8.653278 83.886 62.7123
8.715983 83.911 62.4212
8.779143 83.935 62.1380
8.842760 83.959 61.8621
8.906839 83.983 61.5927
8.971381 84.007 61.3282
9.036392 84.032 61.0666
9.101873 84.057 60.8061
9.167829 84.083 60.5450
9.234263 84.109 60.2817
9.301178 84.136 60.0148
9.368578 84.164 59.7427
9.436467 84.192 59.4635
9.504847 84.221 59.1759
9.573723 84.249 58.8786
9.643099 84.277 58.5710
9.712976 84.304 58.2527
9.783361 84.329 57.9236
9.854255 84.352 57.5836
9.925663 84.372 57.2328
9.997588 84.389 56.8717
10.070035 84.403 56.5011
10.143007 84.414 56.1218
10.216507 84.423 55.7351
10.290540 84.429 55.3421
10.365109 84.433 54.9434
10.440219 84.435 54.5402
10.515873 84.436 54.1334
10.592076 84.436 53.7241
10.668830 84.435 53.3128
10.746141 84.434 52.9002
10.824012 84.433 52.4864
10.902447 84.432 52.0716
10.981451 84.431 51.6558
11.061027 84.430 51.2389
11.141180 84.430 50.8207
11.221913 84.431 50.4008
11.303232 84.432 49.9787
11.385140 84.435 49.5540
11.467641 84.438 49.1264
11.550741 84.441 48.6958
11.634442 84.446 48.2619
11.718750 84.452 47.8248
11.803669 84.459 47.3846
11.889203 84.466 46.9417
11.975357 84.475 46.4967
12.062136 84.484 46.0502
12.149543 84.494 45.6030
12.237583 84.505 45.1558
12.326262 84.516 44.7095
12.415583 84.528 44.2649
12.505552 84.540 43.8229
12.596172 84.553 43.3839
12.687449 84.566 42.9485
12.779387 84.580 42.5171
12.871992 84.595 42.0898
12.965268 84.610 41.6667
13.059220 84.626 41.2477
13.153852 84.644 40.8325
13.249170 84.662 40.4208
13.345179 84.681 40.0125
13.441884 84.701 39.6072
13.539289 84.722 39.2048
13.637401 84.744 38.8053
13.736223 84.765 38.4088
13.835761 84.787 38.0156
13.936021 84.809 37.6262
14.037007 84.830 37.2411
14.138725 84.851 36.8611
14.241180 84.872 36.4869
14.344377 84.891 36.1192
14.448323 84.911 35.7586
14.553021 84.929 35.4056
14.658478 84.948 35.0604
14.764700 84.966 34.7233
14.871691 84.983 34.3938
14.979457 85.001 34.0716
15.088005 85.018 33.7558
15.197339 85.036 33.4457
15.307465 85.053 33.1400
15.418389 85.071 32.8379
15.530117 85.087 32.5380
15.642655 85.104 32.2396
15.756008 85.120 31.9417
15.870182 85.135 31.6439
15.985184 85.148 31.3456
16.101019 85.161 31.0469
16.217694 85.173 30.7478
16.335214 85.183 30.4485
16.453586 85.192 30.1494
16.572815 85.199 29.8508
16.692909 85.206 29.5531
16.813872 85.212 29.2565
16.935713 85.216 28.9609
17.058436 85.220 28.6661
17.182048 85.224 28.3719
17.306556 85.227 28.0776
17.431967 85.229 27.7826
17.558286 85.231 27.4861
17.685521 85.232 27.1875
17.813677 85.233 26.8859
17.942762 85.233 26.5808
18.072783 85.233 26.2718
18.203746 85.233 25.9585
18.335658 85.232 25.6407
18.468526 85.231 25.3182
18.602356 85.230 24.9910
18.737156 85.229 24.6590
18.872934 85.229 24.3221
19.009695 85.229 23.9802
19.147447 85.229 23.6331
19.286197 85.229 23.2806
19.425953 85.231 22.9229
19.566721 85.232 22.5599
19.708510 85.234 22.1918
19.851326 85.236 21.8193
19.995177 85.238 21.4430
20.140070 85.240 21.0639
20.286013 85.243 20.6830
20.433014 85.246 20.3016
20.581080 85.249 19.9209
20.730219 85.252 19.5419
20.880439 85.257 19.1653
21.031747 85.262 18.7918
21.184152 85.268 18.4218
21.337661 85.275 18.0551
21.492282 85.284 17.6916
21.648024 85.293 17.3312
21.804895 85.303 16.9735
21.962902 85.314 16.6184
22.122054 85.326 16.2660
22.282360 85.338 15.9165
22.443827 85.350 15.5703
22.606464 85.362 15.2278
22.770280 85.374 14.8896
22.935283 85.385 14.5561
23.101481 85.397 14.2277
23.268884 85.407 13.9045
23.437500 85.418 13.5864
23.607338 85.427 13.2733
23.778406 85.436 12.9649
23.950714 85.444 12.6606
24.124271 85.452 12.3603
24.299086 85.458 12.0634
24.475167 85.463 11.7698
24.652524 85.468 11.4791
24.831166 85.471 11.1910
25.011103 85.474 10.9051
25.192344 85.475 10.6207
25.374898 85.476 10.3372
25.558775 85.477 10.0536
25.743984 85.476 9.7692
25.930536 85.475 9.4830
26.118439 85.474 9.1940
26.307704 85.472 8.9016
26.498341 85.469 8.6051
26.690359 85.466 8.3042
26.883768 85.462 7.9986
27.078579 85.458 7.6881
27.274801 85.453 7.3730
27.472446 85.449 7.0534
27.671522 85.443 6.7298
27.872042 85.438 6.4025
28.074014 85.432 6.0722
28.277450 85.427 5.7397
28.482360 85.421 5.4056
28.688755 85.416 5.0706
28.896645 85.411 4.7354
29.106042 85.406 4.4005
29.316957 85.402 4.0664
29.529400 85.398 3.7335
29.743382 85.396 3.4022
29.958915 85.394 3.0728
30.176009 85.393 2.7454
30.394677 85.393 2.4202
30.614929 85.393 2.0968
30.836778 85.395 1.7749
31.060234 85.396 1.4537
31.285309 85.399 1.1327
31.512015 85.401 0.8111
31.740364 85.403 0.4891
31.970368 85.404 0.1671
32.202039 85.404 -0.1535
32.435388 85.403 -0.4709
32.670428 85.401 -0.7833
32.907171 85.398 -1.0889
33.145630 85.394 -1.3869
33.385817 85.389 -1.6776
33.627745 85.384 -1.9624
33.871425 85.379 -2.2433
34.116871 85.374 -2.5228
34.364096 85.369 -2.8030
34.613113 85.364 -3.0848
34.863934 85.358 -3.3683
35.116572 85.352 -3.6524
35.371041 85.345 -3.9354
35.627354 85.338 -4.2160
35.885525 85.332 -4.4941
36.145566 85.326 -4.7708
36.407492 85.321 -5.0485
36.671316 85.318 -5.3309
36.937051 85.317 -5.6215
37.204712 85.316 -5.9229
37.474313 85.316 -6.2363
37.745867 85.316 -6.5609
38.019389 85.315 -6.8946
38.294893 85.313 -7.2340
38.572394 85.310 -7.5761
38.851905 85.307 -7.9183
39.133442 85.303 -8.2592
39.417019 85.299 -8.5982
39.702651 85.294 -8.9353
39.990353 85.289 -9.2704
40.280140 85.284 -9.6034
40.572026 85.278 -9.9339
40.866028 85.271 -10.2620
41.162160 85.264 -10.5880
41.460438 85.257 -10.9126
41.760877 85.249 -11.2368
42.063494 85.240 -11.5608
42.368303 85.231 -11.8841
42.675322 85.220 -12.2055
42.984565 85.209 -12.5234
43.296048 85.197 -12.8371
43.609789 85.185 -13.1469
43.925804 85.174 -13.4550
44.244108 85.163 -13.7640
44.564719 85.153 -14.0768
44.887654 85.143 -14.3947
45.212928 85.132 -14.7180
45.540560 85.121 -15.0455
45.870565 85.110 -15.3751
46.202962 85.098 -15.7048
46.537768 85.085 -16.0329
46.875000 85.072 -16.3581
47.214676 85.059 -16.6794
47.556813 85.045 -16.9967
47.901429 85.032 -17.3102
48.248542 85.020 -17.6208
48.598171 85.007 -17.9292
48.950334 84.995 -18.2362
49.305048 84.983 -18.5422
49.662333 84.971 -18.8477
50.022206 84.959 -19.1537
50.384688 84.948 -19.4621
50.749796 84.936 -19.7749
51.117550 84.925 -20.0936
51.487969 84.913 -20.4172
51.861072 84.899 -20.7425
52.236879 84.884 -21.0652
52.615409 84.869 -21.3811
52.996681 84.854 -21.6885
53.380717 84.839 -21.9887
53.767536 84.826 -22.2852
54.157158 84.814 -22.5819
54.549603 84.803 -22.8814
54.944892 84.792 -23.1848
55.343045 84.781 -23.4917
55.744084 84.770 -23.8016
56.148028 84.759 -24.1143
56.554900 84.747 -24.4305
56.964720 84.735 -24.7502
57.377510 84.723 -25.0732
57.793291 84.709 -25.3982
58.212085 84.694 -25.7238
58.633914 84.679 -26.0492
59.058799 84.663 -26.3738
59.486764 84.646 -26.6975
59.917829 84.629 -27.0197
60.352019 84.611 -27.3399
60.789354 84.593 -27.6573
61.229859 84.576 -27.9707
61.673556 84.558 -28.2787
62.120468 84.542 -28.5803
62.570618 84.528 -28.8777
63.024031 84.516 -29.1783
63.480729 84.507 -29.4933
63.940736 84.498 -29.8318
64.404077 84.487 -30.1938
64.870776 84.472 -30.5682
65.340856 84.452 -30.9381
65.814343 84.429 -31.2888
66.291261 84.404 -31.6143
66.771635 84.378 -31.9171
67.255489 84.354 -32.2042
67.742850 84.331 -32.4827
68.233743 84.309 -32.7581
68.728193 84.287 -33.0346
69.226226 84.266 -33.3159
69.727867 84.245 -33.6052
70.233144 84.224 -33.9054
70.742083 84.202 -34.2183
71.254709 84.178 -34.5436
71.771050 84.152 -34.8763
72.291132 84.123 -35.2058
72.814984 84.092 -35.5193
73.342631 84.062 -35.8095
73.874102 84.036 -36.0819
74.409424 84.016 -36.3544
74.948626 84.001 -36.6451
75.491734 83.987 -36.9603
76.038779 83.974 -37.2918
76.589787 83.960 -37.6248
77.144788 83.946 -37.9499
77.703811 83.933 -38.2676
78.266885 83.921 -38.5838
78.834039 83.909 -38.9043
79.405303 83.895 -39.2310
79.980706 83.880 -39.5630
80.560280 83.862 -39.8994
81.144053 83.841 -40.2403
81.732056 83.816 -40.5854
82.324320 83.788 -40.9337
82.920876 83.757 -41.2833
83.521755 83.722 -41.6302
84.126988 83.686 -41.9675
84.736607 83.649 -42.2882
85.350643 83.614 -42.5936
85.969129 83.583 -42.8950
86.592097 83.556 -43.2066
87.219579 83.531 -43.5350
87.851608 83.506 -43.8765
88.488217 83.482 -44.2232
89.129439 83.457 -44.5687
89.775308 83.432 -44.9105
90.425856 83.408 -45.2486
91.081119 83.384 -45.5837
91.741131 83.359 -45.9149
92.405925 83.335 -46.2397
93.075536 83.311 -46.5559
93.750000 83.286 -46.8627
94.429351 83.262 -47.1594
95.113625 83.237 -47.4445
95.802858 83.211 -47.7169
96.497085 83.185 -47.9787
97.196342 83.158 -48.2350
97.900667 83.130 -48.4919
98.610096 83.100 -48.7540
99.324665 83.069 -49.0238
100.044413 83.038 -49.3031
100.769376 83.006 -49.5934
101.499592 82.976 -49.8956
102.235100 82.948 -50.2105
102.975938 82.924 -50.5390
103.722144 82.902 -50.8821
104.473757 82.881 -51.2377
105.230817 82.859 -51.5960
105.993363 82.834 -51.9358
106.761435 82.806 -52.2332
107.535072 82.777 -52.4790
108.314315 82.749 -52.6853
109.099206 82.724 -52.8737
109.889783 82.700 -53.0604
110.686090 82.675 -53.2520
111.488167 82.650 -53.4480
112.296056 82.624 -53.6453
113.109800 82.596 -53.8421
113.929440 82.566 -54.0368
114.755020 82.530 -54.2224
115.586582 82.489 -54.3857
116.424170 82.443 -54.5145
117.267827 82.395 -54.6064
118.117598 82.350 -54.6752
118.973527 82.313 -54.7581
119.835658 82.288 -54.9147
120.704037 82.272 -55.1958
121.578708 82.258 -55.6016
122.459718 82.243 -56.0839
123.347111 82.226 -56.5843
124.240935 82.208 -57.0586
125.141236 82.191 -57.4818
126.048061 82.175 -57.8474
126.961458 82.158 -58.1622
127.881473 82.139 -58.4399
128.808154 82.117 -58.6966
129.741551 82.091 -58.9480
130.681712 82.062 -59.2057
131.628686 82.032 -59.4752
132.582521 82.002 -59.7561
133.543269 81.973 -60.0435
134.510979 81.946 -60.3298
135.485701 81.920 -60.6068
136.467486 81.895 -60.8679
137.456386 81.869 -61.1107
138.452451 81.842 -61.3387
139.455735 81.815 -61.5597
140.466288 81.788 -61.7823
141.484165 81.761 -62.0102
142.509418 81.736 -62.2414
143.542100 81.713 -62.4695
144.582265 81.693 -62.6870
145.629968 81.676 -62.8878
146.685262 81.660 -63.0671
147.748204 81.643 -63.2211
148.818849 81.622 -63.3465
149.897251 81.598 -63.4459
150.983469 81.570 -63.5357
152.077557 81.541 -63.6441
153.179574 81.509 -63.7963
154.289576 81.475 -63.9977
155.407622 81.441 -64.2368
156.533770 81.410 -64.5009
157.668078 81.385 -64.7827
158.810606 81.367 -65.0772
159.961413 81.353 -65.3795
161.120559 81.341 -65.6862
162.288105 81.328 -65.9955
163.464112 81.311 -66.3088
164.648640 81.289 -66.6302
165.841752 81.261 -66.9606
167.043510 81.229 -67.2913
168.253976 81.194 -67.6031
169.473213 81.161 -67.8772
170.701286 81.133 -68.1107
171.938258 81.112 -68.3151
173.184194 81.095 -68.5029
174.439158 81.080 -68.6822
175.703216 81.065 -68.8585
176.976434 81.047 -69.0368
178.258878 81.026 -69.2211
179.550615 81.003 -69.4136
180.851713 80.979 -69.6149
182.162239 80.955 -69.8238
183.482262 80.931 -70.0390
184.811850 80.909 -70.2590
186.151073 80.887 -70.4822
187.500000 80.865 -70.7058
188.858702 80.843 -70.9260
190.227250 80.822 -71.1393
191.605715 80.800 -71.3432
192.994169 80.777 -71.5364
194.392685 80.755 -71.7188
195.801334 80.732 -71.8907
197.220191 80.710 -72.0525
198.649330 80.689 -72.2049
200.088825 80.670 -72.3487
201.538751 80.653 -72.4852
202.999184 80.639 -72.6171
204.470200 80.627 -72.7496
205.951875 80.618 -72.8897
207.444287 80.611 -73.0434
208.947514 80.604 -73.2142
210.461634 80.596 -73.4027
211.986726 80.586 -73.6060
213.522869 80.574 -73.8188
215.070144 80.560 -74.0341
216.628631 80.544 -74.2452
218.198411 80.528 -74.4476
219.779567 80.511 -74.6404
221.372180 80.494 -74.8254
222.976334 80.478 -75.0059
224.592112 80.463 -75.1851
226.219600 80.448 -75.3645
227.858880 80.432 -75.5430
229.510039 80.417 -75.7182
231.173164 80.402 -75.8876
232.848340 80.387 -76.0507
234.535655 80.372 -76.2087
236.235197 80.357 -76.3640
237.947054 80.342 -76.5193
239.671317 80.326 -76.6763
241.408074 80.309 -76.8351
243.157416 80.291 -76.9937
244.919435 80.272 -77.1492
246.694223 80.253 -77.2985
248.481871 80.233 -77.4375
250.282473 80.213 -77.5607
252.096123 80.194 -77.6625
253.922915 80.177 -77.7404
255.762945 80.162 -77.7988
257.616309 80.151 -77.8482
259.483103 80.142 -77.9006
261.363424 80.134 -77.9625
263.257372 80.126 -78.0333
265.165043 80.117 -78.1070
267.086538 80.109 -78.1765
269.021957 80.101 -78.2364
270.971401 80.096 -78.2852
272.934972 80.093 -78.3254
274.912771 80.094 -78.3633
276.904902 80.098 -78.4058
278.911469 80.106 -78.4591
280.932577 80.117 -78.5270
282.968330 80.130 -78.6121
285.018835 80.144 -78.7165
287.084199 80.158 -78.8428
289.164530 80.171 -78.9928
291.259935 80.182 -79.1653
293.370525 80.189 -79.3535
295.496408 80.193 -79.5462
297.637697 80.193 -79.7316
299.794503 80.190 -79.9020
301.966937 80.186 -80.0549
304.155114 80.181 -80.1917
306.359147 80.176 -80.3158
308.579152 80.171 -80.4313
310.815244 80.166 -80.5421
313.067539 80.160 -80.6506
315.336156 80.154 -80.7568
317.621211 80.147 -80.8574
319.922826 80.140 -80.9481
322.241118 80.134 -81.0260
324.576210 80.128 -81.0910
326.928223 80.124 -81.1462
329.297280 80.121 -81.1961
331.683504 80.119 -81.2450
334.087019 80.119 -81.2957
336.507952 80.119 -81.3496
338.946427 80.120 -81.4063
341.402572 80.120 -81.4645
343.876516 80.120 -81.5219
346.368387 80.120 -81.5762
348.878315 80.119 -81.6257
351.406431 80.119 -81.6700
353.952867 80.118 -81.7097
356.517756 80.119 -81.7458
359.101230 80.119 -81.7785
361.703426 80.120 -81.8078
364.324478 80.121 -81.8331
366.964523 80.123 -81.8537
369.623699 80.125 -81.8690
372.302145 80.128 -81.8791
375.000000 80.131 -81.8846
377.717405 80.134 -81.8861
380.454501 80.139 -81.8839
383.211431 80.144 -81.8786
385.988339 80.149 -81.8710
388.785369 80.155 -81.8612
391.602668 80.161 -81.8486
394.440383 80.167 -81.8326
397.298660 80.174 -81.8135
400.177650 80.181 -81.7926
403.077502 80.189 -81.7718
405.998368 80.197 -81.7529
408.940400 80.206 -81.7363
411.903750 80.215 -81.7195
414.888575 80.223 -81.6985
417.895028 80.231 -81.6692
420.923268 80.239 -81.6294
423.973452 80.248 -81.5791
427.045738 80.259 -81.5204
430.140287 80.272 -81.4574
433.257261 80.286 -81.3943
436.396822 80.302 -81.3338
439.559133 80.320 -81.2760
442.744360 80.339 -81.2202
445.952668 80.359 -81.1683
449.184225 80.381 -81.1253
452.439199 80.403 -81.0972
455.717760 80.424 -81.0871
459.020079 80.443 -81.0910
462.346327 80.459 -81.0986
465.696680 80.473 -81.0989
469.071310 80.484 -81.0857
472.470394 80.495 -81.0575
475.894109 80.507 -81.0167
479.342634 80.519 -80.9674
482.816148 80.532 -80.9141
486.314833 80.545 -80.8585
489.838871 80.556 -80.7959
493.388445 80.568 -80.7184
496.963741 80.579 -80.6219
500.564945 80.592 -80.5105
504.192245 80.607 -80.3926
507.845830 80.623 -80.2760
511.525890 80.640 -80.1653
515.232618 80.657 -80.0605
518.966206 80.674 -79.9586
522.726849 80.690 -79.8545
526.514743 80.706 -79.7425
530.330086 80.723 -79.6192
534.173076 80.740 -79.4861
538.043915 80.759 -79.3476
541.942803 80.779 -79.2063
545.869944 80.800 -79.0617
549.825542 80.821 -78.9127
553.809805 80.844 -78.7614
557.822939 80.868 -78.6113
561.865154 80.893 -78.4653
565.936660 80.918 -78.3227
570.037671 80.943 -78.1803
574.168399 80.967 -78.0339
578.329060 80.991 -77.8815
582.519870 81.016 -77.7236
586.741049 81.040 -77.5608
590.992817 81.064 -77.3910
595.275394 81.089 -77.2117
599.589005 81.114 -77.0229
603.933874 81.141 -76.8282
608.310228 81.169 -76.6312
612.718295 81.197 -76.4338
617.158304 81.225 -76.2343
621.630488 81.252 -76.0277
626.135079 81.280 -75.8080
630.672311 81.309 -75.5732
635.242423 81.340 -75.3272
639.845651 81.373 -75.0758
644.482237 81.409 -74.8205
649.152421 81.447 -74.5607
653.856447 81.487 -74.2989
658.594560 81.530 -74.0424
663.367008 81.576 -73.8012
668.174039 81.622 -73.5821
673.015903 81.669 -73.3837
677.892854 81.714 -73.1985
682.805145 81.756 -73.0183
687.753032 81.797 -72.8365
692.736774 81.836 -72.6474
697.756631 81.875 -72.4459
702.812863 81.913 -72.2301
707.905735 81.952 -72.0027
713.035511 81.993 -71.7677
718.202461 82.034 -71.5282
723.406852 82.076 -71.2846
728.648956 82.118 -71.0360
733.929047 82.161 -70.7826
739.247399 82.204 -70.5251
744.604290 82.248 -70.2638
750.000000 82.293 -69.9987
755.434809 82.339 -69.7294
760.909001 82.386 -69.4565
766.422861 82.434 -69.1811
771.976677 82.484 -68.9044
777.570739 82.535 -68.6278
783.205337 82.587 -68.3525
788.880766 82.640 -68.0782
794.597321 82.693 -67.8031
800.355301 82.748 -67.5264
806.155005 82.804 -67.2504
811.996736 82.862 -66.9805
817.880799 82.921 -66.7223
823.807501 82.981 -66.4790
829.777150 83.040 -66.2502
835.790057 83.096 -66.0296
841.846536 83.149 -65.8049
847.946903 83.200 -65.5642
854.091476 83.251 -65.3020
860.280575 83.302 -65.0198
866.514523 83.354 -64.7211
872.793644 83.409 -64.4091
879.118267 83.466 -64.0890
885.488720 83.526 -63.7684
891.905336 83.588 -63.4524
898.368450 83.651 -63.1409
904.878398 83.715 -62.8296
911.435520 83.780 -62.5153
918.040157 83.847 -62.1983
924.692655 83.917 -61.8812
931.393359 83.989 -61.5683
938.142619 84.063 -61.2643
944.940787 84.138 -60.9714
951.788218 84.215 -60.6888
958.685268 84.292 -60.4145
965.632296 84.370 -60.1461
972.629666 84.449 -59.8816
979.677741 84.528 -59.6205
986.776890 84.608 -59.3636
993.927482 84.688 -59.1096
1001.129891 84.769 -58.8539
1008.384491 84.850 -58.5915
1015.691660 84.934 -58.3226
1023.051781 85.021 -58.0519
1030.465236 85.112 -57.7876
1037.932411 85.207 -57.5418
1045.453698 85.305 -57.3264
1053.029486 85.403 -57.1460
1060.660172 85.500 -56.9966
1068.346153 85.595 -56.8695
1076.087829 85.688 -56.7560
1083.885605 85.778 -56.6500
1091.739887 85.868 -56.5491
1099.651084 85.956 -56.4529
1107.619609 86.043 -56.3608
1115.645878 86.129 -56.2719
1123.730308 86.213 -56.1853
1131.873321 86.297 -56.0994
1140.075341 86.380 -56.0129
1148.336797 86.462 -55.9249
1156.658119 86.544 -55.8343
1165.039741 86.626 -55.7400
1173.482099 86.708 -55.6405
1181.985634 86.792 -55.5366
1190.550789 86.878 -55.4348
1199.178011 86.967 -55.3464
1207.867749 87.058 -55.2831
1216.620457 87.148 -55.2501
1225.436590 87.237 -55.2429
1234.316609 87.322 -55.2520
1243.260976 87.403 -55.2674
1252.270157 87.481 -55.2807
1261.344623 87.557 -55.2874
1270.484846 87.630 -55.2864
1279.691303 87.700 -55.2761
1288.964474 87.770 -55.2553
1298.304842 87.838 -55.2245
1307.712894 87.906 -55.1863
1317.189120 87.974 -55.1447
1326.734016 88.042 -55.1019
1336.348077 88.110 -55.0571
1346.031806 88.177 -55.0071
1355.785708 88.245 -54.9474
1365.610290 88.313 -54.8736
1375.506065 88.382 -54.7810
1385.473549 88.452 -54.6647
1395.513261 88.525 -54.5239
1405.625726 88.602 -54.3644
1415.811469 88.683 -54.1983
1426.071023 88.767 -54.0407
1436.404921 88.854 -53.9006
1446.813703 88.940 -53.7783
1457.297912 89.025 -53.6676
1467.858093 89.109 -53.5617
1478.494798 89.190 -53.4559
1489.208581 89.269 -53.3466
1500.000000 89.344 -53.2306
1510.869618 89.415 -53.1050
1521.818002 89.482 -52.9670
1532.845723 89.545 -52.8144
1543.953355 89.605 -52.6454
1555.141477 89.664 -52.4600
1566.410674 89.724 -52.2625
1577.761531 89.785 -52.0641
1589.194642 89.849 -51.8789
1600.710601 89.914 -51.7158
1612.310010 89.979 -51.5752
1623.993473 90.043 -51.4512
1635.761599 90.105 -51.3358
1647.615002 90.165 -51.2228
1659.554299 90.224 -51.1071
1671.580114 90.282 -50.9857
1683.693072 90.340 -50.8582
1695.893807 90.397 -50.7269
1708.182952 90.455 -50.5938
1720.561150 90.510 -50.4588
1733.029045 90.564 -50.3185
1745.587288 90.616 -50.1671
1758.236533 90.667 -49.9974
1770.977440 90.717 -49.8037
1783.810673 90.770 -49.5869
1796.736900 90.826 -49.3570
1809.756796 90.887 -49.1291
1822.871040 90.951 -48.9151
1836.080315 91.017 -48.7192
1849.385310 91.085 -48.5404
1862.786718 91.153 -48.3749
1876.285239 91.223 -48.2179
1889.881575 91.293 -48.0640
1903.576436 91.365 -47.9077
1917.370535 91.442 -47.7442
1931.264593 91.523 -47.5705
1945.259332 91.610 -47.3881
1959.355483 91.704 -47.2060
1973.553781 91.805 -47.0382
1987.854965 91.909 -46.8952
2002.259781 92.015 -46.7805
2016.768981 92.122 -46.6913
2031.383320 92.228 -46.6224
2046.103561 92.332 -46.5680
2060.930471 92.435 -46.5239
2075.864823 92.537 -46.4887
2090.907395 92.637 -46.4624
2106.058972 92.735 -46.4434
2121.320344 92.830 -46.4269
2136.692305 92.922 -46.4047
2152.175658 93.013 -46.3692
2167.771210 93.103 -46.3183
2183.479774 93.195 -46.2598
2199.302169 93.289 -46.2065
2215.239219 93.384 -46.1684
2231.291755 93.480 -46.1505
2247.460615 93.575 -46.1524
2263.746641 93.669 -46.1703
2280.150683 93.762 -46.1977
2296.673595 93.853 -46.2271
2313.316238 93.944 -46.2529
2330.079481 94.036 -46.2749
2346.964198 94.130 -46.3012
2363.971268 94.227 -46.3450
2381.101578 94.326 -46.4167
2398.356022 94.424 -46.5209
2415.735498 94.521 -46.6574
2433.240913 94.616 -46.8230
2450.873180 94.708 -47.0143
2468.633217 94.797 -47.2289
2486.521951 94.882 -47.4635
2504.540314 94.963 -47.7117
2522.689246 95.039 -47.9636
2540.969692 95.111 -48.2095
2559.382606 95.181 -48.4465
2577.928947 95.251 -48.6802
2596.609683 95.320 -48.9195
2615.425787 95.388 -49.1714
2634.378241 95.454 -49.4381
2653.468031 95.516 -49.7170
2672.696154 95.575 -50.0009
2692.063613 95.630 -50.2811
2711.571415 95.684 -50.5519
2731.220579 95.736 -50.8157
2751.012130 95.789 -51.0814
2770.947098 95.842 -51.3586
2791.026522 95.893 -51.6536
2811.251451 95.943 -51.9684
2831.622938 95.989 -52.3022
2852.142045 96.031 -52.6532
2872.809842 96.068 -53.0177
2893.627406 96.099 -53.3883
2914.595823 96.124 -53.7532
2935.716186 96.144 -54.1019
2956.989596 96.160 -54.4311
2978.417161 96.173 -54.7443
3000.000000 96.184 -55.0471
3021.739237 96.192 -55.3427
3043.636005 96.195 -55.6288
3065.691446 96.194 -55.8980
3087.906710 96.190 -56.1398
3110.282955 96.183 -56.3484
3132.821347 96.175 -56.5249
3155.523062 96.166 -56.6755
3178.389283 96.158 -56.8061
3201.421202 96.148 -56.9201
3224.620020 96.138 -57.0189
3247.986946 96.126 -57.1017
3271.523198 96.112 -57.1639
3295.230004 96.096 -57.1956
3319.108599 96.079 -57.1851
3343.160228 96.063 -57.1267
3367.386145 96.051 -57.0241
3391.787613 96.044 -56.8878
3416.365904 96.044 -56.7306
3441.122300 96.050 -56.5636
3466.058091 96.064 -56.3948
3491.174576 96.084 -56.2325
3516.473066 96.110 -56.0898
3541.954880 96.142 -55.9831
3567.621345 96.178 -55.9264
3593.473800 96.215 -55.9280
3619.513592 96.250 -55.9895
3645.742080 96.279 -56.1053
3672.160630 96.301 -56.2616
3698.770620 96.314 -56.4378
3725.573436 96.319 -56.6138
3752.570477 96.315 -56.7766
3779.763150 96.305 -56.9200
3807.152872 96.288 -57.0410
3834.741071 96.265 -57.1338
3862.529185 96.235 -57.1886
3890.518664 96.201 -57.1976
3918.710966 96.166 -57.1605
3947.107561 96.131 -57.0846
3975.709929 96.098 -56.9827
4004.519563 96.067 -56.8695
4033.537962 96.038 -56.7582
4062.766641 96.009 -56.6552
4092.207123 95.978 -56.5586
4121.860942 95.945 -56.4639
4151.729646 95.910 -56.3693
4181.814790 95.872 -56.2746
4212.117944 95.828 -56.1767
4242.640687 95.779 -56.0647
4273.384610 95.724 -55.9233
4304.351317 95.664 -55.7398
4335.542421 95.600 -55.5076
4366.959549 95.534 -55.2269
4398.604338 95.467 -54.9028
4430.478438 95.401 -54.5419
4462.583511 95.335 -54.1463
4494.921231 95.271 -53.7144
4527.493283 95.208 -53.2460
4560.301365 95.147 -52.7461
4593.347189 95.090 -52.2215
4626.632476 95.034 -51.6740
4660.158962 94.981 -51.1003
4693.928395 94.932 -50.4968
4727.942535 94.886 -49.8652
4762.203156 94.847 -49.2133
4796.712043 94.813 -48.5549
4831.470996 94.786 -47.9039
4866.481826 94.763 -47.2680
4901.746360 94.744 -46.6501
4937.266434 94.728 -46.0522
4973.043902 94.712 -45.4769
5009.080628 94.696 -44.9218
5045.378492 94.677 -44.3770
5081.939384 94.657 -43.8290
5118.765212 94.635 -43.2677
5155.857894 94.612 -42.6898
5193.219366 94.591 -42.1002
5230.851574 94.570 -41.5064
5268.756481 94.550 -40.9132
5306.936062 94.529 -40.3231
5345.392309 94.508 -39.7393
5384.127225 94.484 -39.1633
5423.142830 94.457 -38.5905
5462.441159 94.424 -38.0094
5502.024259 94.387 -37.4065
5541.894195 94.347 -36.7720
5582.053045 94.305 -36.1038
5622.502902 94.263 -35.4054
5663.245876 94.221 -34.6809
5704.284090 94.181 -33.9347
5745.619684 94.142 -33.1728
5787.254813 94.104 -32.4001
5829.191647 94.066 -31.6155
5871.432373 94.027 -30.8112
5913.979192 93.988 -29.9769
5956.834323 93.949 -29.1051
6000.000000 93.913 -28.1950
6043.478473 93.880 -27.2493
6087.272010 93.851 -26.2725
6131.382892 93.827 -25.2720
6175.813420 93.808 -24.2561
6220.565910 93.793 -23.2288
6265.642695 93.782 -22.1874
6311.046124 93.774 -21.1252
6356.778566 93.770 -20.0366
6402.842404 93.771 -18.9201
6449.240040 93.779 -17.7779
6495.973891 93.794 -16.6153
6543.046396 93.817 -15.4416
6590.460007 93.849 -14.2660
6638.217197 93.889 -13.0936
6686.320456 93.937 -11.9236
6734.772290 93.992 -10.7534
6783.575226 94.057 -9.5827
6832.731809 94.131 -8.4146
6882.244600 94.216 -7.2569
6932.116181 94.311 -6.1227
6982.349153 94.417 -5.0275
7032.946133 94.534 -3.9840
7083.909760 94.660 -3.0005
7135.242690 94.798 -2.0836
7186.947600 94.947 -1.2421
7239.027185 95.107 -0.4879
7291.484160 95.280 0.1613
7344.321260 95.465 0.6824
7397.541239 95.659 1.0521
7451.146872 95.861 1.2514
7505.140954 96.068 1.2675
7559.526299 96.277 1.0895
7614.305743 96.485 0.7072
7669.482141 96.691 0.1089
7725.058371 96.889 -0.7203
7781.037328 97.075 -1.7938
7837.421932 97.244 -3.1162
7894.215122 97.387 -4.6787
7951.419859 97.499 -6.4602
8009.039125 97.574 -8.4298
8067.075924 97.609 -10.5504
8125.533282 97.600 -12.7838
8184.414245 97.545 -15.0902
8243.721885 97.441 -17.4243
8303.459292 97.285 -19.7331
8363.629581 97.079 -21.9581
8424.235888 96.823 -24.0391
8485.281374 96.521 -25.9222
8546.769221 96.179 -27.5660
8608.702634 95.804 -28.9434
8671.084842 95.402 -30.0371
8733.919097 94.978 -30.8358
8797.208675 94.538 -31.3317
8860.956876 94.088 -31.5212
8925.167022 93.634 -31.4094
8989.842461 93.182 -31.0129
9054.986566 92.736 -30.3554
9120.602731 92.302 -29.4624
9186.694378 91.881 -28.3554
9253.264952 91.474 -27.0501
9320.317925 91.085 -25.5605
9387.856790 90.715 -23.9057
9455.885071 90.366 -22.1095
9524.406312 90.040 -20.1959
9593.424086 89.737 -18.1832
9662.941992 89.456 -16.0804
9732.963653 89.198 -13.8928
9803.492719 88.965 -11.6293
9874.532869 88.757 -9.3048
9946.087805 88.574 -6.9359
10018.161257 88.415 -4.5337
10090.756983 88.280 -2.1028
10163.878768 88.171 0.3516
10237.530423 88.087 2.8167
10311.715789 88.029 5.2714
10386.438732 87.999 7.6931
10461.703149 87.995 10.0646
10537.512962 88.016 12.3713
10613.872125 88.065 14.5942
10690.784618 88.139 16.7048
10768.254450 88.239 18.6692
10846.285661 88.361 20.4555
10924.882318 88.502 22.0357
11004.048518 88.659 23.3808
11083.788390 88.828 24.4573
11164.106090 89.002 25.2317
11245.005805 89.172 25.6815
11326.491752 89.328 25.8021
11408.568180 89.460 25.6062
11491.239368 89.558 25.1225
11574.509626 89.611 24.3967
11658.383294 89.610 23.4975
11742.864745 89.549 22.5163
11827.958384 89.425 21.5592
11913.668646 89.240 20.7340
12000.000000 89.000 20.1405
12086.956947 88.715 19.8655
12174.544019 88.399 19.9762
12262.765784 88.068 20.5095
12351.626840 87.740 21.4601
12441.131819 87.433 22.7773
12531.285389 87.161 24.3734
12622.092249 86.934 26.1356
12713.557132 86.756 27.9366
12805.684808 86.624 29.6504
12898.480079 86.530 31.1733
12991.947783 86.459 32.4420
13086.092792 86.398 33.4371
13180.920015 86.330 34.1758
13276.434395 86.245 34.7032
13372.640911 86.133 35.0863
13469.544580 85.989 35.4054
13567.150452 85.812 35.7398
13665.463617 85.606 36.1576
13764.489200 85.375 36.7131
13864.232362 85.127 37.4465
13964.698305 84.871 38.3794
14065.892266 84.617 39.5110
14167.819519 84.375 40.8208
14270.485380 84.153 42.2748
14373.895200 83.958 43.8265
14478.054370 83.798 45.4147
14582.968320 83.676 46.9695
14688.642520 83.592 48.4200
14795.082478 83.547 49.6948
14902.293745 83.537 50.7213
15010.281908 83.558 51.4309
15119.052599 83.602 51.7661
15228.611486 83.659 51.6829
15338.964283 83.715 51.1541
15450.116741 83.757 50.1758
15562.074656 83.768 48.7720
15674.843864 83.731 46.9945
15788.430244 83.632 44.9211
15902.839718 83.458 42.6529
16018.078250 83.201 40.3083
16134.151848 82.860 38.0114
16251.066563 82.435 35.8813
16368.828491 81.934 34.0244
16487.443769 81.367 32.5283
16606.918584 80.746 31.4538
16727.259161 80.087 30.8342
16848.471777 79.404 30.6784
16970.562748 78.711 30.9724
17093.538442 78.021 31.6819
17217.405268 77.348 32.7581
17342.169684 76.701 34.1401
17467.838194 76.088 35.7558
17594.417350 75.513 37.5256
17721.913751 74.976 39.3654
17850.334044 74.477 41.1887
17979.684923 74.010 42.9121
18109.973131 73.567 44.4640
18241.205462 73.136 45.7872
18373.388756 72.704 46.8439
18506.529905 72.256 47.6237
18640.635849 71.776 48.1462
18775.713581 71.247 48.4603
18911.770141 70.657 48.6453
19048.812624 69.994 48.8056
19186.848172 69.255 49.0577
19325.883983 68.444 49.5155
19465.927305 67.581 50.2670
19606.985439 66.706 51.3377
19749.065738 65.893 52.6344
19892.175609 65.248 53.8912
20036.322514 64.887 54.6957
