* Measurement data measured by REW V5.30 beta 5
* Source: EXCL: Microphone (Realtek(R) Audio), MICROPHONE (Master Volume), L, volume: 1.000
* Format: 256k Log Swept Sine, 1 sweep at -12.0 dBFS with no timing reference
* Dated: Dec 29, 2023 12:56:48 AM
* REW Settings:
*  C-weighting compensation: Off
*  Target level: 75.0 dB
* Note: LetShuoer S15 L
* Measurement: L LetShuoer S15
* Smoothing: 1/12 octave
* Frequency Step: 96 ppo
* Start Frequency: 0.36621094 Hz
*
* Freq(Hz) SPL(dB) Phase(degrees)
0.366211 102.877 -21.4646
0.368865 102.871 -21.4862
0.371538 102.863 -21.5186
0.374230 102.853 -21.5593
0.376942 102.841 -21.6062
0.379673 102.829 -21.6577
0.382424 102.816 -21.7130
0.385196 102.802 -21.7712
0.387987 102.789 -21.8322
0.390798 102.775 -21.8956
0.393630 102.761 -21.9615
0.396483 102.747 -22.0297
0.399356 102.733 -22.1003
0.402250 102.719 -22.1733
0.405165 102.705 -22.2486
0.408101 102.690 -22.3264
0.411058 102.676 -22.4066
0.414037 102.661 -22.4892
0.417037 102.646 -22.5743
0.420059 102.631 -22.6619
0.423103 102.616 -22.7520
0.426169 102.601 -22.8446
0.429257 102.586 -22.9398
0.432367 102.571 -23.0376
0.435501 102.556 -23.1380
0.438656 102.540 -23.2410
0.441835 102.524 -23.3466
0.445037 102.509 -23.4549
0.448262 102.493 -23.5659
0.451510 102.477 -23.6795
0.454782 102.461 -23.7959
0.458077 102.445 -23.9150
0.461397 102.428 -24.0368
0.464740 102.412 -24.1614
0.468108 102.395 -24.2888
0.471500 102.379 -24.4189
0.474917 102.362 -24.5519
0.478358 102.345 -24.6876
0.481825 102.328 -24.8262
0.485316 102.311 -24.9676
0.488833 102.293 -25.1119
0.492375 102.276 -25.2590
0.495943 102.258 -25.4089
0.499537 102.241 -25.5617
0.503157 102.223 -25.7173
0.506803 102.205 -25.8758
0.510475 102.187 -26.0371
0.514174 102.169 -26.2013
0.517900 102.151 -26.3683
0.521653 102.132 -26.5382
0.525433 102.114 -26.7109
0.529241 102.095 -26.8864
0.533076 102.076 -27.0647
0.536939 102.057 -27.2458
0.540830 102.038 -27.4297
0.544749 102.019 -27.6163
0.548696 101.999 -27.8056
0.552673 101.980 -27.9976
0.556677 101.960 -28.1923
0.560711 101.940 -28.3896
0.564774 101.920 -28.5896
0.568867 101.900 -28.7920
0.572989 101.880 -28.9970
0.577141 101.859 -29.2045
0.581324 101.839 -29.4143
0.585536 101.818 -29.6265
0.589779 101.797 -29.8410
0.594053 101.776 -30.0577
0.598358 101.755 -30.2766
0.602694 101.734 -30.4976
0.607061 101.712 -30.7205
0.611460 101.691 -30.9454
0.615891 101.669 -31.1721
0.620354 101.647 -31.4005
0.624849 101.625 -31.6306
0.629377 101.603 -31.8621
0.633938 101.580 -32.0950
0.638532 101.558 -32.3293
0.643159 101.535 -32.5646
0.647819 101.512 -32.8010
0.652514 101.489 -33.0382
0.657242 101.466 -33.2760
0.662005 101.442 -33.5145
0.666802 101.419 -33.7533
0.671634 101.395 -33.9922
0.676501 101.371 -34.2312
0.681403 101.347 -34.4699
0.686341 101.323 -34.7083
0.691314 101.298 -34.9460
0.696324 101.274 -35.1829
0.701369 101.249 -35.4187
0.706452 101.223 -35.6534
0.711571 101.197 -35.8868
0.716727 101.171 -36.1189
0.721921 101.143 -36.3500
0.727153 101.114 -36.5803
0.732422 101.083 -36.8107
0.737729 101.050 -37.0420
0.743075 101.015 -37.2752
0.748460 100.979 -37.5111
0.753883 100.941 -37.7503
0.759346 100.903 -37.9933
0.764849 100.863 -38.2404
0.770391 100.823 -38.4918
0.775974 100.782 -38.7476
0.781597 100.741 -39.0079
0.787261 100.699 -39.2727
0.792965 100.656 -39.5420
0.798712 100.613 -39.8160
0.804499 100.569 -40.0946
0.810329 100.525 -40.3779
0.816201 100.480 -40.6658
0.822116 100.435 -40.9584
0.828073 100.388 -41.2556
0.834073 100.341 -41.5575
0.840118 100.294 -41.8640
0.846205 100.245 -42.1751
0.852337 100.196 -42.4908
0.858514 100.146 -42.8111
0.864735 100.095 -43.1358
0.871001 100.043 -43.4650
0.877313 99.991 -43.7986
0.883670 99.937 -44.1365
0.890074 99.882 -44.4785
0.896523 99.827 -44.8246
0.903020 99.771 -45.1747
0.909564 99.713 -45.5287
0.916155 99.654 -45.8862
0.922793 99.595 -46.2473
0.929480 99.534 -46.6117
0.936216 99.472 -46.9791
0.943000 99.409 -47.3495
0.949833 99.344 -47.7223
0.956716 99.278 -48.0975
0.963649 99.211 -48.4747
0.970632 99.143 -48.8535
0.977666 99.073 -49.2335
0.984750 99.001 -49.6144
0.991886 98.929 -49.9957
0.999074 98.854 -50.3768
1.006313 98.778 -50.7574
1.013605 98.700 -51.1368
1.020950 98.621 -51.5145
1.028349 98.539 -51.8896
1.035801 98.456 -52.2617
1.043306 98.371 -52.6298
1.050867 98.285 -52.9933
1.058482 98.196 -53.3513
1.066152 98.105 -53.7029
1.073878 98.012 -54.0474
1.081659 97.916 -54.3841
1.089498 97.819 -54.7123
1.097393 97.719 -55.0317
1.105345 97.616 -55.3422
1.113355 97.511 -55.6438
1.121422 97.404 -55.9367
1.129549 97.293 -56.2210
1.137734 97.180 -56.4968
1.145978 97.065 -56.7642
1.154283 96.946 -57.0231
1.162647 96.825 -57.2736
1.171072 96.701 -57.5155
1.179558 96.575 -57.7489
1.188106 96.446 -57.9736
1.196715 96.314 -58.1896
1.205387 96.180 -58.3967
1.214122 96.043 -58.5947
1.222920 95.904 -58.7836
1.231781 95.762 -58.9633
1.240708 95.617 -59.1334
1.249698 95.471 -59.2939
1.258754 95.322 -59.4445
1.267875 95.170 -59.5851
1.277063 95.016 -59.7154
1.286317 94.860 -59.8351
1.295638 94.702 -59.9441
1.305027 94.542 -60.0421
1.314484 94.380 -60.1287
1.324009 94.216 -60.2036
1.333603 94.049 -60.2667
1.343267 93.881 -60.3175
1.353001 93.712 -60.3558
1.362805 93.540 -60.3812
1.372681 93.367 -60.3934
1.382628 93.192 -60.3921
1.392647 93.016 -60.3768
1.402739 92.839 -60.3472
1.412904 92.660 -60.3026
1.423142 92.480 -60.2423
1.433455 92.297 -60.1648
1.443842 92.113 -60.0681
1.454305 91.926 -59.9492
1.464843 91.734 -59.8036
1.475458 91.538 -59.6257
1.486150 91.335 -59.4093
1.496919 91.124 -59.1483
1.507766 90.905 -58.8370
1.518692 90.678 -58.4702
1.529697 90.443 -58.0429
1.540782 90.201 -57.5505
1.551947 89.951 -56.9881
1.563193 89.696 -56.3510
1.574521 89.435 -55.6342
1.585931 89.170 -54.8324
1.597423 88.902 -53.9405
1.608998 88.632 -52.9530
1.620658 88.361 -51.8647
1.632402 88.091 -50.6702
1.644231 87.822 -49.3648
1.656146 87.556 -47.9441
1.668147 87.295 -46.4044
1.680235 87.039 -44.7436
1.692410 86.792 -42.9605
1.704674 86.553 -41.0563
1.717027 86.326 -39.0341
1.729469 86.111 -36.8999
1.742002 85.912 -34.6623
1.754625 85.729 -32.3332
1.767340 85.565 -29.9268
1.780147 85.423 -27.4598
1.793046 85.304 -24.9500
1.806040 85.210 -22.4153
1.819127 85.145 -19.8728
1.832309 85.108 -17.3378
1.845587 85.102 -14.8249
1.858961 85.126 -12.3488
1.872431 85.181 -9.9262
1.886000 85.266 -7.5749
1.899666 85.379 -5.3125
1.913432 85.519 -3.1546
1.927298 85.683 -1.1141
1.941264 85.871 0.7995
1.955331 86.079 2.5803
1.969500 86.305 4.2255
1.983772 86.547 5.7352
1.998147 86.802 7.1117
2.012626 87.068 8.3590
2.027211 87.341 9.4824
2.041901 87.620 10.4879
2.056697 87.901 11.3820
2.071601 88.182 12.1712
2.086613 88.459 12.8620
2.101733 88.731 13.4606
2.116963 88.993 13.9725
2.132303 89.245 14.4029
2.147755 89.483 14.7556
2.163318 89.707 15.0336
2.178995 89.916 15.2386
2.194785 90.111 15.3710
2.210689 90.294 15.4308
2.226709 90.466 15.4179
2.242844 90.631 15.3337
2.259097 90.788 15.1809
2.275467 90.940 14.9636
2.291956 91.087 14.6867
2.308565 91.230 14.3557
2.325294 91.367 13.9760
2.342144 91.501 13.5531
2.359116 91.630 13.0924
2.376211 91.754 12.5989
2.393430 91.874 12.0774
2.410774 91.989 11.5324
2.428243 92.100 10.9680
2.445839 92.206 10.3881
2.463562 92.307 9.7957
2.481415 92.404 9.1934
2.499396 92.496 8.5826
2.517508 92.582 7.9630
2.535750 92.664 7.3327
2.554126 92.740 6.6874
2.572634 92.810 6.0208
2.591276 92.873 5.3260
2.610054 92.931 4.5972
2.628967 92.982 3.8310
2.648018 93.026 3.0266
2.667206 93.063 2.1851
2.686534 93.095 1.3091
2.706002 93.120 0.4023
2.725610 93.139 -0.5310
2.745361 93.153 -1.4858
2.765255 93.161 -2.4570
2.785294 93.164 -3.4393
2.805477 93.162 -4.4271
2.825807 93.156 -5.4154
2.846284 93.146 -6.3995
2.866909 93.131 -7.3757
2.887684 93.113 -8.3423
2.908609 93.090 -9.2999
2.929686 93.064 -10.2520
2.950916 93.032 -11.2047
2.972299 92.996 -12.1651
2.993838 92.954 -13.1389
3.015532 92.906 -14.1303
3.037384 92.853 -15.1411
3.059394 92.795 -16.1715
3.081564 92.731 -17.2201
3.103894 92.662 -18.2844
3.126386 92.588 -19.3609
3.149041 92.509 -20.4453
3.171861 92.427 -21.5328
3.194845 92.340 -22.6182
3.217996 92.249 -23.6962
3.241315 92.155 -24.7624
3.264803 92.056 -25.8136
3.288461 91.954 -26.8487
3.312291 91.847 -27.8693
3.336293 91.735 -28.8788
3.360469 91.617 -29.8812
3.384820 91.495 -30.8798
3.409348 91.367 -31.8769
3.434054 91.235 -32.8733
3.458938 91.099 -33.8685
3.484003 90.959 -34.8606
3.509250 90.818 -35.8465
3.534679 90.675 -36.8217
3.560293 90.531 -37.7804
3.586092 90.387 -38.7158
3.612079 90.244 -39.6203
3.638253 90.101 -40.4858
3.664618 89.958 -41.3049
3.691173 89.815 -42.0718
3.717921 89.671 -42.7829
3.744862 89.525 -43.4375
3.771999 89.380 -44.0370
3.799332 89.235 -44.5847
3.826864 89.093 -45.0852
3.854595 88.954 -45.5434
3.882527 88.821 -45.9648
3.910661 88.695 -46.3544
3.938999 88.580 -46.7161
3.967543 88.476 -47.0518
3.996294 88.386 -47.3605
4.025252 88.309 -47.6376
4.054421 88.247 -47.8766
4.083801 88.200 -48.0715
4.113394 88.166 -48.2203
4.143201 88.146 -48.3266
4.173225 88.140 -48.3991
4.203466 88.147 -48.4503
4.233926 88.168 -48.4952
4.264606 88.201 -48.5496
4.295509 88.249 -48.6285
4.326636 88.310 -48.7440
4.357989 88.386 -48.9042
4.389569 88.477 -49.1115
4.421378 88.584 -49.3635
4.453417 88.707 -49.6555
4.485688 88.845 -49.9837
4.518193 88.998 -50.3471
4.550934 89.164 -50.7478
4.583912 89.339 -51.1900
4.617129 89.522 -51.6793
4.650587 89.710 -52.2214
4.684287 89.902 -52.8217
4.718231 90.095 -53.4838
4.752421 90.290 -54.2089
4.786859 90.486 -54.9953
4.821547 90.683 -55.8378
4.856485 90.882 -56.7295
4.891677 91.083 -57.6625
4.927125 91.284 -58.6290
4.962829 91.484 -59.6224
4.998791 91.682 -60.6376
5.035015 91.877 -61.6716
5.071500 92.068 -62.7233
5.108251 92.254 -63.7934
5.145267 92.435 -64.8832
5.182552 92.611 -65.9932
5.220107 92.782 -67.1211
5.257934 92.948 -68.2618
5.296035 93.108 -69.4079
5.334412 93.264 -70.5510
5.373067 93.414 -71.6836
5.412003 93.558 -72.7995
5.451221 93.697 -73.8956
5.490722 93.829 -74.9715
5.530510 93.955 -76.0289
5.570587 94.074 -77.0696
5.610953 94.188 -78.0931
5.651613 94.295 -79.0964
5.692567 94.397 -80.0741
5.733818 94.494 -81.0197
5.775367 94.586 -81.9272
5.817218 94.673 -82.7919
5.859372 94.756 -83.6114
5.901831 94.835 -84.3858
5.944598 94.909 -85.1162
5.987675 94.980 -85.8037
6.031065 95.047 -86.4480
6.074768 95.112 -87.0479
6.118788 95.175 -87.6012
6.163127 95.238 -88.1054
6.207788 95.300 -88.5585
6.252772 95.363 -88.9595
6.298082 95.427 -89.3093
6.343721 95.491 -89.6104
6.389690 95.556 -89.8668
6.435992 95.624 -90.0832
6.482630 95.694 -90.2643
6.529606 95.767 -90.4140
6.576922 95.845 -90.5355
6.624581 95.927 -90.6308
6.672585 96.014 -90.7024
6.720938 96.105 -90.7542
6.769640 96.200 -90.7919
6.818696 96.298 -90.8223
6.868107 96.401 -90.8522
6.917876 96.506 -90.8872
6.968006 96.615 -90.9314
7.018499 96.727 -90.9870
7.069358 96.841 -91.0556
7.120586 96.958 -91.1391
7.172184 97.075 -91.2396
7.224157 97.192 -91.3599
7.276506 97.309 -91.5021
7.329235 97.425 -91.6677
7.382345 97.539 -91.8569
7.435841 97.651 -92.0686
7.489724 97.760 -92.3007
7.543997 97.867 -92.5507
7.598664 97.970 -92.8163
7.653728 98.068 -93.0953
7.709189 98.162 -93.3862
7.765053 98.252 -93.6872
7.821322 98.337 -93.9962
7.877998 98.417 -94.3098
7.935086 98.492 -94.6245
7.992587 98.563 -94.9364
8.050504 98.629 -95.2427
8.108841 98.691 -95.5414
8.167601 98.749 -95.8311
8.226787 98.803 -96.1105
8.286402 98.854 -96.3779
8.346449 98.901 -96.6317
8.406931 98.947 -96.8704
8.467851 98.990 -97.0935
8.529212 99.032 -97.3011
8.591018 99.073 -97.4944
8.653272 99.113 -97.6750
8.715977 99.152 -97.8447
8.779137 99.192 -98.0052
8.842754 99.233 -98.1584
8.906833 99.274 -98.3062
8.971375 99.316 -98.4517
9.036386 99.359 -98.5983
9.101867 99.402 -98.7493
9.167823 99.447 -98.9078
9.234257 99.492 -99.0761
9.301172 99.538 -99.2562
9.368572 99.585 -99.4501
9.436460 99.631 -99.6599
9.504841 99.677 -99.8872
9.573717 99.722 -100.1331
9.643092 99.766 -100.3979
9.712970 99.809 -100.6813
9.783354 99.850 -100.9826
9.854248 99.889 -101.3011
9.925656 99.926 -101.6357
9.997581 99.961 -101.9853
10.070028 99.994 -102.3481
10.143000 100.023 -102.7221
10.216500 100.051 -103.1052
10.290533 100.076 -103.4954
10.365103 100.099 -103.8912
10.440212 100.121 -104.2911
10.515866 100.140 -104.6937
10.592069 100.158 -105.0975
10.668823 100.175 -105.5015
10.746134 100.192 -105.9052
10.824005 100.208 -106.3085
10.902440 100.224 -106.7116
10.981443 100.241 -107.1148
11.061020 100.258 -107.5186
11.141172 100.277 -107.9239
11.221906 100.296 -108.3318
11.303225 100.317 -108.7434
11.385133 100.340 -109.1600
11.467634 100.364 -109.5826
11.550734 100.389 -110.0121
11.634435 100.417 -110.4494
11.718742 100.445 -110.8952
11.803661 100.475 -111.3499
11.889195 100.507 -111.8136
11.975349 100.540 -112.2860
12.062128 100.573 -112.7669
12.149535 100.608 -113.2556
12.237576 100.644 -113.7514
12.326254 100.680 -114.2531
12.415575 100.717 -114.7598
12.505544 100.755 -115.2700
12.596164 100.794 -115.7828
12.687441 100.833 -116.2969
12.779379 100.873 -116.8110
12.871984 100.914 -117.3239
12.965260 100.955 -117.8347
13.059211 100.997 -118.3423
13.153843 101.040 -118.8458
13.249161 101.084 -119.3444
13.345170 101.128 -119.8372
13.441875 101.173 -120.3237
13.539280 101.219 -120.8032
13.637391 101.266 -121.2751
13.736214 101.313 -121.7392
13.835752 101.361 -122.1950
13.936011 101.409 -122.6424
14.036998 101.459 -123.0812
14.138716 101.508 -123.5117
14.241171 101.559 -123.9339
14.344368 101.609 -124.3483
14.448313 101.660 -124.7553
14.553011 101.712 -125.1555
14.658468 101.763 -125.5495
14.764689 101.814 -125.9378
14.871680 101.865 -126.3209
14.979446 101.915 -126.6991
15.087994 101.965 -127.0725
15.197328 102.013 -127.4410
15.307454 102.059 -127.8041
15.418378 102.105 -128.1609
15.530106 102.148 -128.5106
15.642643 102.189 -128.8517
15.755996 102.228 -129.1830
15.870171 102.265 -129.5033
15.985172 102.300 -129.8112
16.101007 102.333 -130.1060
16.217682 102.365 -130.3875
16.335201 102.396 -130.6558
16.453573 102.426 -130.9120
16.572803 102.456 -131.1577
16.692898 102.485 -131.3953
16.813862 102.515 -131.6277
16.935701 102.545 -131.8585
17.058424 102.575 -132.0910
17.182035 102.605 -132.3289
17.306543 102.635 -132.5752
17.431953 102.664 -132.8325
17.558273 102.693 -133.1025
17.685509 102.719 -133.3860
17.813665 102.744 -133.6829
17.942751 102.766 -133.9919
18.072771 102.786 -134.3112
18.203733 102.803 -134.6383
18.335646 102.817 -134.9703
18.468513 102.828 -135.3043
18.602345 102.837 -135.6378
18.737144 102.844 -135.9687
18.872921 102.850 -136.2958
19.009682 102.856 -136.6187
19.147434 102.861 -136.9380
19.286184 102.868 -137.2550
19.425940 102.875 -137.5720
19.566708 102.884 -137.8915
19.708496 102.894 -138.2162
19.851313 102.906 -138.5488
19.995163 102.919 -138.8915
20.140057 102.934 -139.2457
20.285999 102.950 -139.6123
20.433001 102.967 -139.9912
20.581066 102.983 -140.3812
20.730206 103.000 -140.7808
20.880424 103.017 -141.1875
21.031733 103.034 -141.5985
21.184137 103.051 -142.0110
21.337646 103.067 -142.4219
21.492268 103.083 -142.8288
21.648010 103.100 -143.2295
21.804880 103.118 -143.6226
21.962887 103.136 -144.0072
22.122040 103.156 -144.3837
22.282345 103.177 -144.7527
22.443811 103.200 -145.1158
22.606449 103.224 -145.4751
22.770266 103.250 -145.8325
22.935268 103.276 -146.1899
23.101467 103.303 -146.5488
23.268869 103.330 -146.9098
23.437485 103.356 -147.2724
23.607323 103.380 -147.6350
23.778391 103.403 -147.9953
23.950699 103.423 -148.3498
24.124256 103.441 -148.6952
24.299070 103.457 -149.0278
24.475151 103.470 -149.3451
24.652508 103.483 -149.6453
24.831150 103.494 -149.9282
25.011087 103.505 -150.1951
25.192327 103.516 -150.4487
25.374882 103.528 -150.6930
25.558758 103.541 -150.9323
25.743967 103.554 -151.1714
25.930519 103.567 -151.4142
26.118422 103.581 -151.6639
26.307686 103.594 -151.9225
26.498322 103.606 -152.1905
26.690340 103.618 -152.4674
26.883749 103.627 -152.7515
27.078560 103.635 -153.0408
27.274782 103.642 -153.3331
27.472427 103.648 -153.6262
27.671503 103.653 -153.9191
27.872023 103.659 -154.2115
28.073996 103.665 -154.5045
28.277431 103.672 -154.8004
28.482342 103.681 -155.1026
28.688736 103.691 -155.4147
28.896626 103.702 -155.7403
29.106022 103.714 -156.0816
29.316936 103.725 -156.4390
29.529379 103.735 -156.8101
29.743361 103.744 -157.1898
29.958893 103.749 -157.5709
30.175987 103.753 -157.9449
30.394655 103.754 -158.3033
30.614908 103.754 -158.6399
30.836756 103.755 -158.9516
31.060211 103.757 -159.2393
31.285286 103.762 -159.5080
31.511992 103.771 -159.7655
31.740341 103.783 -160.0207
31.970345 103.797 -160.2812
32.202015 103.813 -160.5520
32.435364 103.829 -160.8343
32.670403 103.844 -161.1256
32.907146 103.857 -161.4211
33.145607 103.867 -161.7151
33.385796 103.876 -162.0030
33.627724 103.884 -162.2824
33.871403 103.891 -162.5539
34.116848 103.898 -162.8202
34.364071 103.905 -163.0856
34.613087 103.912 -163.3543
34.863907 103.919 -163.6292
35.116547 103.925 -163.9116
35.371017 103.929 -164.2010
35.627331 103.932 -164.4955
35.885502 103.933 -164.7926
36.145542 103.933 -165.0894
36.407467 103.932 -165.3839
36.671291 103.929 -165.6749
36.937027 103.927 -165.9627
37.204689 103.925 -166.2486
37.474289 103.923 -166.5356
37.745842 103.922 -166.8272
38.019363 103.921 -167.1262
38.294868 103.920 -167.4341
38.572369 103.917 -167.7494
38.851879 103.912 -168.0676
39.133415 103.904 -168.3820
39.416992 103.894 -168.6850
39.702625 103.883 -168.9705
39.990326 103.871 -169.2359
40.280113 103.859 -169.4825
40.571999 103.849 -169.7152
40.866001 103.841 -169.9405
41.162132 103.835 -170.1648
41.460411 103.830 -170.3929
41.760849 103.826 -170.6266
42.063465 103.822 -170.8662
42.368275 103.817 -171.1099
42.675293 103.812 -171.3556
42.984535 103.806 -171.6005
43.296021 103.801 -171.8426
43.609760 103.797 -172.0817
43.925774 103.795 -172.3205
44.244080 103.795 -172.5656
44.564690 103.798 -172.8265
44.887623 103.802 -173.1118
45.212898 103.806 -173.4254
45.540531 103.808 -173.7631
45.870537 103.806 -174.1124
46.202934 103.798 -174.4561
46.537739 103.788 -174.7782
46.874969 103.776 -175.0701
47.214645 103.766 -175.3329
47.556782 103.758 -175.5747
47.901398 103.753 -175.8052
48.248512 103.750 -176.0307
48.598141 103.748 -176.2522
48.950302 103.747 -176.4685
49.305016 103.748 -176.6796
49.662300 103.750 -176.8898
50.022175 103.754 -177.1065
50.384655 103.759 -177.3364
50.749763 103.762 -177.5820
51.117516 103.763 -177.8403
51.487934 103.761 -178.1053
51.861038 103.756 -178.3703
52.236843 103.747 -178.6311
52.615372 103.736 -178.8851
52.996643 103.722 -179.1297
53.380680 103.705 -179.3606
53.767498 103.686 -179.5724
54.157120 103.668 -179.7618
54.549564 103.650 -179.9306
54.944855 103.636 179.9119
55.343006 103.626 179.7513
55.744045 103.619 179.5728
56.147991 103.614 179.3672
56.554863 103.608 179.1334
56.964684 103.600 178.8774
57.377472 103.590 178.6089
57.793251 103.578 178.3373
58.212044 103.564 178.0704
58.633873 103.549 177.8157
59.058758 103.534 177.5787
59.486721 103.521 177.3599
59.917786 103.512 177.1508
60.351974 103.508 176.9349
60.789310 103.507 176.6956
61.229816 103.506 176.4265
61.673512 103.501 176.1369
62.120422 103.491 175.8478
62.570572 103.477 175.5800
63.023983 103.461 175.3442
63.480682 103.445 175.1376
63.940689 103.430 174.9507
64.404030 103.416 174.7747
64.870728 103.402 174.6058
65.340805 103.390 174.4433
65.814293 103.378 174.2841
66.291214 103.369 174.1201
66.771591 103.360 173.9407
67.255447 103.352 173.7394
67.742805 103.342 173.5179
68.233696 103.329 173.2861
68.728142 103.313 173.0553
69.226173 103.297 172.8318
69.727814 103.280 172.6145
70.233093 103.265 172.3974
70.742035 103.250 172.1746
71.254662 103.236 171.9435
71.771004 103.221 171.7053
72.291084 103.205 171.4635
72.814934 103.187 171.2230
73.342583 103.169 170.9888
73.874054 103.151 170.7647
74.409378 103.133 170.5512
74.948578 103.117 170.3444
75.491684 103.103 170.1367
76.038727 103.089 169.9202
76.589737 103.076 169.6923
77.144737 103.060 169.4603
77.703758 103.042 169.2384
78.266830 103.022 169.0376
78.833984 103.004 168.8567
79.405251 102.988 168.6821
79.980652 102.974 168.4977
80.560226 102.960 168.2956
81.143997 102.944 168.0783
81.732002 102.926 167.8538
82.324265 102.906 167.6286
82.920822 102.885 167.4057
83.521698 102.862 167.1850
84.126930 102.838 166.9655
84.736549 102.813 166.7468
85.350586 102.788 166.5296
85.969070 102.761 166.3161
86.592041 102.732 166.1095
87.219521 102.703 165.9134
87.851547 102.674 165.7287
88.488159 102.645 165.5529
89.129379 102.617 165.3815
89.775246 102.589 165.2119
90.425797 102.562 165.0432
91.081062 102.535 164.8755
91.741074 102.508 164.7092
92.405869 102.481 164.5460
93.075478 102.452 164.3898
93.749939 102.424 164.2431
94.429291 102.396 164.1021
95.113564 102.368 163.9590
95.802795 102.341 163.8080
96.497025 102.313 163.6494
97.196281 102.285 163.4871
97.900604 102.258 163.3242
98.610031 102.232 163.1617
99.324600 102.207 163.0005
100.044350 102.182 162.8445
100.769310 102.156 162.6995
101.499527 102.130 162.5695
102.235031 102.102 162.4545
102.975868 102.073 162.3513
103.722076 102.043 162.2531
104.473686 102.013 162.1497
105.230743 101.984 162.0294
105.993286 101.956 161.8828
106.761360 101.932 161.7045
107.534996 101.911 161.4960
108.314240 101.893 161.2710
109.099129 101.875 161.0560
109.889709 101.856 160.8774
110.686012 101.837 160.7441
111.488091 101.814 160.6433
112.295982 101.784 160.5501
113.109726 101.743 160.4335
113.929367 101.689 160.2585
114.754944 101.620 159.9916
115.586502 101.536 159.6143
116.424088 101.439 159.1384
117.267746 101.331 158.6181
118.117516 101.220 158.1508
118.973442 101.117 157.8624
119.835571 101.042 157.8412
120.703949 101.012 158.0483
121.578621 101.028 158.3372
122.459633 101.073 158.5826
123.347023 101.124 158.7448
124.240845 101.164 158.8325
125.141144 101.185 158.8636
126.047966 101.185 158.8536
126.961365 101.169 158.8099
127.881378 101.143 158.7351
128.808060 101.114 158.6318
129.741455 101.087 158.5026
130.681610 101.062 158.3536
131.628586 101.038 158.2036
132.582428 101.013 158.0786
133.543182 100.986 157.9966
134.510895 100.959 157.9545
135.485611 100.935 157.9272
136.467392 100.913 157.8860
137.456284 100.892 157.8178
138.452347 100.871 157.7270
139.455627 100.847 157.6283
140.466187 100.819 157.5392
141.484070 100.786 157.4700
142.509323 100.748 157.4156
143.542007 100.706 157.3591
144.582169 100.661 157.2869
145.629868 100.614 157.1956
146.685165 100.568 157.0906
147.748108 100.525 156.9826
148.818756 100.488 156.8807
149.897156 100.456 156.7913
150.983368 100.426 156.7231
152.077454 100.396 156.6847
153.179474 100.365 156.6785
154.289474 100.333 156.6967
155.407516 100.300 156.7230
156.533661 100.267 156.7393
157.667969 100.233 156.7347
158.810501 100.200 156.7088
159.961304 100.168 156.6680
161.120453 100.137 156.6183
162.287994 100.108 156.5612
163.464005 100.081 156.4997
164.648529 100.053 156.4398
165.841644 100.024 156.3876
167.043396 99.992 156.3462
168.253860 99.956 156.3159
169.473099 99.916 156.2944
170.701172 99.875 156.2752
171.938141 99.835 156.2477
173.184082 99.796 156.2047
174.439041 99.761 156.1499
175.703094 99.729 156.0932
176.976318 99.700 156.0398
178.258759 99.673 155.9868
179.550491 99.648 155.9272
180.851593 99.623 155.8536
182.162125 99.597 155.7614
183.482147 99.571 155.6498
184.811737 99.542 155.5270
186.150955 99.509 155.4155
187.499878 99.472 155.3485
188.858582 99.432 155.3507
190.227127 99.391 155.4160
191.605591 99.351 155.5144
192.994049 99.312 155.6147
194.392563 99.274 155.6979
195.801208 99.237 155.7598
197.220062 99.200 155.8069
198.649200 99.164 155.8495
200.088699 99.127 155.8951
201.538620 99.091 155.9430
202.999054 99.056 155.9862
204.470062 99.021 156.0187
205.951736 98.986 156.0396
207.444153 98.952 156.0507
208.947372 98.918 156.0554
210.461487 98.884 156.0590
211.986572 98.849 156.0683
213.522720 98.814 156.0886
215.069992 98.778 156.1219
216.628479 98.741 156.1672
218.198257 98.704 156.2221
219.779419 98.666 156.2821
221.372025 98.631 156.3400
222.976181 98.597 156.3895
224.591965 98.564 156.4298
226.219452 98.532 156.4650
227.858734 98.500 156.4997
229.509888 98.468 156.5355
231.173004 98.436 156.5721
232.848175 98.402 156.6111
234.535492 98.367 156.6554
236.235031 98.331 156.7078
237.946884 98.294 156.7691
239.671143 98.258 156.8376
241.407898 98.220 156.9116
243.157242 98.182 156.9920
244.919266 98.141 157.0805
246.694046 98.099 157.1758
248.481689 98.057 157.2737
250.282288 98.017 157.3670
252.095932 97.983 157.4499
253.922729 97.954 157.5238
255.762756 97.929 157.5960
257.616119 97.907 157.6707
259.482910 97.885 157.7460
261.363220 97.863 157.8181
263.257172 97.837 157.8867
265.164856 97.808 157.9559
267.086365 97.777 158.0309
269.021790 97.743 158.1171
270.971222 97.710 158.2173
272.934784 97.678 158.3327
274.912567 97.647 158.4640
276.904694 97.619 158.6094
278.911255 97.592 158.7625
280.932373 97.567 158.9117
282.968140 97.542 159.0453
285.018646 97.518 159.1564
287.084015 97.493 159.2461
289.164337 97.467 159.3186
291.259735 97.441 159.3785
293.370331 97.412 159.4316
295.496216 97.382 159.4854
297.637512 97.350 159.5445
299.794312 97.317 159.6083
301.966736 97.284 159.6745
304.154907 97.249 159.7424
306.358948 97.214 159.8139
308.578949 97.179 159.8910
310.815033 97.143 159.9749
313.067322 97.107 160.0665
315.335938 97.072 160.1657
317.621002 97.038 160.2727
319.922607 97.004 160.3908
322.240906 96.970 160.5242
324.575989 96.937 160.6725
326.928009 96.906 160.8287
329.297058 96.876 160.9832
331.683289 96.847 161.1294
334.086792 96.819 161.2674
336.507721 96.791 161.4020
338.946198 96.763 161.5397
341.402344 96.735 161.6852
343.876282 96.706 161.8411
346.368164 96.676 162.0089
348.878082 96.646 162.1893
351.406189 96.615 162.3806
353.952637 96.584 162.5781
356.517517 96.552 162.7739
359.100983 96.520 162.9595
361.703186 96.488 163.1310
364.324249 96.455 163.2924
366.964294 96.422 163.4531
369.623474 96.388 163.6215
372.301910 96.355 163.8013
374.999756 96.322 163.9925
377.717163 96.290 164.1959
380.454254 96.260 164.4154
383.211182 96.230 164.6549
385.988098 96.202 164.9139
388.785126 96.175 165.1849
391.602417 96.151 165.4571
394.440125 96.129 165.7235
397.298401 96.110 165.9843
400.177399 96.095 166.2411
403.077240 96.083 166.4905
405.998108 96.073 166.7251
408.940125 96.065 166.9398
411.903473 96.058 167.1368
414.888306 96.050 167.3235
417.894745 96.041 167.5060
420.922974 96.030 167.6887
423.973145 96.018 167.8752
427.045441 96.004 168.0680
430.139984 95.987 168.2659
433.256958 95.969 168.4659
436.396515 95.951 168.6646
439.558838 95.933 168.8588
442.744049 95.919 169.0446
445.952362 95.906 169.2180
449.183929 95.895 169.3760
452.438904 95.884 169.5182
455.717468 95.871 169.6476
459.019775 95.855 169.7697
462.346008 95.837 169.8928
465.696350 95.815 170.0260
469.070984 95.790 170.1770
472.470062 95.765 170.3493
475.893768 95.740 170.5417
479.342285 95.715 170.7488
482.815796 95.692 170.9643
486.314484 95.669 171.1839
489.838531 95.645 171.4093
493.388092 95.621 171.6464
496.963379 95.596 171.8976
500.564575 95.572 172.1561
504.191864 95.549 172.4117
507.845459 95.527 172.6591
511.525513 95.506 172.8993
515.232239 95.485 173.1365
518.965820 95.465 173.3763
522.726440 95.444 173.6240
526.514343 95.424 173.8840
530.329712 95.404 174.1582
534.172729 95.385 174.4442
538.043579 95.367 174.7368
541.942444 95.351 175.0327
545.869568 95.336 175.3311
549.825134 95.323 175.6314
553.809387 95.311 175.9313
557.822510 95.300 176.2277
561.864746 95.289 176.5174
565.936279 95.277 176.7990
570.037292 95.263 177.0749
574.168030 95.247 177.3502
578.328674 95.232 177.6301
582.519470 95.216 177.9185
586.740662 95.201 178.2186
590.992432 95.185 178.5320
595.275024 95.171 178.8582
599.588623 95.158 179.1934
603.933472 95.146 179.5301
608.309814 95.136 179.8629
612.717896 95.126 -179.8084
617.157898 95.116 -179.4788
621.630066 95.106 -179.1404
626.134644 95.096 -178.7864
630.671875 95.087 -178.4156
635.242004 95.080 -178.0323
639.845215 95.075 -177.6424
644.481812 95.073 -177.2474
649.151978 95.073 -176.8461
653.856018 95.075 -176.4396
658.594116 95.081 -176.0349
663.366577 95.089 -175.6443
668.173584 95.097 -175.2784
673.015442 95.105 -174.9383
677.892395 95.110 -174.6156
682.804688 95.114 -174.3000
687.752563 95.115 -173.9842
692.736328 95.116 -173.6628
697.756165 95.116 -173.3303
702.812378 95.117 -172.9835
707.905273 95.118 -172.6225
713.035034 95.120 -172.2503
718.201965 95.123 -171.8705
723.406372 95.127 -171.4855
728.648499 95.131 -171.0965
733.928589 95.137 -170.7044
739.246948 95.143 -170.3095
744.603821 95.151 -169.9110
749.999512 95.161 -169.5072
755.434326 95.171 -169.0964
760.908508 95.183 -168.6787
766.422363 95.196 -168.2553
771.976196 95.209 -167.8279
777.570251 95.224 -167.3976
783.204834 95.239 -166.9648
788.880249 95.255 -166.5278
794.596802 95.274 -166.0826
800.354797 95.295 -165.6251
806.154480 95.319 -165.1557
811.996216 95.347 -164.6808
817.880249 95.378 -164.2101
823.806946 95.414 -163.7533
829.776611 95.451 -163.3186
835.789490 95.489 -162.9085
841.845947 95.526 -162.5170
847.946289 95.561 -162.1341
854.090881 95.594 -161.7518
860.279968 95.626 -161.3662
866.513916 95.658 -160.9748
872.793030 95.690 -160.5746
879.117676 95.723 -160.1650
885.488098 95.757 -159.7489
891.904724 95.794 -159.3291
898.367859 95.831 -158.9064
904.877808 95.870 -158.4794
911.434937 95.910 -158.0466
918.039551 95.954 -157.6089
924.692017 96.000 -157.1688
931.392700 96.049 -156.7297
938.141968 96.100 -156.2956
944.940125 96.152 -155.8685
951.787537 96.206 -155.4471
958.684570 96.261 -155.0281
965.631592 96.316 -154.6086
972.628967 96.372 -154.1872
979.677063 96.430 -153.7651
986.776184 96.488 -153.3440
993.926758 96.549 -152.9227
1001.129150 96.612 -152.4960
1008.383728 96.678 -152.0584
1015.690918 96.748 -151.6105
1023.051025 96.823 -151.1581
1030.464478 96.903 -150.7105
1037.931641 96.988 -150.2807
1045.452881 97.077 -149.8810
1053.028687 97.169 -149.5166
1060.659424 97.261 -149.1836
1068.345459 97.352 -148.8736
1076.087158 97.443 -148.5782
1083.884888 97.534 -148.2916
1091.739136 97.626 -148.0122
1099.650269 97.718 -147.7405
1107.618774 97.811 -147.4771
1115.645020 97.905 -147.2218
1123.729492 98.001 -146.9743
1131.872559 98.098 -146.7343
1140.074585 98.198 -146.5018
1148.336060 98.299 -146.2769
1156.657349 98.403 -146.0599
1165.038940 98.508 -145.8514
1173.481323 98.616 -145.6511
1181.984863 98.728 -145.4611
1190.550049 98.844 -145.2890
1199.177246 98.964 -145.1476
1207.866943 99.088 -145.0499
1216.619629 99.214 -145.0013
1225.435791 99.338 -144.9978
1234.315796 99.461 -145.0311
1243.260132 99.581 -145.0929
1252.269287 99.699 -145.1766
1261.343750 99.816 -145.2789
1270.484009 99.930 -145.3993
1279.690430 100.042 -145.5371
1288.963623 100.154 -145.6905
1298.303955 100.264 -145.8589
1307.712036 100.374 -146.0443
1317.188232 100.483 -146.2497
1326.733154 100.590 -146.4777
1336.347168 100.696 -146.7276
1346.030884 100.799 -146.9959
1355.784790 100.899 -147.2773
1365.609375 100.996 -147.5664
1375.505127 101.090 -147.8575
1385.472656 101.182 -148.1453
1395.512329 101.274 -148.4283
1405.624756 101.367 -148.7109
1415.810547 101.462 -149.0037
1426.070068 101.559 -149.3193
1436.403931 101.655 -149.6655
1446.812744 101.748 -150.0422
1457.296997 101.839 -150.4434
1467.857178 101.926 -150.8624
1478.493896 102.009 -151.2939
1489.207642 102.089 -151.7330
1499.999023 102.166 -152.1752
1510.868652 102.240 -152.6160
1521.817017 102.312 -153.0522
1532.844727 102.381 -153.4808
1543.952393 102.449 -153.8999
1555.140503 102.516 -154.3093
1566.409668 102.585 -154.7127
1577.760498 102.656 -155.1206
1589.193604 102.729 -155.5462
1600.709595 102.802 -155.9985
1612.308960 102.874 -156.4780
1623.992432 102.942 -156.9796
1635.760498 103.007 -157.4965
1647.613892 103.069 -158.0227
1659.553223 103.127 -158.5533
1671.578979 103.182 -159.0846
1683.691895 103.235 -159.6157
1695.892578 103.286 -160.1477
1708.181763 103.335 -160.6824
1720.559937 103.381 -161.2195
1733.027832 103.424 -161.7563
1745.586060 103.465 -162.2878
1758.235352 103.502 -162.8072
1770.976196 103.539 -163.3082
1783.809448 103.576 -163.7907
1796.735718 103.615 -164.2635
1809.755615 103.657 -164.7406
1822.869873 103.699 -165.2330
1836.079102 103.742 -165.7443
1849.384033 103.783 -166.2729
1862.785400 103.822 -166.8150
1876.283936 103.857 -167.3657
1889.880249 103.890 -167.9191
1903.575073 103.920 -168.4689
1917.369141 103.948 -169.0095
1931.263184 103.976 -169.5370
1945.257935 104.004 -170.0520
1959.354126 104.035 -170.5624
1973.552368 104.067 -171.0818
1987.853516 104.102 -171.6217
2002.258301 104.136 -172.1867
2016.767456 104.168 -172.7758
2031.381836 104.198 -173.3845
2046.102051 104.225 -174.0076
2060.928955 104.249 -174.6411
2075.863281 104.270 -175.2834
2090.905762 104.288 -175.9339
2106.057373 104.303 -176.5902
2121.318848 104.314 -177.2472
2136.690918 104.321 -177.8975
2152.174316 104.325 -178.5335
2167.769775 104.328 -179.1529
2183.478271 104.332 -179.7624
2199.300537 104.336 179.6253
2215.237549 104.341 178.9997
2231.290039 104.346 178.3558
2247.458984 104.348 177.6938
2263.745117 104.346 177.0173
2280.149170 104.341 176.3325
2296.672119 104.331 175.6470
2313.314697 104.319 174.9683
2330.077881 104.305 174.2990
2346.962646 104.291 173.6334
2363.969727 104.276 172.9605
2381.100098 104.261 172.2712
2398.354492 104.243 171.5616
2415.733887 104.221 170.8333
2433.239258 104.194 170.0914
2450.871582 104.162 169.3414
2468.631592 104.122 168.5877
2486.520264 104.077 167.8352
2504.538574 104.023 167.0912
2522.687500 103.963 166.3666
2540.968018 103.897 165.6729
2559.380859 103.827 165.0161
2577.927246 103.755 164.3929
2596.607910 103.681 163.7950
2615.424072 103.605 163.2158
2634.376465 103.528 162.6523
2653.466309 103.447 162.1063
2672.694336 103.362 161.5834
2692.061768 103.275 161.0914
2711.569580 103.185 160.6363
2731.218750 103.095 160.2166
2751.010254 103.006 159.8244
2770.945312 102.918 159.4503
2791.024658 102.831 159.0876
2811.249512 102.743 158.7329
2831.621094 102.655 158.3857
2852.140137 102.565 158.0465
2872.807861 102.473 157.7174
2893.625488 102.378 157.4044
2914.593994 102.279 157.1177
2935.714355 102.177 156.8672
2956.987793 102.074 156.6556
2978.415283 101.971 156.4787
2999.998047 101.869 156.3295
3021.737305 101.767 156.2033
3043.634033 101.664 156.1002
3065.689453 101.561 156.0259
3087.904785 101.457 155.9885
3110.281006 101.355 155.9915
3132.819336 101.256 156.0304
3155.520996 101.161 156.0956
3178.387207 101.070 156.1772
3201.419189 100.982 156.2681
3224.617920 100.897 156.3635
3247.984863 100.814 156.4605
3271.520996 100.732 156.5597
3295.227783 100.649 156.6671
3319.106445 100.564 156.7914
3343.157959 100.480 156.9383
3367.383789 100.397 157.1086
3391.785156 100.315 157.3004
3416.363525 100.235 157.5124
3441.119873 100.155 157.7471
3466.055664 100.076 158.0110
3491.172119 100.000 158.3109
3516.470703 99.928 158.6479
3541.952393 99.861 159.0161
3567.618896 99.800 159.4051
3593.471436 99.746 159.8032
3619.511230 99.697 160.1991
3645.739746 99.653 160.5847
3672.158203 99.612 160.9582
3698.768066 99.573 161.3253
3725.570801 99.537 161.6931
3752.567871 99.503 162.0639
3779.760498 99.473 162.4349
3807.150146 99.446 162.8030
3834.738281 99.420 163.1699
3862.526367 99.396 163.5421
3890.515869 99.375 163.9257
3918.708252 99.357 164.3221
3947.104736 99.346 164.7265
3975.707031 99.341 165.1294
4004.516602 99.343 165.5192
4033.534912 99.351 165.8846
4062.763672 99.362 166.2201
4092.204102 99.376 166.5284
4121.857910 99.391 166.8140
4151.726562 99.409 167.0776
4181.811523 99.428 167.3171
4212.114746 99.449 167.5319
4242.637695 99.470 167.7270
4273.381836 99.491 167.9100
4304.348633 99.515 168.0842
4335.539551 99.542 168.2458
4366.956543 99.573 168.3853
4398.601074 99.608 168.4895
4430.475098 99.645 168.5458
4462.580078 99.683 168.5493
4494.917969 99.719 168.5022
4527.490234 99.753 168.4083
4560.298340 99.784 168.2692
4593.344238 99.809 168.0878
4626.629395 99.828 167.8737
4660.155762 99.840 167.6418
4693.925293 99.846 167.4059
4727.939453 99.847 167.1730
4762.200195 99.845 166.9434
4796.708984 99.839 166.7115
4831.467773 99.831 166.4714
4866.478516 99.820 166.2214
4901.743164 99.804 165.9634
4937.263184 99.785 165.6977
4973.040527 99.760 165.4228
5009.077148 99.730 165.1407
5045.375000 99.694 164.8602
5081.936035 99.650 164.5934
5118.761719 99.601 164.3504
5155.854492 99.549 164.1354
5193.215820 99.494 163.9444
5230.848145 99.436 163.7701
5268.752930 99.377 163.6076
5306.932617 99.314 163.4552
5345.388672 99.247 163.3121
5384.123535 99.176 163.1797
5423.139160 99.099 163.0656
5462.437500 99.016 162.9839
5502.020508 98.926 162.9501
5541.890625 98.831 162.9751
5582.049316 98.734 163.0615
5622.499023 98.635 163.2062
5663.242188 98.537 163.4060
5704.280273 98.439 163.6574
5745.615723 98.344 163.9551
5787.250977 98.250 164.2939
5829.187988 98.158 164.6746
5871.428711 98.067 165.1039
5913.975586 97.977 165.5914
5956.830566 97.890 166.1425
5999.996094 97.807 166.7554
6043.474609 97.729 167.4252
6087.268066 97.657 168.1454
6131.378906 97.592 168.9092
6175.809570 97.533 169.7099
6220.562012 97.482 170.5462
6265.638672 97.436 171.4240
6311.041992 97.398 172.3532
6356.774414 97.368 173.3423
6402.838379 97.349 174.3948
6449.235840 97.343 175.5101
6495.969727 97.352 176.6813
6543.041992 97.379 177.8947
6590.455566 97.424 179.1333
6638.212891 97.489 -179.6175
6686.315918 97.574 -178.3678
6734.767578 97.680 -177.1265
6783.570312 97.809 -175.9053
6832.727051 97.961 -174.7194
6882.239746 98.139 -173.5879
6932.111328 98.343 -172.5351
6982.344238 98.572 -171.5878
7032.941406 98.825 -170.7706
7083.904785 99.100 -170.1040
7135.237793 99.398 -169.6066
7186.942871 99.716 -169.2988
7239.022461 100.053 -169.2051
7291.479492 100.407 -169.3559
7344.316406 100.774 -169.7862
7397.536133 101.148 -170.5301
7451.141602 101.522 -171.6129
7505.135742 101.887 -173.0493
7559.520996 102.236 -174.8447
7614.300293 102.558 -176.9939
7669.476562 102.844 -179.4809
7725.052734 103.085 177.7209
7781.031738 103.271 174.6517
7837.416504 103.393 171.3690
7894.209473 103.445 167.9481
7951.414062 103.421 164.4758
8009.033203 103.322 161.0443
8067.069824 103.150 157.7427
8125.527344 102.913 154.6480
8184.408203 102.618 151.8212
8243.715820 102.275 149.3086
8303.453125 101.893 147.1458
8363.623047 101.481 145.3581
8424.229492 101.048 143.9624
8485.275391 100.606 142.9647
8546.763672 100.164 142.3574
8608.697266 99.731 142.1205
8671.079102 99.317 142.2268
8733.913086 98.928 142.6451
8797.202148 98.572 143.3405
8860.950195 98.254 144.2716
8925.160156 97.981 145.3846
8989.835938 97.756 146.6126
9054.980469 97.581 147.8840
9120.596680 97.454 149.1322
9186.688477 97.370 150.3047
9253.258789 97.324 151.3672
9320.311523 97.311 152.3014
9387.850586 97.325 153.1004
9455.878906 97.365 153.7684
9524.400391 97.431 154.3157
9593.417969 97.526 154.7504
9662.935547 97.660 155.0603
9732.957031 97.843 155.1879
9803.486328 98.082 155.0166
9874.526367 98.376 154.3826
9946.081055 98.709 153.1130
10018.154297 99.052 151.0730
10090.750000 99.368 148.2006
10163.872070 99.618 144.5187
10237.523438 99.765 140.1326
10311.708984 99.779 135.2169
10386.431641 99.639 129.9968
10461.696289 99.336 124.7211
10537.505859 98.871 119.6321
10613.865234 98.257 114.9409
10690.777344 97.510 110.8139
10768.247070 96.652 107.3732
10846.278320 95.703 104.7073
10924.875000 94.684 102.8820
11004.041016 93.616 101.9453
11083.781250 92.520 101.9229
11164.098633 91.419 102.8109
11244.998047 90.334 104.5737
11326.484375 89.288 107.1463
11408.560547 88.301 110.4349
11491.231445 87.388 114.3193
11574.501953 86.561 118.6610
11658.375977 85.827 123.3226
11742.857422 85.186 128.1835
11827.951172 84.637 133.1390
11913.661133 84.174 138.0872
11999.992188 83.791 142.9237
12086.949219 83.477 147.5522
12174.536133 83.218 151.9067
12262.757812 83.000 155.9658
12351.619141 82.809 159.7403
12441.124023 82.631 163.2649
12531.277344 82.450 166.6014
12622.083984 82.258 169.8410
12713.548828 82.046 173.1017
12805.676758 81.815 176.5308
12898.471680 81.570 -179.6892
12991.939453 81.326 -175.3510
13086.083984 81.112 -170.2687
13180.911133 80.969 -164.3646
13276.425781 80.940 -157.7641
13372.631836 81.058 -150.8301
13469.535156 81.330 -144.0740
13567.140625 81.738 -137.9695
13665.454102 82.242 -132.7932
13764.479492 82.802 -128.5977
13864.222656 83.385 -125.2881
13964.688477 83.969 -122.7226
14065.882812 84.542 -120.7786
14167.809570 85.097 -119.3751
14270.475586 85.626 -118.4636
14373.885742 86.121 -118.0118
14478.044922 86.574 -117.9873
14582.958984 86.975 -118.3444
14688.632812 87.313 -119.0154
14795.072266 87.580 -119.9128
14902.283203 87.771 -120.9327
15010.271484 87.882 -121.9524
15119.041992 87.913 -122.8288
15228.600586 87.873 -123.4063
15338.953125 87.777 -123.5388
15450.105469 87.647 -123.1147
15562.063477 87.509 -122.0645
15674.833008 87.390 -120.3431
15788.418945 87.321 -117.9026
15902.828125 87.341 -114.6825
16018.066406 87.501 -110.6505
16134.139648 87.857 -105.9082
16251.054688 88.450 -100.8208
16368.816406 89.278 -96.0517
16487.431641 90.289 -92.3830
16606.906250 91.399 -90.4050
16727.246094 92.518 -90.3245
16848.458984 93.577 -92.0119
16970.550781 94.530 -95.1669
17093.527344 95.354 -99.4584
17217.394531 96.038 -104.5917
17342.158203 96.576 -110.3246
17467.826172 96.971 -116.4590
17594.404297 97.223 -122.8271
17721.900391 97.338 -129.2800
17850.320312 97.322 -135.6847
17979.671875 97.185 -141.9212
18109.960938 96.939 -147.8829
18241.193359 96.600 -153.4874
18373.376953 96.188 -158.6883
18506.517578 95.725 -163.4818
18640.623047 95.233 -167.9110
18775.701172 94.733 -172.0676
18911.757812 94.239 -176.0792
19048.800781 93.754 179.9163
19186.835938 93.273 175.8051
19325.871094 92.783 171.5347
19465.914062 92.276 167.1478
19606.972656 91.754 162.8128
19749.052734 91.250 158.8500
19892.162109 90.834 155.7284
20036.308594 90.594 153.9788
