* Measurement data measured by REW V5.31.3
* Source: EXCL: Microphone (USB Sound Device        ), MICROPHONE (Master Volume), R, volume: 0.390
* Format: 256k Log Swept Sine, 1 sweep at -15.0 dBFS with no timing reference
* Dated: May 17, 2025 4:19:06 PM
* REW Settings:
*  C-weighting compensation: Off
*  Target level: 75.0 dB
* Note: Lime Ears Maris L
* Measurement: L Lime Ears Maris
* Smoothing: 1/12 octave
* Frequency Step: 96 ppo
* Start Frequency: 0.36621094 Hz
*
* Freq(Hz) SPL(dB) Phase(degrees)
0.366211 93.242 160.0132
0.368865 93.235 159.9936
0.371538 93.224 159.9642
0.374230 93.211 159.9273
0.376942 93.196 159.8846
0.379673 93.180 159.8377
0.382424 93.164 159.7873
0.385196 93.147 159.7341
0.387987 93.129 159.6784
0.390798 93.112 159.6203
0.393630 93.094 159.5599
0.396483 93.076 159.4973
0.399356 93.058 159.4324
0.402250 93.040 159.3652
0.405165 93.022 159.2957
0.408101 93.003 159.2240
0.411058 92.984 159.1500
0.414037 92.966 159.0736
0.417037 92.947 158.9948
0.420059 92.928 158.9137
0.423103 92.909 158.8301
0.426169 92.889 158.7442
0.429257 92.870 158.6558
0.432368 92.850 158.5649
0.435501 92.831 158.4715
0.438656 92.811 158.3756
0.441835 92.791 158.2772
0.445037 92.771 158.1763
0.448262 92.750 158.0727
0.451510 92.730 157.9666
0.454782 92.709 157.8579
0.458077 92.689 157.7465
0.461397 92.668 157.6326
0.464740 92.647 157.5159
0.468108 92.625 157.3966
0.471500 92.604 157.2746
0.474917 92.583 157.1499
0.478358 92.561 157.0225
0.481825 92.539 156.8923
0.485316 92.517 156.7594
0.488833 92.495 156.6238
0.492375 92.473 156.4855
0.495943 92.450 156.3443
0.499537 92.428 156.2004
0.503157 92.405 156.0537
0.506803 92.382 155.9043
0.510475 92.359 155.7520
0.514175 92.336 155.5970
0.517900 92.312 155.4393
0.521653 92.289 155.2787
0.525434 92.265 155.1154
0.529241 92.241 154.9493
0.533076 92.217 154.7805
0.536939 92.192 154.6089
0.540830 92.168 154.4346
0.544749 92.143 154.2576
0.548696 92.118 154.0780
0.552673 92.093 153.8956
0.556677 92.068 153.7107
0.560711 92.043 153.5231
0.564774 92.017 153.3330
0.568867 91.992 153.1403
0.572989 91.966 152.9451
0.577141 91.940 152.7475
0.581324 91.913 152.5475
0.585536 91.887 152.3451
0.589779 91.860 152.1404
0.594053 91.833 151.9335
0.598358 91.806 151.7245
0.602694 91.779 151.5133
0.607061 91.751 151.3001
0.611460 91.724 151.0850
0.615891 91.696 150.8680
0.620354 91.668 150.6493
0.624849 91.639 150.4290
0.629377 91.611 150.2070
0.633938 91.582 149.9837
0.638532 91.553 149.7591
0.643159 91.524 149.5332
0.647819 91.495 149.3064
0.652514 91.465 149.0787
0.657242 91.436 148.8502
0.662005 91.406 148.6212
0.666802 91.375 148.3918
0.671634 91.345 148.1622
0.676501 91.314 147.9326
0.681403 91.284 147.7032
0.686341 91.252 147.4742
0.691314 91.221 147.2459
0.696324 91.189 147.0184
0.701370 91.157 146.7920
0.706452 91.125 146.5668
0.711571 91.092 146.3429
0.716728 91.057 146.1204
0.721921 91.022 145.8990
0.727153 90.984 145.6783
0.732422 90.944 145.4576
0.737729 90.901 145.2359
0.743075 90.856 145.0121
0.748460 90.809 144.7855
0.753883 90.760 144.5553
0.759346 90.712 144.3209
0.764849 90.663 144.0820
0.770391 90.613 143.8385
0.775974 90.564 143.5901
0.781597 90.515 143.3368
0.787261 90.466 143.0784
0.792966 90.417 142.8148
0.798712 90.368 142.5461
0.804500 90.318 142.2721
0.810329 90.268 141.9927
0.816201 90.218 141.7080
0.822116 90.168 141.4178
0.828073 90.117 141.1222
0.834074 90.065 140.8210
0.840118 90.012 140.5142
0.846206 89.959 140.2019
0.852338 89.904 139.8839
0.858514 89.849 139.5603
0.864735 89.792 139.2310
0.871001 89.734 138.8961
0.877313 89.675 138.5555
0.883670 89.614 138.2093
0.890074 89.551 137.8575
0.896524 89.486 137.5002
0.903020 89.419 137.1373
0.909564 89.350 136.7690
0.916155 89.279 136.3953
0.922794 89.205 136.0164
0.929481 89.128 135.6324
0.936216 89.049 135.2435
0.943000 88.966 134.8497
0.949834 88.880 134.4514
0.956717 88.791 134.0488
0.963649 88.698 133.6420
0.970632 88.601 133.2315
0.977666 88.500 132.8176
0.984750 88.394 132.4006
0.991886 88.284 131.9810
0.999074 88.169 131.5592
1.006314 88.049 131.1358
1.013606 87.924 130.7113
1.020951 87.793 130.2865
1.028349 87.656 129.8620
1.035801 87.513 129.4387
1.043307 87.364 129.0173
1.050867 87.208 128.5988
1.058482 87.044 128.1841
1.066152 86.873 127.7744
1.073878 86.693 127.3704
1.081660 86.504 126.9732
1.089498 86.305 126.5833
1.097393 86.094 126.2012
1.105345 85.870 125.8270
1.113355 85.632 125.4603
1.121423 85.377 125.1008
1.129549 85.105 124.7483
1.137734 84.816 124.4025
1.145979 84.509 124.0632
1.154283 84.186 123.7303
1.162647 83.846 123.4038
1.171072 83.490 123.0836
1.179558 83.119 122.7697
1.188106 82.734 122.4622
1.196715 82.335 122.1611
1.205387 81.924 121.8665
1.214122 81.502 121.5785
1.222920 81.069 121.2973
1.231782 80.626 121.0229
1.240708 80.176 120.7557
1.249699 79.719 120.4957
1.258754 79.257 120.2434
1.267876 78.790 119.9990
1.277063 78.321 119.7630
1.286318 77.851 119.5358
1.295639 77.381 119.3180
1.305027 76.914 119.1103
1.314484 76.451 118.9135
1.324009 75.994 118.7285
1.333604 75.546 118.5567
1.343268 75.107 118.3993
1.353002 74.682 118.2583
1.362806 74.271 118.1357
1.372681 73.878 118.0342
1.382628 73.505 117.9572
1.392647 73.155 117.9092
1.402739 72.831 117.8959
1.412904 72.536 117.9249
1.423142 72.273 118.0071
1.433455 72.046 118.1578
1.443843 71.856 118.4002
1.454305 71.707 118.7692
1.464844 71.600 119.3195
1.475459 71.535 120.1382
1.486150 71.514 121.3671
1.496920 71.535 123.2508
1.507767 71.598 126.2466
1.518693 71.700 131.3113
1.529698 71.840 140.7254
1.540783 72.016 160.3465
1.551948 72.227 -162.0349
1.563194 72.470 -125.9951
1.574521 72.743 -107.7875
1.585931 73.044 -98.9552
1.597423 73.370 -94.1357
1.608999 73.719 -91.2495
1.620658 74.088 -89.4152
1.632402 74.475 -88.2094
1.644232 74.877 -87.4061
1.656146 75.291 -86.8749
1.668147 75.714 -86.5352
1.680235 76.144 -86.3351
1.692411 76.577 -86.2394
1.704675 77.010 -86.2234
1.717028 77.440 -86.2697
1.729470 77.865 -86.3652
1.742003 78.281 -86.5005
1.754626 78.684 -86.6685
1.767341 79.073 -86.8640
1.780147 79.446 -87.0836
1.793047 79.800 -87.3255
1.806040 80.135 -87.5891
1.819128 80.452 -87.8758
1.832310 80.753 -88.1878
1.845587 81.041 -88.5280
1.858961 81.319 -88.8980
1.872432 81.589 -89.2983
1.886001 81.854 -89.7273
1.899667 82.114 -90.1825
1.913433 82.371 -90.6605
1.927299 82.624 -91.1577
1.941265 82.874 -91.6707
1.955332 83.120 -92.1959
1.969501 83.362 -92.7302
1.983773 83.601 -93.2706
1.998148 83.836 -93.8143
2.012627 84.067 -94.3587
2.027212 84.294 -94.9016
2.041902 84.516 -95.4408
2.056698 84.734 -95.9742
2.071602 84.947 -96.5002
2.086614 85.155 -97.0170
2.101734 85.358 -97.5233
2.116964 85.556 -98.0180
2.132304 85.748 -98.5005
2.147756 85.934 -98.9709
2.163320 86.114 -99.4301
2.178996 86.287 -99.8804
2.194786 86.453 -100.3253
2.210690 86.611 -100.7691
2.226710 86.761 -101.2163
2.242845 86.903 -101.6702
2.259098 87.036 -102.1326
2.275468 87.161 -102.6040
2.291957 87.278 -103.0839
2.308566 87.388 -103.5710
2.325295 87.490 -104.0637
2.342145 87.586 -104.5601
2.359117 87.675 -105.0580
2.376212 87.758 -105.5552
2.393431 87.837 -106.0496
2.410775 87.910 -106.5388
2.428244 87.980 -107.0204
2.445840 88.046 -107.4924
2.463564 88.110 -107.9523
2.481416 88.171 -108.3983
2.499397 88.231 -108.8287
2.517509 88.289 -109.2425
2.535752 88.346 -109.6396
2.554127 88.401 -110.0209
2.572635 88.454 -110.3886
2.591277 88.505 -110.7455
2.610055 88.551 -111.0944
2.628968 88.595 -111.4370
2.648019 88.634 -111.7747
2.667208 88.668 -112.1078
2.686535 88.699 -112.4361
2.706003 88.727 -112.7589
2.725612 88.750 -113.0753
2.745363 88.771 -113.3840
2.765257 88.790 -113.6838
2.785295 88.806 -113.9731
2.805478 88.820 -114.2503
2.825808 88.833 -114.5137
2.846285 88.844 -114.7615
2.866910 88.855 -114.9922
2.887685 88.866 -115.2042
2.908611 88.876 -115.3964
2.929688 88.885 -115.5680
2.950917 88.892 -115.7190
2.972301 88.899 -115.8497
2.993839 88.903 -115.9608
3.015534 88.906 -116.0529
3.037386 88.907 -116.1270
3.059396 88.906 -116.1840
3.081565 88.904 -116.2248
3.103896 88.901 -116.2502
3.126388 88.898 -116.2612
3.149043 88.895 -116.2586
3.171862 88.892 -116.2432
3.194847 88.891 -116.2157
3.217998 88.891 -116.1765
3.241317 88.892 -116.1256
3.264805 88.896 -116.0626
3.288463 88.903 -115.9863
3.312293 88.911 -115.8952
3.336295 88.922 -115.7880
3.360471 88.934 -115.6639
3.384822 88.948 -115.5235
3.409350 88.964 -115.3684
3.434056 88.982 -115.2009
3.458940 89.001 -115.0241
3.484005 89.022 -114.8416
3.509252 89.045 -114.6569
3.534681 89.069 -114.4738
3.560295 89.096 -114.2959
3.586094 89.125 -114.1264
3.612081 89.156 -113.9675
3.638255 89.190 -113.8206
3.664620 89.226 -113.6857
3.691175 89.266 -113.5620
3.717923 89.308 -113.4483
3.744864 89.353 -113.3439
3.772001 89.401 -113.2491
3.799335 89.451 -113.1648
3.826866 89.503 -113.0925
3.854597 89.557 -113.0341
3.882529 89.611 -112.9918
3.910664 89.666 -112.9676
3.939002 89.721 -112.9637
3.967546 89.776 -112.9819
3.996296 89.830 -113.0239
4.025255 89.884 -113.0903
4.054423 89.937 -113.1817
4.083804 89.990 -113.2975
4.113396 90.043 -113.4369
4.143204 90.096 -113.5987
4.173227 90.148 -113.7816
4.203468 90.199 -113.9841
4.233928 90.249 -114.2049
4.264609 90.297 -114.4430
4.295512 90.343 -114.6974
4.326639 90.387 -114.9678
4.357992 90.428 -115.2544
4.389572 90.466 -115.5580
4.421380 90.501 -115.8796
4.453419 90.532 -116.2198
4.485691 90.561 -116.5785
4.518196 90.587 -116.9543
4.550936 90.610 -117.3449
4.583914 90.630 -117.7473
4.617131 90.647 -118.1584
4.650589 90.660 -118.5749
4.684289 90.671 -118.9944
4.718233 90.678 -119.4149
4.752424 90.682 -119.8360
4.786862 90.682 -120.2581
4.821549 90.678 -120.6821
4.856488 90.671 -121.1084
4.891680 90.660 -121.5363
4.927127 90.646 -121.9645
4.962831 90.629 -122.3904
4.998794 90.610 -122.8113
5.035017 90.588 -123.2242
5.071503 90.564 -123.6265
5.108253 90.538 -124.0161
5.145270 90.510 -124.3920
5.182555 90.480 -124.7542
5.220110 90.447 -125.1028
5.257937 90.414 -125.4384
5.296038 90.378 -125.7614
5.334415 90.342 -126.0719
5.373071 90.306 -126.3697
5.412006 90.270 -126.6541
5.451224 90.235 -126.9243
5.490725 90.201 -127.1794
5.530514 90.169 -127.4187
5.570590 90.137 -127.6421
5.610957 90.107 -127.8509
5.651616 90.079 -128.0470
5.692570 90.053 -128.2335
5.733821 90.029 -128.4135
5.775370 90.009 -128.5899
5.817221 89.991 -128.7651
5.859375 89.977 -128.9404
5.901834 89.967 -129.1165
5.944602 89.960 -129.2941
5.987679 89.957 -129.4745
6.031068 89.958 -129.6605
6.074771 89.962 -129.8554
6.118792 89.968 -130.0628
6.163131 89.978 -130.2863
6.207792 89.991 -130.5284
6.252776 90.006 -130.7908
6.298086 90.024 -131.0739
6.343725 90.044 -131.3777
6.389694 90.067 -131.7024
6.435996 90.091 -132.0480
6.482634 90.116 -132.4152
6.529610 90.142 -132.8045
6.576926 90.168 -133.2167
6.624585 90.193 -133.6520
6.672590 90.219 -134.1100
6.720942 90.244 -134.5893
6.769645 90.269 -135.0876
6.818700 90.293 -135.6020
6.868111 90.315 -136.1301
6.917881 90.336 -136.6695
6.968010 90.355 -137.2190
7.018504 90.373 -137.7773
7.069362 90.388 -138.3431
7.120590 90.402 -138.9141
7.172189 90.414 -139.4869
7.224161 90.424 -140.0581
7.276511 90.433 -140.6244
7.329239 90.440 -141.1833
7.382350 90.446 -141.7332
7.435845 90.451 -142.2730
7.489729 90.455 -142.8015
7.544002 90.458 -143.3169
7.598669 90.462 -143.8176
7.653732 90.465 -144.3016
7.709194 90.469 -144.7676
7.765058 90.474 -145.2150
7.821327 90.480 -145.6440
7.878004 90.488 -146.0553
7.935091 90.497 -146.4498
7.992592 90.508 -146.8286
8.050510 90.522 -147.1924
8.108847 90.538 -147.5419
8.167607 90.557 -147.8784
8.226793 90.579 -148.2034
8.286408 90.603 -148.5194
8.346454 90.630 -148.8287
8.406936 90.660 -149.1336
8.467856 90.693 -149.4357
8.529218 90.728 -149.7360
8.591024 90.765 -150.0358
8.653278 90.804 -150.3362
8.715983 90.844 -150.6385
8.779143 90.885 -150.9439
8.842760 90.928 -151.2527
8.906839 90.970 -151.5650
8.971381 91.013 -151.8801
9.036392 91.056 -152.1973
9.101873 91.098 -152.5155
9.167829 91.139 -152.8339
9.234263 91.179 -153.1516
9.301178 91.218 -153.4672
9.368578 91.255 -153.7789
9.436467 91.291 -154.0851
9.504847 91.326 -154.3839
9.573723 91.359 -154.6738
9.643099 91.390 -154.9539
9.712976 91.420 -155.2230
9.783361 91.449 -155.4802
9.854255 91.477 -155.7244
9.925663 91.504 -155.9551
9.997588 91.530 -156.1721
10.070035 91.555 -156.3758
10.143007 91.580 -156.5665
10.216507 91.605 -156.7451
10.290540 91.630 -156.9122
10.365109 91.654 -157.0689
10.440219 91.679 -157.2164
10.515873 91.703 -157.3562
10.592076 91.728 -157.4899
10.668830 91.752 -157.6187
10.746141 91.777 -157.7440
10.824012 91.801 -157.8669
10.902447 91.824 -157.9885
10.981451 91.847 -158.1097
11.061027 91.870 -158.2316
11.141180 91.891 -158.3544
11.221913 91.912 -158.4785
11.303232 91.931 -158.6042
11.385140 91.949 -158.7317
11.467641 91.966 -158.8608
11.550741 91.981 -158.9917
11.634442 91.995 -159.1242
11.718750 92.007 -159.2582
11.803669 92.017 -159.3938
11.889203 92.027 -159.5310
11.975357 92.034 -159.6701
12.062136 92.041 -159.8113
12.149543 92.046 -159.9550
12.237583 92.049 -160.1015
12.326262 92.051 -160.2514
12.415583 92.052 -160.4051
12.505552 92.052 -160.5631
12.596172 92.050 -160.7258
12.687449 92.047 -160.8936
12.779387 92.043 -161.0665
12.871992 92.037 -161.2447
12.965268 92.030 -161.4283
13.059220 92.022 -161.6169
13.153852 92.012 -161.8103
13.249170 92.001 -162.0082
13.345179 91.989 -162.2104
13.441884 91.976 -162.4165
13.539289 91.962 -162.6263
13.637401 91.948 -162.8397
13.736223 91.933 -163.0569
13.835761 91.918 -163.2783
13.936021 91.903 -163.5043
14.037007 91.889 -163.7357
14.138725 91.875 -163.9733
14.241180 91.862 -164.2182
14.344377 91.850 -164.4715
14.448323 91.838 -164.7339
14.553021 91.828 -165.0064
14.658478 91.818 -165.2896
14.764700 91.808 -165.5836
14.871691 91.800 -165.8883
14.979457 91.791 -166.2034
15.088005 91.783 -166.5278
15.197339 91.776 -166.8605
15.307465 91.768 -167.2000
15.418389 91.761 -167.5444
15.530117 91.755 -167.8921
15.642655 91.748 -168.2413
15.756008 91.742 -168.5905
15.870182 91.737 -168.9381
15.985184 91.733 -169.2831
16.101019 91.730 -169.6245
16.217694 91.729 -169.9620
16.335214 91.728 -170.2953
16.453586 91.730 -170.6242
16.572815 91.732 -170.9490
16.692909 91.736 -171.2696
16.813872 91.742 -171.5859
16.935713 91.749 -171.8979
17.058436 91.756 -172.2051
17.182048 91.764 -172.5066
17.306556 91.773 -172.8017
17.431967 91.783 -173.0893
17.558286 91.792 -173.3681
17.685521 91.802 -173.6370
17.813677 91.812 -173.8953
17.942762 91.822 -174.1420
18.072783 91.832 -174.3770
18.203746 91.843 -174.6002
18.335658 91.854 -174.8123
18.468526 91.865 -175.0140
18.602356 91.876 -175.2063
18.737156 91.887 -175.3906
18.872934 91.898 -175.5680
19.009695 91.908 -175.7396
19.147447 91.918 -175.9066
19.286197 91.927 -176.0694
19.425953 91.934 -176.2285
19.566721 91.941 -176.3842
19.708510 91.946 -176.5363
19.851326 91.949 -176.6851
19.995177 91.950 -176.8303
20.140070 91.950 -176.9722
20.286013 91.948 -177.1111
20.433014 91.944 -177.2474
20.581080 91.939 -177.3821
20.730219 91.933 -177.5159
20.880439 91.925 -177.6500
21.031747 91.916 -177.7855
21.184152 91.905 -177.9233
21.337661 91.894 -178.0645
21.492282 91.881 -178.2100
21.648024 91.867 -178.3607
21.804895 91.853 -178.5173
21.962902 91.837 -178.6806
22.122054 91.821 -178.8514
22.282360 91.805 -179.0302
22.443827 91.788 -179.2177
22.606464 91.770 -179.4141
22.770280 91.753 -179.6198
22.935283 91.735 -179.8344
23.101481 91.717 179.9424
23.268884 91.699 179.7116
23.437500 91.681 179.4743
23.607338 91.664 179.2319
23.778406 91.647 178.9857
23.950714 91.630 178.7369
24.124271 91.615 178.4864
24.299086 91.601 178.2346
24.475167 91.589 177.9818
24.652524 91.579 177.7275
24.831166 91.570 177.4715
25.011103 91.563 177.2132
25.192344 91.558 176.9526
25.374898 91.554 176.6899
25.558775 91.551 176.4258
25.743984 91.548 176.1619
25.930536 91.546 175.8999
26.118439 91.544 175.6424
26.307704 91.541 175.3917
26.498341 91.538 175.1502
26.690359 91.535 174.9201
26.883768 91.531 174.7027
27.078579 91.528 174.4988
27.274801 91.524 174.3080
27.472446 91.520 174.1295
27.671522 91.516 173.9616
27.872042 91.513 173.8021
28.074014 91.509 173.6488
28.277450 91.504 173.4997
28.482360 91.499 173.3531
28.688755 91.493 173.2081
28.896645 91.485 173.0641
29.106042 91.475 172.9212
29.316957 91.464 172.7797
29.529400 91.452 172.6396
29.743382 91.438 172.5005
29.958915 91.423 172.3616
30.176009 91.407 172.2212
30.394677 91.391 172.0773
30.614929 91.374 171.9278
30.836778 91.356 171.7711
31.060234 91.338 171.6058
31.285309 91.320 171.4320
31.512015 91.301 171.2501
31.740364 91.281 171.0614
31.970368 91.260 170.8675
32.202039 91.240 170.6699
32.435388 91.220 170.4696
32.670428 91.200 170.2674
32.907171 91.181 170.0635
33.145630 91.163 169.8581
33.385817 91.146 169.6515
33.627745 91.131 169.4442
33.871425 91.116 169.2369
34.116871 91.102 169.0304
34.364096 91.089 168.8257
34.613113 91.076 168.6232
34.863934 91.065 168.4235
35.116572 91.054 168.2266
35.371041 91.044 168.0327
35.627354 91.033 167.8419
35.885525 91.023 167.6546
36.145566 91.012 167.4713
36.407492 91.000 167.2929
36.671316 90.987 167.1203
36.937051 90.974 166.9547
37.204712 90.959 166.7968
37.474313 90.944 166.6472
37.745867 90.928 166.5059
38.019389 90.912 166.3719
38.294893 90.896 166.2434
38.572394 90.880 166.1175
38.851905 90.865 165.9904
39.133442 90.850 165.8587
39.417019 90.835 165.7192
39.702651 90.820 165.5704
39.990353 90.805 165.4122
40.280140 90.789 165.2464
40.572026 90.771 165.0755
40.866028 90.753 164.9023
41.162160 90.734 164.7293
41.460438 90.714 164.5581
41.760877 90.694 164.3898
42.063494 90.674 164.2250
42.368303 90.655 164.0644
42.675322 90.635 163.9085
42.984565 90.617 163.7570
43.296048 90.599 163.6084
43.609789 90.583 163.4596
43.925804 90.568 163.3065
44.244108 90.553 163.1451
44.564719 90.538 162.9736
44.887654 90.522 162.7935
45.212928 90.503 162.6095
45.540560 90.482 162.4281
45.870565 90.459 162.2557
46.202962 90.436 162.0963
46.537768 90.412 161.9497
46.875000 90.390 161.8119
47.214676 90.369 161.6766
47.556813 90.350 161.5371
47.901429 90.332 161.3886
48.248542 90.314 161.2292
48.598171 90.296 161.0603
48.950334 90.276 160.8861
49.305048 90.255 160.7118
49.662333 90.233 160.5423
50.022206 90.210 160.3806
50.384688 90.187 160.2269
50.749796 90.165 160.0793
51.117550 90.143 159.9350
51.487969 90.120 159.7922
51.861072 90.098 159.6510
52.236879 90.075 159.5130
52.615409 90.051 159.3794
52.996681 90.028 159.2503
53.380717 90.005 159.1234
53.767536 89.982 158.9958
54.157158 89.960 158.8655
54.549603 89.937 158.7331
54.944892 89.915 158.6007
55.343045 89.893 158.4703
55.744084 89.872 158.3413
56.148028 89.853 158.2094
56.554900 89.835 158.0676
56.964720 89.819 157.9103
57.377510 89.802 157.7363
57.793291 89.783 157.5504
58.212085 89.762 157.3620
58.633914 89.738 157.1814
59.058799 89.713 157.0153
59.486764 89.687 156.8651
59.917829 89.661 156.7274
60.352019 89.636 156.5972
60.789354 89.611 156.4706
61.229859 89.586 156.3464
61.673556 89.560 156.2242
62.120468 89.535 156.1036
62.570618 89.510 155.9825
63.024031 89.485 155.8590
63.480729 89.460 155.7324
63.940736 89.435 155.6037
64.404077 89.410 155.4745
64.870776 89.385 155.3453
65.340856 89.360 155.2159
65.814343 89.336 155.0856
66.291261 89.311 154.9546
66.771635 89.286 154.8240
67.255489 89.260 154.6956
67.742850 89.234 154.5713
68.233743 89.208 154.4524
68.728193 89.181 154.3391
69.226226 89.155 154.2298
69.727867 89.129 154.1210
70.233144 89.103 154.0094
70.742083 89.078 153.8938
71.254709 89.051 153.7749
71.771050 89.024 153.6543
72.291132 88.996 153.5336
72.814984 88.968 153.4146
73.342631 88.940 153.3000
73.874102 88.911 153.1935
74.409424 88.883 153.0968
74.948626 88.855 153.0092
75.491734 88.829 152.9272
76.038779 88.805 152.8454
76.589787 88.783 152.7574
77.144788 88.761 152.6577
77.703811 88.739 152.5444
78.266885 88.716 152.4205
78.834039 88.691 152.2911
79.405303 88.667 152.1585
79.980706 88.642 152.0203
80.560280 88.617 151.8719
81.144053 88.592 151.7104
81.732056 88.566 151.5361
82.324320 88.539 151.3524
82.920876 88.509 151.1643
83.521755 88.477 150.9769
84.126988 88.443 150.7942
84.736607 88.407 150.6201
85.350643 88.370 150.4579
85.969129 88.331 150.3111
86.592097 88.292 150.1813
87.219579 88.254 150.0670
87.851608 88.217 149.9634
88.488217 88.180 149.8659
89.129439 88.145 149.7721
89.775308 88.109 149.6818
90.425856 88.073 149.5955
91.081119 88.036 149.5127
91.741131 88.000 149.4318
92.405925 87.962 149.3514
93.075536 87.923 149.2710
93.750000 87.884 149.1914
94.429351 87.844 149.1132
95.113625 87.805 149.0357
95.802858 87.765 148.9571
96.497085 87.727 148.8766
97.196342 87.689 148.7952
97.900667 87.651 148.7155
98.610096 87.614 148.6408
99.324665 87.578 148.5743
100.044413 87.541 148.5184
100.769376 87.505 148.4741
101.499592 87.470 148.4399
102.235100 87.435 148.4133
102.975938 87.401 148.3909
103.722144 87.368 148.3688
104.473757 87.336 148.3429
105.230817 87.304 148.3108
105.993363 87.274 148.2710
106.761435 87.244 148.2225
107.535072 87.215 148.1640
108.314315 87.185 148.0946
109.099206 87.155 148.0151
109.889783 87.123 147.9272
110.686090 87.088 147.8327
111.488167 87.052 147.7317
112.296056 87.013 147.6228
113.109800 86.973 147.5043
113.929440 86.931 147.3753
114.755020 86.888 147.2382
115.586582 86.844 147.0983
116.424170 86.800 146.9623
117.267827 86.756 146.8362
118.117598 86.712 146.7271
118.973527 86.666 146.6468
119.835658 86.620 146.6125
120.704037 86.575 146.6347
121.578708 86.533 146.7037
122.459718 86.495 146.7956
123.347111 86.460 146.8882
124.240935 86.426 146.9689
125.141236 86.391 147.0328
126.048061 86.356 147.0789
126.961458 86.321 147.1084
127.881473 86.284 147.1241
128.808154 86.248 147.1276
129.741551 86.212 147.1196
130.681712 86.175 147.1002
131.628686 86.138 147.0692
132.582521 86.100 147.0278
133.543269 86.060 146.9801
134.510979 86.018 146.9314
135.485701 85.974 146.8860
136.467486 85.929 146.8465
137.456386 85.884 146.8154
138.452451 85.838 146.7958
139.455735 85.792 146.7897
140.466288 85.745 146.7982
141.484165 85.698 146.8219
142.509418 85.651 146.8610
143.542100 85.604 146.9140
144.582265 85.556 146.9790
145.629968 85.509 147.0547
146.685262 85.463 147.1423
147.748204 85.417 147.2452
148.818849 85.374 147.3667
149.897251 85.334 147.5073
150.983469 85.297 147.6641
152.077557 85.264 147.8313
153.179574 85.235 148.0015
154.289576 85.207 148.1684
155.407622 85.183 148.3285
156.533770 85.160 148.4767
157.668078 85.141 148.6033
158.810606 85.124 148.6978
159.961413 85.109 148.7543
161.120559 85.095 148.7728
162.288105 85.080 148.7574
163.464112 85.063 148.7142
164.648640 85.043 148.6508
165.841752 85.020 148.5764
167.043510 84.993 148.5006
168.253976 84.961 148.4309
169.473213 84.925 148.3707
170.701286 84.884 148.3192
171.938258 84.839 148.2734
173.184194 84.791 148.2310
174.439158 84.740 148.1941
175.703216 84.690 148.1718
176.976434 84.641 148.1754
178.258878 84.598 148.2058
179.550615 84.561 148.2472
180.851713 84.527 148.2827
182.162239 84.494 148.3113
183.482262 84.459 148.3398
184.811850 84.422 148.3709
186.151073 84.383 148.4042
187.500000 84.342 148.4402
188.858702 84.299 148.4819
190.227250 84.255 148.5321
191.605715 84.210 148.5918
192.994169 84.165 148.6590
194.392685 84.119 148.7310
195.801334 84.074 148.8066
197.220191 84.029 148.8864
198.649330 83.984 148.9725
200.088825 83.939 149.0675
201.538751 83.894 149.1732
202.999184 83.850 149.2890
204.470200 83.807 149.4100
205.951875 83.765 149.5297
207.444287 83.725 149.6434
208.947514 83.685 149.7513
210.461634 83.645 149.8579
211.986726 83.603 149.9701
213.522869 83.560 150.0948
215.070144 83.515 150.2357
216.628631 83.470 150.3933
218.198411 83.425 150.5657
219.779567 83.383 150.7494
221.372180 83.342 150.9394
222.976334 83.304 151.1302
224.592112 83.267 151.3174
226.219600 83.231 151.4989
227.858880 83.195 151.6744
229.510039 83.160 151.8452
231.173164 83.125 152.0137
232.848340 83.091 152.1829
234.535655 83.057 152.3544
236.235197 83.024 152.5281
237.947054 82.992 152.7020
239.671317 82.959 152.8749
241.408074 82.926 153.0472
243.157416 82.892 153.2208
244.919435 82.857 153.3984
246.694223 82.821 153.5829
248.481871 82.784 153.7773
250.282473 82.748 153.9847
252.096123 82.713 154.2072
253.922915 82.680 154.4441
255.762945 82.650 154.6898
257.616309 82.624 154.9339
259.483103 82.599 155.1657
261.363424 82.576 155.3795
263.257372 82.553 155.5776
265.165043 82.530 155.7674
267.086538 82.505 155.9574
269.021957 82.480 156.1544
270.971401 82.456 156.3624
272.934972 82.431 156.5827
274.912771 82.408 156.8141
276.904902 82.386 157.0537
278.911469 82.365 157.2983
280.932577 82.347 157.5445
282.968330 82.330 157.7882
285.018835 82.317 158.0237
287.084199 82.305 158.2439
289.164530 82.295 158.4425
291.259935 82.284 158.6177
293.370525 82.272 158.7741
295.496408 82.256 158.9214
297.637697 82.239 159.0703
299.794503 82.220 159.2281
301.966937 82.200 159.3979
304.155114 82.179 159.5785
306.359147 82.159 159.7665
308.579152 82.140 159.9577
310.815244 82.121 160.1489
313.067539 82.102 160.3389
315.336156 82.083 160.5290
317.621211 82.064 160.7224
319.922826 82.044 160.9229
322.241118 82.025 161.1323
324.576210 82.007 161.3503
326.928223 81.991 161.5745
329.297280 81.976 161.8015
331.683504 81.963 162.0273
334.087019 81.951 162.2480
336.507952 81.939 162.4613
338.946427 81.929 162.6666
341.402572 81.918 162.8661
343.876516 81.906 163.0629
346.368387 81.895 163.2593
348.878315 81.884 163.4561
351.406431 81.872 163.6528
353.952867 81.862 163.8490
356.517756 81.851 164.0446
359.101230 81.841 164.2403
361.703426 81.832 164.4371
364.324478 81.823 164.6358
366.964523 81.814 164.8365
369.623699 81.806 165.0381
372.302145 81.798 165.2395
375.000000 81.790 165.4397
377.717405 81.783 165.6380
380.454501 81.777 165.8344
383.211431 81.771 166.0293
385.988339 81.765 166.2234
388.785369 81.760 166.4175
391.602668 81.755 166.6117
394.440383 81.751 166.8056
397.298660 81.747 166.9982
400.177650 81.743 167.1881
403.077502 81.740 167.3741
405.998368 81.737 167.5555
408.940400 81.734 167.7326
411.903750 81.731 167.9075
414.888575 81.727 168.0835
417.895028 81.723 168.2633
420.923268 81.720 168.4487
423.973452 81.717 168.6399
427.045738 81.715 168.8357
430.140287 81.715 169.0326
433.257261 81.716 169.2263
436.396822 81.719 169.4136
439.559133 81.723 169.5938
442.744360 81.729 169.7665
445.952668 81.735 169.9298
449.184225 81.743 170.0788
452.439199 81.751 170.2078
455.717760 81.758 170.3141
459.020079 81.763 170.4026
462.346327 81.764 170.4850
465.696680 81.762 170.5735
469.071310 81.758 170.6747
472.470394 81.754 170.7886
475.894109 81.749 170.9114
479.342634 81.744 171.0379
482.816148 81.740 171.1629
486.314833 81.736 171.2856
489.838871 81.730 171.4109
493.388445 81.723 171.5465
496.963741 81.717 171.6963
500.564945 81.712 171.8562
504.192245 81.709 172.0176
507.845830 81.708 172.1734
511.525890 81.707 172.3212
515.232618 81.706 172.4622
518.966206 81.704 172.5997
522.726849 81.701 172.7389
526.514743 81.698 172.8849
530.330086 81.694 173.0404
534.173076 81.691 173.2032
538.043915 81.690 173.3681
541.942803 81.689 173.5316
545.869944 81.688 173.6935
549.825542 81.688 173.8539
553.809805 81.689 174.0110
557.822939 81.691 174.1625
561.865154 81.692 174.3073
565.936660 81.694 174.4468
570.037671 81.694 174.5849
574.168399 81.694 174.7254
578.329060 81.694 174.8698
582.519870 81.693 175.0177
586.741049 81.692 175.1687
590.992817 81.691 175.3253
595.275394 81.689 175.4897
599.589005 81.689 175.6605
603.933874 81.690 175.8331
608.310228 81.691 176.0030
612.718295 81.693 176.1683
617.158304 81.694 176.3317
621.630488 81.694 176.5001
626.135079 81.694 176.6805
630.672311 81.695 176.8753
635.242423 81.697 177.0804
639.845651 81.701 177.2897
644.482237 81.706 177.5006
649.152421 81.714 177.7139
653.856447 81.724 177.9279
658.594560 81.737 178.1352
663.367008 81.753 178.3256
668.174039 81.770 178.4912
673.015903 81.786 178.6330
677.892854 81.801 178.7594
682.805145 81.813 178.8800
687.753032 81.823 179.0023
692.736774 81.830 179.1315
697.756631 81.837 179.2718
702.812863 81.843 179.4243
707.905735 81.850 179.5869
713.035511 81.858 179.7561
718.202461 81.866 179.9292
723.406852 81.874 -179.8950
728.648956 81.883 -179.7167
733.929047 81.892 -179.5363
739.247399 81.901 -179.3536
744.604290 81.910 -179.1684
750.000000 81.920 -178.9798
755.434809 81.931 -178.7870
760.909001 81.942 -178.5894
766.422861 81.955 -178.3868
771.976677 81.969 -178.1805
777.570739 81.983 -177.9720
783.205337 81.999 -177.7617
788.880766 82.015 -177.5480
794.597321 82.033 -177.3273
800.355301 82.052 -177.0970
806.155005 82.073 -176.8584
811.996736 82.099 -176.6174
817.880799 82.128 -176.3831
823.807501 82.160 -176.1658
829.777150 82.194 -175.9742
835.790057 82.227 -175.8105
841.846536 82.260 -175.6674
847.946903 82.290 -175.5335
854.091476 82.318 -175.4002
860.280575 82.345 -175.2632
866.514523 82.371 -175.1193
872.793644 82.396 -174.9655
879.118267 82.422 -174.8016
885.488720 82.450 -174.6320
891.905336 82.478 -174.4603
898.368450 82.506 -174.2869
904.878398 82.536 -174.1100
911.435520 82.566 -173.9288
918.040157 82.598 -173.7457
924.692655 82.631 -173.5634
931.393359 82.667 -173.3851
938.142619 82.704 -173.2142
944.940787 82.742 -173.0522
951.788218 82.780 -172.8979
958.685268 82.819 -172.7486
965.632296 82.858 -172.6014
972.629666 82.896 -172.4535
979.677741 82.935 -172.3034
986.776890 82.975 -172.1512
993.927482 83.015 -171.9955
1001.129891 83.056 -171.8325
1008.384491 83.099 -171.6588
1015.691660 83.146 -171.4761
1023.051781 83.196 -171.2900
1030.465236 83.252 -171.1095
1037.932411 83.312 -170.9472
1045.453698 83.376 -170.8163
1053.029486 83.442 -170.7235
1060.660172 83.507 -170.6660
1068.346153 83.570 -170.6356
1076.087829 83.631 -170.6226
1083.885605 83.690 -170.6201
1091.739887 83.748 -170.6252
1099.651084 83.804 -170.6369
1107.619609 83.860 -170.6543
1115.645878 83.914 -170.6759
1123.730308 83.968 -170.7001
1131.873321 84.020 -170.7253
1140.075341 84.072 -170.7503
1148.336797 84.123 -170.7738
1156.658119 84.174 -170.7949
1165.039741 84.225 -170.8121
1173.482099 84.277 -170.8238
1181.985634 84.331 -170.8307
1190.550789 84.387 -170.8393
1199.178011 84.447 -170.8613
1207.867749 84.508 -170.9088
1216.620457 84.570 -170.9874
1225.436590 84.630 -171.0932
1234.316609 84.687 -171.2173
1243.260976 84.741 -171.3504
1252.270157 84.792 -171.4846
1261.344623 84.842 -171.6157
1270.484846 84.889 -171.7420
1279.691303 84.935 -171.8623
1288.964474 84.980 -171.9756
1298.304842 85.025 -172.0829
1307.712894 85.071 -172.1869
1317.189120 85.116 -172.2910
1326.734016 85.161 -172.3973
1336.348077 85.206 -172.5051
1346.031806 85.249 -172.6117
1355.785708 85.292 -172.7132
1365.610290 85.333 -172.8058
1375.506065 85.374 -172.8846
1385.473549 85.415 -172.9449
1395.513261 85.459 -172.9860
1405.625726 85.506 -173.0140
1415.811469 85.557 -173.0414
1426.071023 85.612 -173.0834
1436.404921 85.669 -173.1497
1446.813703 85.727 -173.2408
1457.297912 85.784 -173.3509
1467.858093 85.840 -173.4730
1478.494798 85.896 -173.6020
1489.208581 85.950 -173.7337
1500.000000 86.003 -173.8651
1510.869618 86.056 -173.9934
1521.818002 86.108 -174.1163
1532.845723 86.160 -174.2318
1543.953355 86.213 -174.3383
1555.141477 86.269 -174.4360
1566.410674 86.327 -174.5296
1577.761531 86.390 -174.6307
1589.194642 86.456 -174.7535
1600.710601 86.524 -174.9072
1612.310010 86.592 -175.0922
1623.993473 86.660 -175.3030
1635.761599 86.725 -175.5320
1647.615002 86.789 -175.7731
1659.554299 86.851 -176.0220
1671.580114 86.912 -176.2756
1683.693072 86.971 -176.5342
1695.893807 87.029 -176.8005
1708.182952 87.087 -177.0768
1720.561150 87.142 -177.3626
1733.029045 87.195 -177.6541
1745.587288 87.245 -177.9447
1758.236533 87.294 -178.2267
1770.977440 87.342 -178.4940
1783.810673 87.391 -178.7471
1796.736900 87.442 -178.9951
1809.756796 87.496 -179.2523
1822.871040 87.552 -179.5295
1836.080315 87.608 -179.8304
1849.385310 87.662 179.8472
1862.786718 87.715 179.5075
1876.285239 87.766 179.1560
1889.881575 87.813 178.7987
1903.576436 87.859 178.4414
1917.370535 87.902 178.0893
1931.264593 87.945 177.7458
1945.259332 87.987 177.4099
1959.355483 88.032 177.0733
1973.553781 88.078 176.7232
1987.854965 88.125 176.3503
2002.259781 88.170 175.9523
2016.768981 88.213 175.5331
2031.383320 88.252 175.0991
2046.103561 88.288 174.6575
2060.930471 88.320 174.2141
2075.864823 88.349 173.7713
2090.907395 88.375 173.3302
2106.058972 88.397 172.8932
2121.320344 88.415 172.4660
2136.692305 88.430 172.0574
2152.175658 88.443 171.6761
2167.771210 88.456 171.3246
2183.479774 88.470 170.9958
2199.302169 88.486 170.6772
2215.239219 88.504 170.3581
2231.291755 88.523 170.0332
2247.460615 88.541 169.7019
2263.746641 88.559 169.3677
2280.150683 88.575 169.0369
2296.673595 88.590 168.7173
2313.316238 88.604 168.4147
2330.079481 88.620 168.1294
2346.964198 88.639 167.8526
2363.971268 88.662 167.5710
2381.101578 88.686 167.2733
2398.356022 88.711 166.9550
2415.735498 88.736 166.6165
2433.240913 88.760 166.2619
2450.873180 88.782 165.8952
2468.633217 88.802 165.5193
2486.521951 88.818 165.1372
2504.540314 88.831 164.7556
2522.689246 88.840 164.3849
2540.969692 88.847 164.0358
2559.382606 88.852 163.7123
2577.928947 88.859 163.4095
2596.609683 88.866 163.1189
2615.425787 88.875 162.8343
2634.378241 88.884 162.5533
2653.468031 88.893 162.2789
2672.696154 88.902 162.0171
2692.063613 88.913 161.7748
2711.571415 88.927 161.5543
2731.220579 88.946 161.3474
2751.012130 88.972 161.1377
2770.947098 89.005 160.9067
2791.026522 89.043 160.6390
2811.251451 89.086 160.3233
2831.622938 89.131 159.9521
2852.142045 89.177 159.5202
2872.809842 89.221 159.0257
2893.627406 89.261 158.4733
2914.595823 89.295 157.8739
2935.716186 89.322 157.2404
2956.989596 89.343 156.5811
2978.417161 89.356 155.8994
3000.000000 89.363 155.1975
3021.739237 89.362 154.4798
3043.636005 89.352 153.7550
3065.691446 89.335 153.0354
3087.906710 89.309 152.3339
3110.282955 89.279 151.6568
3132.821347 89.246 151.0016
3155.523062 89.210 150.3602
3178.389283 89.173 149.7237
3201.421202 89.133 149.0851
3224.620020 89.091 148.4397
3247.986946 89.044 147.7850
3271.523198 88.992 147.1227
3295.230004 88.934 146.4606
3319.108599 88.869 145.8090
3343.160228 88.799 145.1743
3367.386145 88.724 144.5561
3391.787613 88.646 143.9507
3416.365904 88.562 143.3559
3441.122300 88.472 142.7751
3466.058091 88.377 142.2179
3491.174576 88.276 141.6943
3516.473066 88.172 141.2083
3541.954880 88.066 140.7564
3567.621345 87.959 140.3309
3593.473800 87.851 139.9233
3619.513592 87.742 139.5252
3645.742080 87.631 139.1310
3672.160630 87.516 138.7409
3698.770620 87.396 138.3630
3725.573436 87.271 138.0064
3752.570477 87.142 137.6763
3779.763150 87.008 137.3738
3807.152872 86.869 137.0994
3834.741071 86.725 136.8583
3862.529185 86.575 136.6615
3890.518664 86.421 136.5200
3918.710966 86.264 136.4382
3947.107561 86.105 136.4141
3975.709929 85.946 136.4411
4004.519563 85.787 136.5110
4033.537962 85.627 136.6168
4062.766641 85.465 136.7590
4092.207123 85.300 136.9469
4121.860942 85.131 137.1929
4151.729646 84.959 137.5076
4181.814790 84.783 137.8991
4212.117944 84.604 138.3791
4242.640687 84.423 138.9675
4273.384610 84.241 139.6884
4304.351317 84.062 140.5612
4335.542421 83.891 141.5956
4366.959549 83.735 142.7891
4398.604338 83.597 144.1278
4430.478438 83.483 145.5880
4462.583511 83.397 147.1420
4494.921231 83.343 148.7576
4527.493283 83.322 150.3934
4560.301365 83.336 151.9980
4593.347189 83.383 153.5177
4626.632476 83.458 154.9088
4660.158962 83.556 156.1422
4693.928395 83.672 157.1994
4727.942535 83.800 158.0694
4762.203156 83.934 158.7481
4796.712043 84.068 159.2394
4831.470996 84.197 159.5570
4866.481826 84.317 159.7250
4901.746360 84.426 159.7708
4937.266434 84.522 159.7164
4973.043902 84.605 159.5786
5009.080628 84.672 159.3760
5045.378492 84.724 159.1321
5081.939384 84.761 158.8716
5118.765212 84.783 158.6141
5155.857894 84.794 158.3716
5193.219366 84.794 158.1476
5230.851574 84.786 157.9420
5268.756481 84.771 157.7555
5306.936062 84.747 157.5895
5345.392309 84.717 157.4425
5384.127225 84.678 157.3129
5423.142830 84.630 157.2055
5462.441159 84.572 157.1342
5502.024259 84.502 157.1186
5541.894195 84.422 157.1810
5582.053045 84.334 157.3416
5622.502902 84.240 157.6183
5663.245876 84.145 158.0265
5704.284090 84.052 158.5750
5745.619684 83.968 159.2602
5787.254813 83.896 160.0682
5829.191647 83.840 160.9799
5871.432373 83.803 161.9745
5913.979192 83.788 163.0259
5956.834323 83.798 164.0987
6000.000000 83.832 165.1468
6043.478473 83.891 166.1200
6087.272010 83.968 166.9710
6131.382892 84.058 167.6600
6175.813420 84.152 168.1637
6220.565910 84.240 168.4845
6265.642695 84.314 168.6541
6311.046124 84.366 168.7269
6356.778566 84.394 168.7669
6402.842404 84.400 168.8340
6449.240040 84.388 168.9769
6495.973891 84.363 169.2284
6543.046396 84.330 169.6051
6590.460007 84.295 170.1115
6638.217197 84.263 170.7460
6686.320456 84.236 171.5041
6734.772290 84.220 172.3770
6783.575226 84.217 173.3499
6832.731809 84.231 174.4026
6882.244600 84.264 175.5099
6932.116181 84.318 176.6413
6982.349153 84.395 177.7637
7032.946133 84.491 178.8465
7083.909760 84.607 179.8633
7135.242690 84.741 -179.2099
7186.947600 84.888 -178.3967
7239.027185 85.047 -177.7186
7291.484160 85.214 -177.1947
7344.321260 85.382 -176.8391
7397.541239 85.547 -176.6555
7451.146872 85.703 -176.6329
7505.140954 85.845 -176.7483
7559.526299 85.969 -176.9728
7614.305743 86.075 -177.2783
7669.482141 86.162 -177.6405
7725.058371 86.231 -178.0438
7781.037328 86.280 -178.4770
7837.421932 86.309 -178.9269
7894.215122 86.317 -179.3740
7951.419859 86.302 -179.7936
8009.039125 86.267 179.8406
8067.075924 86.213 179.5531
8125.533282 86.143 179.3598
8184.414245 86.059 179.2690
8243.721885 85.964 179.2871
8303.459292 85.859 179.4229
8363.629581 85.747 179.6872
8424.235888 85.631 -179.9091
8485.281374 85.514 -179.3609
8546.769221 85.401 -178.6746
8608.702634 85.295 -177.8658
8671.084842 85.199 -176.9528
8733.919097 85.114 -175.9513
8797.208675 85.042 -174.8737
8860.956876 84.985 -173.7316
8925.167022 84.943 -172.5430
8989.842461 84.919 -171.3347
9054.986566 84.913 -170.1367
9120.602731 84.924 -168.9771
9186.694378 84.949 -167.8775
9253.264952 84.988 -166.8526
9320.317925 85.038 -165.9175
9387.856790 85.098 -165.0923
9455.885071 85.166 -164.4014
9524.406312 85.238 -163.8687
9593.424086 85.310 -163.5125
9662.941992 85.375 -163.3432
9732.963653 85.428 -163.3657
9803.492719 85.460 -163.5784
9874.532869 85.464 -163.9640
9946.087805 85.432 -164.4803
10018.161257 85.356 -165.0596
10090.756983 85.237 -165.6234
10163.878768 85.077 -166.1016
10237.530423 84.882 -166.4454
10311.715789 84.660 -166.6299
10386.438732 84.417 -166.6507
10461.703149 84.160 -166.5166
10537.512962 83.893 -166.2445
10613.872125 83.619 -165.8586
10690.784618 83.339 -165.3866
10768.254450 83.051 -164.8541
10846.285661 82.755 -164.2760
10924.882318 82.446 -163.6534
11004.048518 82.122 -162.9799
11083.788390 81.780 -162.2470
11164.106090 81.420 -161.4451
11245.005805 81.037 -160.5564
11326.491752 80.632 -159.5511
11408.568180 80.202 -158.3917
11491.239368 79.749 -157.0424
11574.509626 79.276 -155.4748
11658.383294 78.786 -153.6665
11742.864745 78.282 -151.5974
11827.958384 77.771 -149.2535
11913.668646 77.256 -146.6319
12000.000000 76.744 -143.7432
12086.956947 76.238 -140.6032
12174.544019 75.741 -137.2271
12262.765784 75.258 -133.6296
12351.626840 74.791 -129.8325
12441.131819 74.343 -125.8640
12531.285389 73.914 -121.7530
12622.092249 73.506 -117.5239
12713.557132 73.119 -113.2011
12805.684808 72.752 -108.8122
12898.480079 72.404 -104.3841
12991.947783 72.073 -99.9366
13086.092792 71.757 -95.4829
13180.920015 71.453 -91.0357
13276.434395 71.159 -86.6073
13372.640911 70.870 -82.2020
13469.544580 70.585 -77.8108
13567.150452 70.300 -73.4167
13665.463617 70.013 -68.9984
13764.489200 69.722 -64.5298
13864.232362 69.428 -59.9775
13964.698305 69.130 -55.3067
14065.892266 68.830 -50.4867
14167.819519 68.531 -45.4908
14270.485380 68.236 -40.2920
14373.895200 67.953 -34.8682
14478.054370 67.688 -29.2104
14582.968320 67.447 -23.3218
14688.642520 67.239 -17.2129
14795.082478 67.071 -10.9036
14902.293745 66.949 -4.4276
15010.281908 66.881 2.1704
15119.052599 66.870 8.8417
15228.611486 66.924 15.5310
15338.964283 67.049 22.1699
15450.116741 67.251 28.6771
15562.074656 67.535 34.9563
15674.843864 67.904 40.8904
15788.430244 68.357 46.3383
15902.839718 68.891 51.1405
16018.078250 69.495 55.1282
16134.151848 70.151 58.1328
16251.066563 70.833 60.0037
16368.828491 71.507 60.6316
16487.443769 72.132 59.9689
16606.918584 72.662 58.0467
16727.259161 73.053 54.9889
16848.471777 73.263 51.0137
16970.562748 73.265 46.4179
17093.538442 73.042 41.5423
17217.405268 72.598 36.7208
17342.169684 71.950 32.2234
17467.838194 71.125 28.2175
17594.417350 70.156 24.7560
17721.913751 69.074 21.7838
17850.334044 67.904 19.1505
17979.684923 66.669 16.6349
18109.973131 65.378 13.9716
18241.205462 64.034 10.8709
18373.388756 62.632 7.0215
18506.529905 61.164 2.0610
18640.635849 59.628 -4.4993
18775.713581 58.031 -13.3837
18911.770141 56.407 -25.5744
19048.812624 54.815 -41.7798
19186.848172 53.344 -60.7910
19325.883983 52.091 -78.7611
19465.927305 51.119 -92.4633
19606.985439 50.431 -101.5274
19749.065738 49.983 -106.9915
19892.175609 49.718 -109.9551
20036.322514 49.595 -111.2188
