* Measurement data measured by REW V5.31.3
* Source: EXCL: Microphone (USB Sound Device        ), MICROPHONE (Master Volume), R, volume: 0.390
* Format: 256k Log Swept Sine, 1 sweep at -1.0 dBFS with no timing reference
* Dated: Jul 4, 2025 12:19:40 AM
* REW Settings:
*  C-weighting compensation: Off
*  Target level: 75.0 dB
* Note: Moondrop Rays AAA L
* Measurement: L Moondrop Rays AAA L
* Smoothing: 1/12 octave
* Frequency Step: 96 ppo
* Start Frequency: 0.36621094 Hz
*
* Freq(Hz) SPL(dB) Phase(degrees)
0.366211 93.440 -68.1111
0.368865 93.450 -68.1746
0.371538 93.464 -68.2694
0.374230 93.483 -68.3879
0.376942 93.503 -68.5236
0.379673 93.525 -68.6718
0.382424 93.548 -68.8293
0.385196 93.571 -68.9941
0.387987 93.595 -69.1653
0.390798 93.619 -69.3420
0.393630 93.644 -69.5241
0.396483 93.668 -69.7112
0.399356 93.693 -69.9034
0.402250 93.718 -70.1005
0.405165 93.743 -70.3025
0.408101 93.768 -70.5095
0.411058 93.794 -70.7213
0.414037 93.820 -70.9381
0.417037 93.846 -71.1597
0.420059 93.872 -71.3861
0.423103 93.898 -71.6174
0.426169 93.924 -71.8534
0.429257 93.951 -72.0943
0.432368 93.978 -72.3398
0.435501 94.005 -72.5901
0.438656 94.032 -72.8450
0.441835 94.060 -73.1045
0.445037 94.087 -73.3686
0.448262 94.115 -73.6372
0.451510 94.143 -73.9103
0.454782 94.171 -74.1878
0.458077 94.200 -74.4696
0.461397 94.228 -74.7557
0.464740 94.257 -75.0461
0.468108 94.286 -75.3406
0.471500 94.316 -75.6392
0.474917 94.345 -75.9418
0.478358 94.375 -76.2483
0.481825 94.405 -76.5587
0.485316 94.435 -76.8729
0.488833 94.465 -77.1907
0.492375 94.496 -77.5121
0.495943 94.526 -77.8370
0.499537 94.557 -78.1653
0.503157 94.589 -78.4969
0.506803 94.620 -78.8317
0.510475 94.652 -79.1696
0.514175 94.684 -79.5105
0.517900 94.716 -79.8542
0.521653 94.748 -80.2008
0.525434 94.781 -80.5500
0.529241 94.814 -80.9017
0.533076 94.847 -81.2559
0.536939 94.880 -81.6124
0.540830 94.914 -81.9711
0.544749 94.948 -82.3318
0.548696 94.982 -82.6946
0.552673 95.016 -83.0592
0.556677 95.051 -83.4255
0.560711 95.085 -83.7934
0.564774 95.120 -84.1628
0.568867 95.156 -84.5335
0.572989 95.191 -84.9055
0.577141 95.227 -85.2786
0.581324 95.263 -85.6527
0.585536 95.300 -86.0277
0.589779 95.336 -86.4035
0.594053 95.373 -86.7798
0.598358 95.410 -87.1568
0.602694 95.448 -87.5341
0.607061 95.485 -87.9117
0.611460 95.523 -88.2896
0.615891 95.562 -88.6675
0.620354 95.600 -89.0453
0.624849 95.639 -89.4231
0.629377 95.678 -89.8006
0.633938 95.717 -90.1778
0.638532 95.757 -90.5545
0.643159 95.797 -90.9307
0.647819 95.837 -91.3063
0.652514 95.878 -91.6812
0.657242 95.919 -92.0553
0.662005 95.960 -92.4286
0.666802 96.001 -92.8008
0.671634 96.043 -93.1721
0.676501 96.085 -93.5422
0.681403 96.127 -93.9112
0.686341 96.170 -94.2790
0.691314 96.212 -94.6455
0.696324 96.256 -95.0107
0.701370 96.299 -95.3746
0.706452 96.342 -95.7373
0.711571 96.385 -96.0988
0.716728 96.428 -96.4594
0.721921 96.471 -96.8195
0.727153 96.512 -97.1797
0.732422 96.551 -97.5407
0.737729 96.589 -97.9035
0.743075 96.625 -98.2690
0.748460 96.659 -98.6380
0.753883 96.693 -99.0108
0.759346 96.726 -99.3879
0.764849 96.758 -99.7693
0.770391 96.790 -100.1550
0.775974 96.821 -100.5449
0.781597 96.853 -100.9389
0.787261 96.884 -101.3369
0.792966 96.914 -101.7387
0.798712 96.945 -102.1442
0.804500 96.975 -102.5531
0.810329 97.005 -102.9654
0.816201 97.035 -103.3808
0.822116 97.064 -103.7991
0.828073 97.094 -104.2201
0.834074 97.123 -104.6438
0.840118 97.151 -105.0697
0.846206 97.180 -105.4979
0.852338 97.208 -105.9279
0.858514 97.236 -106.3598
0.864735 97.263 -106.7932
0.871001 97.290 -107.2279
0.877313 97.317 -107.6638
0.883670 97.344 -108.1006
0.890074 97.370 -108.5382
0.896524 97.396 -108.9762
0.903020 97.422 -109.4145
0.909564 97.447 -109.8529
0.916155 97.472 -110.2911
0.922794 97.497 -110.7290
0.929481 97.521 -111.1664
0.936216 97.545 -111.6029
0.943000 97.568 -112.0385
0.949834 97.591 -112.4728
0.956717 97.614 -112.9057
0.963649 97.637 -113.3370
0.970632 97.659 -113.7664
0.977666 97.680 -114.1937
0.984750 97.701 -114.6187
0.991886 97.722 -115.0413
0.999074 97.743 -115.4611
1.006314 97.763 -115.8780
1.013606 97.782 -116.2918
1.020951 97.801 -116.7022
1.028349 97.820 -117.1091
1.035801 97.838 -117.5122
1.043307 97.856 -117.9115
1.050867 97.873 -118.3066
1.058482 97.890 -118.6976
1.066152 97.907 -119.0844
1.073878 97.923 -119.4671
1.081660 97.938 -119.8460
1.089498 97.953 -120.2219
1.097393 97.967 -120.5955
1.105345 97.981 -120.9682
1.113355 97.994 -121.3412
1.121423 98.007 -121.7155
1.129549 98.018 -122.0921
1.137734 98.029 -122.4714
1.145979 98.040 -122.8539
1.154283 98.049 -123.2397
1.162647 98.058 -123.6289
1.171072 98.066 -124.0214
1.179558 98.073 -124.4173
1.188106 98.079 -124.8165
1.196715 98.085 -125.2189
1.205387 98.089 -125.6243
1.214122 98.093 -126.0327
1.222920 98.096 -126.4438
1.231782 98.098 -126.8574
1.240708 98.099 -127.2734
1.249699 98.100 -127.6914
1.258754 98.099 -128.1113
1.267876 98.098 -128.5327
1.277063 98.096 -128.9552
1.286318 98.093 -129.3786
1.295639 98.089 -129.8023
1.305027 98.084 -130.2261
1.314484 98.078 -130.6494
1.324009 98.072 -131.0716
1.333604 98.064 -131.4923
1.343268 98.056 -131.9108
1.353002 98.046 -132.3265
1.362806 98.036 -132.7387
1.372681 98.025 -133.1467
1.382628 98.013 -133.5497
1.392647 97.999 -133.9469
1.402739 97.985 -134.3374
1.412904 97.970 -134.7206
1.423142 97.954 -135.0955
1.433455 97.938 -135.4618
1.443843 97.919 -135.8190
1.454305 97.900 -136.1671
1.464844 97.880 -136.5067
1.475459 97.858 -136.8387
1.486150 97.835 -137.1641
1.496920 97.810 -137.4838
1.507767 97.784 -137.7985
1.518693 97.756 -138.1088
1.529698 97.726 -138.4147
1.540783 97.694 -138.7164
1.551948 97.661 -139.0138
1.563194 97.627 -139.3068
1.574521 97.590 -139.5952
1.585931 97.553 -139.8788
1.597423 97.514 -140.1572
1.608999 97.473 -140.4303
1.620658 97.431 -140.6976
1.632402 97.388 -140.9587
1.644232 97.343 -141.2133
1.656146 97.298 -141.4610
1.668147 97.251 -141.7012
1.680235 97.203 -141.9333
1.692411 97.154 -142.1569
1.704675 97.105 -142.3713
1.717028 97.054 -142.5759
1.729470 97.003 -142.7699
1.742003 96.951 -142.9526
1.754626 96.898 -143.1231
1.767341 96.845 -143.2807
1.780147 96.791 -143.4244
1.793047 96.737 -143.5533
1.806040 96.682 -143.6662
1.819128 96.627 -143.7623
1.832310 96.570 -143.8404
1.845587 96.511 -143.8997
1.858961 96.451 -143.9391
1.872432 96.388 -143.9582
1.886001 96.323 -143.9564
1.899667 96.256 -143.9331
1.913433 96.186 -143.8882
1.927299 96.115 -143.8212
1.941265 96.042 -143.7320
1.955332 95.967 -143.6203
1.969501 95.892 -143.4859
1.983773 95.816 -143.3286
1.998148 95.739 -143.1483
2.012627 95.663 -142.9449
2.027212 95.587 -142.7183
2.041902 95.513 -142.4686
2.056698 95.439 -142.1959
2.071602 95.368 -141.9004
2.086614 95.299 -141.5824
2.101734 95.233 -141.2421
2.116964 95.170 -140.8800
2.132304 95.112 -140.4963
2.147756 95.057 -140.0909
2.163320 95.008 -139.6634
2.178996 94.963 -139.2124
2.194786 94.923 -138.7359
2.210690 94.887 -138.2310
2.226710 94.856 -137.6950
2.242845 94.829 -137.1257
2.259098 94.806 -136.5226
2.275468 94.787 -135.8858
2.291957 94.772 -135.2172
2.308566 94.760 -134.5190
2.325295 94.753 -133.7943
2.342145 94.749 -133.0466
2.359117 94.749 -132.2800
2.376212 94.753 -131.4987
2.393431 94.761 -130.7073
2.410775 94.773 -129.9107
2.428244 94.789 -129.1139
2.445840 94.810 -128.3219
2.463564 94.836 -127.5395
2.481416 94.866 -126.7716
2.499397 94.901 -126.0222
2.517509 94.941 -125.2947
2.535752 94.987 -124.5911
2.554127 95.039 -123.9120
2.572635 95.097 -123.2565
2.591277 95.163 -122.6230
2.610055 95.236 -122.0099
2.628968 95.316 -121.4166
2.648019 95.403 -120.8435
2.667208 95.498 -120.2918
2.686535 95.598 -119.7629
2.706003 95.704 -119.2588
2.725612 95.814 -118.7813
2.745363 95.929 -118.3320
2.765257 96.046 -117.9128
2.785295 96.165 -117.5249
2.805478 96.285 -117.1698
2.825808 96.406 -116.8487
2.846285 96.525 -116.5624
2.866910 96.644 -116.3119
2.887685 96.761 -116.0976
2.908611 96.875 -115.9199
2.929688 96.988 -115.7788
2.950917 97.100 -115.6738
2.972301 97.211 -115.6038
2.993839 97.322 -115.5675
3.015534 97.432 -115.5633
3.037386 97.543 -115.5891
3.059396 97.653 -115.6430
3.081565 97.763 -115.7228
3.103896 97.872 -115.8264
3.126388 97.980 -115.9519
3.149043 98.086 -116.0972
3.171862 98.191 -116.2607
3.194847 98.293 -116.4409
3.217998 98.392 -116.6368
3.241317 98.488 -116.8479
3.264805 98.581 -117.0744
3.288463 98.670 -117.3175
3.312293 98.756 -117.5784
3.336295 98.839 -117.8588
3.360471 98.917 -118.1593
3.384822 98.993 -118.4794
3.409350 99.066 -118.8177
3.434056 99.135 -119.1719
3.458940 99.201 -119.5393
3.484005 99.264 -119.9169
3.509252 99.325 -120.3016
3.534681 99.382 -120.6903
3.560295 99.437 -121.0806
3.586094 99.488 -121.4700
3.612081 99.537 -121.8574
3.638255 99.583 -122.2424
3.664620 99.626 -122.6259
3.691175 99.665 -123.0098
3.717923 99.700 -123.3956
3.744864 99.733 -123.7847
3.772001 99.761 -124.1769
3.799335 99.787 -124.5714
3.826866 99.809 -124.9664
3.854597 99.829 -125.3599
3.882529 99.846 -125.7491
3.910664 99.861 -126.1315
3.939002 99.873 -126.5044
3.967546 99.884 -126.8658
3.996296 99.893 -127.2139
4.025255 99.900 -127.5480
4.054423 99.906 -127.8683
4.083804 99.909 -128.1755
4.113396 99.909 -128.4706
4.143204 99.908 -128.7540
4.173227 99.905 -129.0263
4.203468 99.900 -129.2876
4.233928 99.894 -129.5375
4.264609 99.887 -129.7758
4.295512 99.881 -130.0016
4.326639 99.874 -130.2143
4.357992 99.868 -130.4127
4.389572 99.863 -130.5960
4.421380 99.858 -130.7633
4.453419 99.853 -130.9142
4.485691 99.849 -131.0493
4.518196 99.846 -131.1698
4.550936 99.843 -131.2775
4.583914 99.841 -131.3747
4.617131 99.840 -131.4639
4.650589 99.841 -131.5473
4.684289 99.843 -131.6269
4.718233 99.848 -131.7041
4.752424 99.855 -131.7793
4.786862 99.865 -131.8524
4.821549 99.877 -131.9231
4.856488 99.892 -131.9917
4.891680 99.908 -132.0595
4.927127 99.927 -132.1287
4.962831 99.948 -132.2019
4.998794 99.970 -132.2824
5.035017 99.994 -132.3731
5.071503 100.020 -132.4766
5.108253 100.046 -132.5946
5.145270 100.075 -132.7281
5.182555 100.104 -132.8771
5.220110 100.136 -133.0413
5.257937 100.168 -133.2206
5.296038 100.201 -133.4150
5.334415 100.234 -133.6249
5.373071 100.268 -133.8511
5.412006 100.301 -134.0942
5.451224 100.333 -134.3551
5.490725 100.364 -134.6348
5.530514 100.394 -134.9336
5.570590 100.422 -135.2513
5.610957 100.450 -135.5871
5.651616 100.476 -135.9391
5.692570 100.500 -136.3055
5.733821 100.522 -136.6841
5.775370 100.543 -137.0730
5.817221 100.560 -137.4711
5.859375 100.575 -137.8779
5.901834 100.587 -138.2932
5.944602 100.596 -138.7168
5.987679 100.603 -139.1477
6.031068 100.606 -139.5838
6.074771 100.607 -140.0227
6.118792 100.606 -140.4613
6.163131 100.602 -140.8971
6.207792 100.595 -141.3283
6.252776 100.586 -141.7536
6.298086 100.574 -142.1728
6.343725 100.560 -142.5854
6.389694 100.544 -142.9907
6.435996 100.526 -143.3874
6.482634 100.506 -143.7740
6.529610 100.486 -144.1488
6.576926 100.465 -144.5103
6.624585 100.443 -144.8577
6.672590 100.420 -145.1906
6.720942 100.397 -145.5096
6.769645 100.375 -145.8156
6.818700 100.352 -146.1095
6.868111 100.331 -146.3925
6.917881 100.310 -146.6652
6.968010 100.292 -146.9281
7.018504 100.274 -147.1817
7.069362 100.259 -147.4270
7.120590 100.245 -147.6658
7.172189 100.234 -147.9004
7.224161 100.224 -148.1336
7.276511 100.216 -148.3679
7.329239 100.210 -148.6051
7.382350 100.207 -148.8464
7.435845 100.205 -149.0930
7.489729 100.206 -149.3462
7.544002 100.208 -149.6074
7.598669 100.211 -149.8786
7.653732 100.215 -150.1612
7.709194 100.220 -150.4566
7.765058 100.225 -150.7652
7.821327 100.231 -151.0870
7.878004 100.237 -151.4213
7.935091 100.242 -151.7676
7.992592 100.247 -152.1253
8.050510 100.251 -152.4939
8.108847 100.253 -152.8727
8.167607 100.255 -153.2608
8.226793 100.254 -153.6567
8.286408 100.253 -154.0583
8.346454 100.249 -154.4634
8.406936 100.244 -154.8703
8.467856 100.237 -155.2773
8.529218 100.228 -155.6832
8.591024 100.218 -156.0865
8.653278 100.206 -156.4856
8.715983 100.193 -156.8787
8.779143 100.179 -157.2643
8.842760 100.163 -157.6411
8.906839 100.147 -158.0087
8.971381 100.131 -158.3667
9.036392 100.114 -158.7150
9.101873 100.097 -159.0536
9.167829 100.081 -159.3824
9.234263 100.065 -159.7019
9.301178 100.050 -160.0126
9.368578 100.036 -160.3159
9.436467 100.022 -160.6129
9.504847 100.010 -160.9052
9.573723 99.999 -161.1940
9.643099 99.989 -161.4802
9.712976 99.980 -161.7653
9.783361 99.972 -162.0504
9.854255 99.965 -162.3371
9.925663 99.959 -162.6262
9.997588 99.953 -162.9185
10.070035 99.948 -163.2143
10.143007 99.943 -163.5139
10.216507 99.938 -163.8175
10.290540 99.932 -164.1250
10.365109 99.927 -164.4361
10.440219 99.920 -164.7502
10.515873 99.913 -165.0667
10.592076 99.906 -165.3845
10.668830 99.897 -165.7031
10.746141 99.888 -166.0215
10.824012 99.878 -166.3390
10.902447 99.867 -166.6548
10.981451 99.855 -166.9682
11.061027 99.842 -167.2785
11.141180 99.829 -167.5854
11.221913 99.815 -167.8888
11.303232 99.801 -168.1884
11.385140 99.787 -168.4843
11.467641 99.772 -168.7766
11.550741 99.757 -169.0655
11.634442 99.742 -169.3515
11.718750 99.726 -169.6348
11.803669 99.711 -169.9159
11.889203 99.695 -170.1950
11.975357 99.679 -170.4724
12.062136 99.663 -170.7483
12.149543 99.646 -171.0229
12.237583 99.630 -171.2963
12.326262 99.613 -171.5684
12.415583 99.595 -171.8392
12.505552 99.577 -172.1084
12.596172 99.559 -172.3762
12.687449 99.541 -172.6423
12.779387 99.523 -172.9069
12.871992 99.504 -173.1698
12.965268 99.485 -173.4314
13.059220 99.466 -173.6918
13.153852 99.447 -173.9515
13.249170 99.428 -174.2109
13.345179 99.410 -174.4704
13.441884 99.391 -174.7306
13.539289 99.372 -174.9919
13.637401 99.353 -175.2547
13.736223 99.334 -175.5193
13.835761 99.315 -175.7857
13.936021 99.295 -176.0538
14.037007 99.275 -176.3234
14.138725 99.254 -176.5939
14.241180 99.233 -176.8647
14.344377 99.212 -177.1348
14.448323 99.189 -177.4034
14.553021 99.166 -177.6696
14.658478 99.143 -177.9325
14.764700 99.119 -178.1915
14.871691 99.095 -178.4460
14.979457 99.071 -178.6958
15.088005 99.048 -178.9409
15.197339 99.024 -179.1816
15.307465 99.001 -179.4184
15.418389 98.979 -179.6520
15.530117 98.957 -179.8834
15.642655 98.936 179.8867
15.756008 98.915 179.6575
15.870182 98.895 179.4283
15.985184 98.875 179.1988
16.101019 98.856 178.9688
16.217694 98.836 178.7388
16.335214 98.816 178.5092
16.453586 98.796 178.2809
16.572815 98.775 178.0549
16.692909 98.754 177.8324
16.813872 98.732 177.6145
16.935713 98.710 177.4023
17.058436 98.688 177.1965
17.182048 98.666 176.9977
17.306556 98.644 176.8061
17.431967 98.622 176.6217
17.558286 98.600 176.4441
17.685521 98.579 176.2728
17.813677 98.558 176.1071
17.942762 98.537 175.9464
18.072783 98.516 175.7901
18.203746 98.496 175.6378
18.335658 98.476 175.4892
18.468526 98.455 175.3445
18.602356 98.435 175.2036
18.737156 98.414 175.0670
18.872934 98.393 174.9348
19.009695 98.371 174.8076
19.147447 98.350 174.6854
19.286197 98.328 174.5684
19.425953 98.305 174.4564
19.566721 98.283 174.3494
19.708510 98.261 174.2469
19.851326 98.238 174.1488
19.995177 98.215 174.0546
20.140070 98.192 173.9641
20.286013 98.169 173.8772
20.433014 98.145 173.7938
20.581080 98.121 173.7139
20.730219 98.097 173.6377
20.880439 98.072 173.5649
21.031747 98.048 173.4957
21.184152 98.023 173.4295
21.337661 97.999 173.3662
21.492282 97.974 173.3051
21.648024 97.950 173.2457
21.804895 97.926 173.1875
21.962902 97.901 173.1302
22.122054 97.877 173.0739
22.282360 97.853 173.0183
22.443827 97.828 172.9641
22.606464 97.804 172.9117
22.770280 97.779 172.8616
22.935283 97.755 172.8144
23.101481 97.731 172.7702
23.268884 97.707 172.7291
23.437500 97.685 172.6909
23.607338 97.662 172.6549
23.778406 97.641 172.6207
23.950714 97.620 172.5875
24.124271 97.600 172.5550
24.299086 97.581 172.5229
24.475167 97.562 172.4911
24.652524 97.543 172.4602
24.831166 97.525 172.4307
25.011103 97.508 172.4033
25.192344 97.490 172.3787
25.374898 97.474 172.3576
25.558775 97.457 172.3403
25.743984 97.441 172.3273
25.930536 97.426 172.3184
26.118439 97.411 172.3138
26.307704 97.397 172.3134
26.498341 97.383 172.3168
26.690359 97.370 172.3240
26.883768 97.358 172.3348
27.078579 97.345 172.3488
27.274801 97.334 172.3658
27.472446 97.323 172.3855
27.671522 97.312 172.4075
27.872042 97.301 172.4318
28.074014 97.290 172.4580
28.277450 97.280 172.4862
28.482360 97.270 172.5164
28.688755 97.260 172.5486
28.896645 97.249 172.5825
29.106042 97.240 172.6178
29.316957 97.230 172.6542
29.529400 97.220 172.6910
29.743382 97.211 172.7278
29.958915 97.202 172.7642
30.176009 97.193 172.7997
30.394677 97.184 172.8343
30.614929 97.176 172.8681
30.836778 97.167 172.9011
31.060234 97.159 172.9333
31.285309 97.152 172.9643
31.512015 97.144 172.9937
31.740364 97.138 173.0210
31.970368 97.132 173.0458
32.202039 97.126 173.0679
32.435388 97.121 173.0874
32.670428 97.116 173.1046
32.907171 97.112 173.1201
33.145630 97.108 173.1344
33.385817 97.104 173.1479
33.627745 97.101 173.1608
33.871425 97.099 173.1728
34.116871 97.097 173.1838
34.364096 97.096 173.1936
34.613113 97.096 173.2018
34.863934 97.096 173.2085
35.116572 97.096 173.2137
35.371041 97.097 173.2176
35.627354 97.098 173.2203
35.885525 97.099 173.2220
36.145566 97.100 173.2231
36.407492 97.102 173.2236
36.671316 97.103 173.2239
36.937051 97.104 173.2241
37.204712 97.106 173.2242
37.474313 97.107 173.2240
37.745867 97.109 173.2231
38.019389 97.111 173.2210
38.294893 97.113 173.2171
38.572394 97.115 173.2109
38.851905 97.118 173.2019
39.133442 97.120 173.1899
39.417019 97.122 173.1752
39.702651 97.124 173.1577
39.990353 97.127 173.1378
40.280140 97.129 173.1156
40.572026 97.131 173.0912
40.866028 97.134 173.0645
41.162160 97.137 173.0349
41.460438 97.140 173.0023
41.760877 97.143 172.9661
42.063494 97.146 172.9265
42.368303 97.149 172.8839
42.675322 97.153 172.8386
42.984565 97.156 172.7914
43.296048 97.159 172.7424
43.609789 97.162 172.6914
43.925804 97.166 172.6381
44.244108 97.170 172.5818
44.564719 97.173 172.5220
44.887654 97.177 172.4586
45.212928 97.180 172.3918
45.540560 97.183 172.3220
45.870565 97.186 172.2496
46.202962 97.189 172.1751
46.537768 97.191 172.0988
46.875000 97.193 172.0209
47.214676 97.195 171.9415
47.556813 97.197 171.8605
47.901429 97.199 171.7779
48.248542 97.201 171.6935
48.598171 97.202 171.6072
48.950334 97.204 171.5190
49.305048 97.205 171.4288
49.662333 97.207 171.3368
50.022206 97.208 171.2431
50.384688 97.208 171.1480
50.749796 97.209 171.0519
51.117550 97.209 170.9549
51.487969 97.209 170.8569
51.861072 97.209 170.7577
52.236879 97.208 170.6569
52.615409 97.207 170.5542
52.996681 97.206 170.4495
53.380717 97.205 170.3428
53.767536 97.203 170.2343
54.157158 97.201 170.1240
54.549603 97.198 170.0121
54.944892 97.196 169.8986
55.343045 97.193 169.7831
55.744084 97.190 169.6656
56.148028 97.187 169.5461
56.554900 97.184 169.4248
56.964720 97.181 169.3018
57.377510 97.177 169.1776
57.793291 97.173 169.0523
58.212085 97.168 168.9263
58.633914 97.164 168.7999
59.058799 97.158 168.6739
59.486764 97.153 168.5487
59.917829 97.147 168.4248
60.352019 97.140 168.3019
60.789354 97.134 168.1797
61.229859 97.127 168.0574
61.673556 97.120 167.9347
62.120468 97.112 167.8115
62.570618 97.105 167.6879
63.024031 97.097 167.5636
63.480729 97.089 167.4383
63.940736 97.081 167.3116
64.404077 97.073 167.1834
64.870776 97.064 167.0541
65.340856 97.056 166.9244
65.814343 97.047 166.7949
66.291261 97.038 166.6658
66.771635 97.029 166.5370
67.255489 97.020 166.4082
67.742850 97.011 166.2794
68.233743 97.001 166.1509
68.728193 96.991 166.0231
69.226226 96.981 165.8964
69.727867 96.970 165.7706
70.233144 96.959 165.6454
70.742083 96.948 165.5203
71.254709 96.936 165.3949
71.771050 96.924 165.2687
72.291132 96.912 165.1418
72.814984 96.900 165.0141
73.342631 96.887 164.8859
73.874102 96.874 164.7574
74.409424 96.861 164.6285
74.948626 96.848 164.4989
75.491734 96.835 164.3685
76.038779 96.821 164.2375
76.589787 96.807 164.1065
77.144788 96.793 163.9759
77.703811 96.778 163.8463
78.266885 96.762 163.7180
78.834039 96.746 163.5908
79.405303 96.730 163.4647
79.980706 96.714 163.3391
80.560280 96.697 163.2137
81.144053 96.680 163.0881
81.732056 96.662 162.9622
82.324320 96.644 162.8362
82.920876 96.626 162.7104
83.521755 96.606 162.5852
84.126988 96.587 162.4615
84.736607 96.567 162.3402
85.350643 96.547 162.2216
85.969129 96.527 162.1055
86.592097 96.507 161.9914
87.219579 96.488 161.8782
87.851608 96.468 161.7651
88.488217 96.449 161.6518
89.129439 96.430 161.5384
89.775308 96.410 161.4256
90.425856 96.390 161.3146
91.081119 96.369 161.2065
91.741131 96.347 161.1024
92.405925 96.326 161.0019
93.075536 96.304 160.9034
93.750000 96.283 160.8048
94.429351 96.261 160.7045
95.113625 96.239 160.6017
95.802858 96.216 160.4972
96.497085 96.193 160.3922
97.196342 96.169 160.2884
97.900667 96.145 160.1870
98.610096 96.120 160.0883
99.324665 96.095 159.9924
100.044413 96.070 159.8990
100.769376 96.045 159.8079
101.499592 96.020 159.7187
102.235100 95.995 159.6312
102.975938 95.970 159.5453
103.722144 95.944 159.4611
104.473757 95.918 159.3789
105.230817 95.891 159.2991
105.993363 95.865 159.2218
106.761435 95.837 159.1470
107.535072 95.810 159.0747
108.314315 95.782 159.0047
109.099206 95.753 158.9368
109.889783 95.724 158.8710
110.686090 95.696 158.8074
111.488167 95.666 158.7464
112.296056 95.637 158.6889
113.109800 95.608 158.6357
113.929440 95.578 158.5881
114.755020 95.548 158.5469
115.586582 95.518 158.5127
116.424170 95.488 158.4851
117.267827 95.457 158.4629
118.117598 95.427 158.4438
118.973527 95.396 158.4243
119.835658 95.365 158.4011
120.704037 95.334 158.3730
121.578708 95.302 158.3431
122.459718 95.270 158.3158
123.347111 95.237 158.2946
124.240935 95.205 158.2808
125.141236 95.172 158.2753
126.048061 95.140 158.2786
126.961458 95.108 158.2911
127.881473 95.077 158.3123
128.808154 95.046 158.3409
129.741551 95.015 158.3760
130.681712 94.985 158.4165
131.628686 94.956 158.4623
132.582521 94.928 158.5136
133.543269 94.901 158.5708
134.510979 94.875 158.6337
135.485701 94.851 158.7009
136.467486 94.828 158.7703
137.456386 94.807 158.8397
138.452451 94.786 158.9070
139.455735 94.767 158.9704
140.466288 94.748 159.0283
141.484165 94.730 159.0795
142.509418 94.712 159.1233
143.542100 94.695 159.1591
144.582265 94.679 159.1867
145.629968 94.662 159.2068
146.685262 94.644 159.2205
147.748204 94.627 159.2299
148.818849 94.608 159.2366
149.897251 94.588 159.2418
150.983469 94.567 159.2464
152.077557 94.546 159.2511
153.179574 94.524 159.2564
154.289576 94.501 159.2630
155.407622 94.477 159.2714
156.533770 94.453 159.2822
157.668078 94.429 159.2964
158.810606 94.406 159.3148
159.961413 94.382 159.3383
161.120559 94.359 159.3676
162.288105 94.336 159.4032
163.464112 94.313 159.4454
164.648640 94.290 159.4934
165.841752 94.267 159.5453
167.043510 94.245 159.5987
168.253976 94.223 159.6524
169.473213 94.201 159.7059
170.701286 94.181 159.7587
171.938258 94.161 159.8098
173.184194 94.143 159.8582
174.439158 94.125 159.9026
175.703216 94.109 159.9422
176.976434 94.094 159.9759
178.258878 94.079 160.0035
179.550615 94.065 160.0250
180.851713 94.051 160.0409
182.162239 94.036 160.0514
183.482262 94.022 160.0564
184.811850 94.007 160.0558
186.151073 93.991 160.0499
187.500000 93.973 160.0390
188.858702 93.955 160.0232
190.227250 93.936 160.0027
191.605715 93.915 159.9783
192.994169 93.893 159.9514
194.392685 93.870 159.9237
195.801334 93.846 159.8970
197.220191 93.821 159.8724
198.649330 93.795 159.8505
200.088825 93.768 159.8317
201.538751 93.741 159.8162
202.999184 93.713 159.8048
204.470200 93.684 159.7982
205.951875 93.655 159.7975
207.444287 93.625 159.8033
208.947514 93.595 159.8155
210.461634 93.564 159.8337
211.986726 93.534 159.8575
213.522869 93.503 159.8866
215.070144 93.473 159.9207
216.628631 93.443 159.9596
218.198411 93.413 160.0029
219.779567 93.383 160.0504
221.372180 93.353 160.1015
222.976334 93.324 160.1559
224.592112 93.294 160.2132
226.219600 93.264 160.2735
227.858880 93.235 160.3372
229.510039 93.206 160.4048
231.173164 93.176 160.4767
232.848340 93.147 160.5523
234.535655 93.117 160.6312
236.235197 93.088 160.7125
237.947054 93.058 160.7957
239.671317 93.029 160.8807
241.408074 93.000 160.9677
243.157416 92.971 161.0570
244.919435 92.942 161.1488
246.694223 92.913 161.2426
248.481871 92.884 161.3379
250.282473 92.855 161.4348
252.096123 92.827 161.5336
253.922915 92.798 161.6346
255.762945 92.769 161.7383
257.616309 92.740 161.8445
259.483103 92.711 161.9533
261.363424 92.683 162.0642
263.257372 92.654 162.1769
265.165043 92.626 162.2916
267.086538 92.598 162.4086
269.021957 92.570 162.5283
270.971401 92.542 162.6502
272.934972 92.514 162.7739
274.912771 92.486 162.8987
276.904902 92.459 163.0247
278.911469 92.431 163.1517
280.932577 92.404 163.2801
282.968330 92.376 163.4103
285.018835 92.349 163.5425
287.084199 92.322 163.6774
289.164530 92.295 163.8154
291.259935 92.268 163.9570
293.370525 92.241 164.1024
295.496408 92.214 164.2518
297.637697 92.187 164.4050
299.794503 92.160 164.5618
301.966937 92.134 164.7218
304.155114 92.107 164.8844
306.359147 92.081 165.0494
308.579152 92.056 165.2169
310.815244 92.031 165.3870
313.067539 92.006 165.5594
315.336156 91.981 165.7336
317.621211 91.957 165.9086
319.922826 91.934 166.0833
322.241118 91.911 166.2576
324.576210 91.888 166.4317
326.928223 91.866 166.6066
329.297280 91.844 166.7828
331.683504 91.823 166.9612
334.087019 91.801 167.1419
336.507952 91.780 167.3246
338.946427 91.760 167.5089
341.402572 91.739 167.6945
343.876516 91.718 167.8813
346.368387 91.698 168.0698
348.878315 91.677 168.2601
351.406431 91.657 168.4528
353.952867 91.637 168.6480
356.517756 91.618 168.8457
359.101230 91.600 169.0457
361.703426 91.582 169.2472
364.324478 91.566 169.4494
366.964523 91.551 169.6510
369.623699 91.536 169.8505
372.302145 91.523 170.0463
375.000000 91.510 170.2366
377.717405 91.498 170.4199
380.454501 91.487 170.5946
383.211431 91.476 170.7598
385.988339 91.464 170.9155
388.785369 91.452 171.0625
391.602668 91.439 171.2023
394.440383 91.426 171.3362
397.298660 91.411 171.4663
400.177650 91.395 171.5945
403.077502 91.378 171.7231
405.998368 91.360 171.8535
408.940400 91.340 171.9864
411.903750 91.320 172.1227
414.888575 91.300 172.2631
417.895028 91.279 172.4081
420.923268 91.258 172.5581
423.973452 91.236 172.7126
427.045738 91.214 172.8714
430.140287 91.192 173.0340
433.257261 91.169 173.2000
436.396822 91.147 173.3690
439.559133 91.124 173.5408
442.744360 91.102 173.7154
445.952668 91.079 173.8930
449.184225 91.057 174.0739
452.439199 91.034 174.2577
455.717760 91.012 174.4444
459.020079 90.989 174.6341
462.346327 90.967 174.8267
465.696680 90.944 175.0223
469.071310 90.922 175.2208
472.470394 90.900 175.4219
475.894109 90.877 175.6253
479.342634 90.855 175.8309
482.816148 90.833 176.0386
486.314833 90.811 176.2484
489.838871 90.789 176.4601
493.388445 90.767 176.6735
496.963741 90.746 176.8888
500.564945 90.724 177.1062
504.192245 90.703 177.3260
507.845830 90.681 177.5483
511.525890 90.660 177.7731
515.232618 90.639 178.0001
518.966206 90.618 178.2291
522.726849 90.597 178.4602
526.514743 90.575 178.6935
530.330086 90.554 178.9287
534.173076 90.533 179.1659
538.043915 90.512 179.4052
541.942803 90.490 179.6469
545.869944 90.469 179.8907
549.825542 90.448 -179.8633
553.809805 90.427 -179.6153
557.822939 90.406 -179.3650
561.865154 90.385 -179.1124
565.936660 90.363 -178.8574
570.037671 90.342 -178.6003
574.168399 90.322 -178.3410
578.329060 90.301 -178.0793
582.519870 90.280 -177.8149
586.741049 90.259 -177.5476
590.992817 90.239 -177.2774
595.275394 90.218 -177.0044
599.589005 90.198 -176.7286
603.933874 90.177 -176.4501
608.310228 90.157 -176.1686
612.718295 90.136 -175.8837
617.158304 90.116 -175.5954
621.630488 90.095 -175.3039
626.135079 90.075 -175.0095
630.672311 90.055 -174.7123
635.242423 90.035 -174.4120
639.845651 90.014 -174.1086
644.482237 89.995 -173.8021
649.152421 89.975 -173.4925
653.856447 89.955 -173.1796
658.594560 89.936 -172.8631
663.367008 89.916 -172.5425
668.174039 89.897 -172.2174
673.015903 89.878 -171.8877
677.892854 89.859 -171.5535
682.805145 89.840 -171.2149
687.753032 89.822 -170.8718
692.736774 89.803 -170.5239
697.756631 89.785 -170.1709
702.812863 89.767 -169.8126
707.905735 89.750 -169.4492
713.035511 89.733 -169.0808
718.202461 89.716 -168.7078
723.406852 89.700 -168.3304
728.648956 89.684 -167.9487
733.929047 89.668 -167.5628
739.247399 89.653 -167.1726
744.604290 89.639 -166.7781
750.000000 89.626 -166.3795
755.434809 89.613 -165.9773
760.909001 89.600 -165.5719
766.422861 89.589 -165.1633
771.976677 89.578 -164.7517
777.570739 89.568 -164.3371
783.205337 89.559 -163.9192
788.880766 89.551 -163.4982
794.597321 89.543 -163.0742
800.355301 89.536 -162.6474
806.155005 89.530 -162.2180
811.996736 89.524 -161.7863
817.880799 89.519 -161.3526
823.807501 89.515 -160.9171
829.777150 89.511 -160.4798
835.790057 89.508 -160.0408
841.846536 89.506 -159.5999
847.946903 89.504 -159.1570
854.091476 89.503 -158.7120
860.280575 89.502 -158.2653
866.514523 89.503 -157.8170
872.793644 89.504 -157.3673
879.118267 89.505 -156.9160
885.488720 89.508 -156.4630
891.905336 89.511 -156.0081
898.368450 89.514 -155.5516
904.878398 89.519 -155.0934
911.435520 89.525 -154.6339
918.040157 89.531 -154.1735
924.692655 89.539 -153.7130
931.393359 89.547 -153.2528
938.142619 89.557 -152.7935
944.940787 89.567 -152.3356
951.788218 89.578 -151.8794
958.685268 89.591 -151.4249
965.632296 89.604 -150.9718
972.629666 89.617 -150.5199
979.677741 89.632 -150.0690
986.776890 89.647 -149.6187
993.927482 89.662 -149.1691
1001.129891 89.679 -148.7198
1008.384491 89.695 -148.2713
1015.691660 89.713 -147.8239
1023.051781 89.731 -147.3780
1030.465236 89.750 -146.9342
1037.932411 89.769 -146.4927
1045.453698 89.789 -146.0536
1053.029486 89.810 -145.6173
1060.660172 89.831 -145.1835
1068.346153 89.852 -144.7520
1076.087829 89.875 -144.3225
1083.885605 89.897 -143.8946
1091.739887 89.921 -143.4685
1099.651084 89.945 -143.0443
1107.619609 89.969 -142.6223
1115.645878 89.994 -142.2025
1123.730308 90.019 -141.7848
1131.873321 90.045 -141.3691
1140.075341 90.071 -140.9553
1148.336797 90.098 -140.5436
1156.658119 90.125 -140.1342
1165.039741 90.153 -139.7274
1173.482099 90.181 -139.3239
1181.985634 90.210 -138.9241
1190.550789 90.239 -138.5283
1199.178011 90.269 -138.1369
1207.867749 90.300 -137.7501
1216.620457 90.330 -137.3679
1225.436590 90.361 -136.9904
1234.316609 90.393 -136.6177
1243.260976 90.424 -136.2498
1252.270157 90.455 -135.8872
1261.344623 90.487 -135.5301
1270.484846 90.518 -135.1789
1279.691303 90.550 -134.8336
1288.964474 90.581 -134.4939
1298.304842 90.612 -134.1593
1307.712894 90.642 -133.8292
1317.189120 90.673 -133.5029
1326.734016 90.702 -133.1800
1336.348077 90.731 -132.8598
1346.031806 90.759 -132.5414
1355.785708 90.786 -132.2238
1365.610290 90.813 -131.9059
1375.506065 90.838 -131.5866
1385.473549 90.863 -131.2652
1395.513261 90.887 -130.9412
1405.625726 90.911 -130.6141
1415.811469 90.934 -130.2832
1426.071023 90.957 -129.9482
1436.404921 90.979 -129.6087
1446.813703 91.001 -129.2642
1457.297912 91.023 -128.9142
1467.858093 91.045 -128.5582
1478.494798 91.067 -128.1958
1489.208581 91.088 -127.8269
1500.000000 91.110 -127.4514
1510.869618 91.132 -127.0697
1521.818002 91.154 -126.6822
1532.845723 91.176 -126.2896
1543.953355 91.199 -125.8927
1555.141477 91.223 -125.4926
1566.410674 91.247 -125.0906
1577.761531 91.272 -124.6879
1589.194642 91.297 -124.2853
1600.710601 91.323 -123.8832
1612.310010 91.350 -123.4814
1623.993473 91.377 -123.0794
1635.761599 91.406 -122.6765
1647.615002 91.435 -122.2721
1659.554299 91.466 -121.8657
1671.580114 91.497 -121.4569
1683.693072 91.530 -121.0454
1695.893807 91.564 -120.6312
1708.182952 91.600 -120.2143
1720.561150 91.636 -119.7952
1733.029045 91.674 -119.3740
1745.587288 91.713 -118.9512
1758.236533 91.753 -118.5271
1770.977440 91.795 -118.1022
1783.810673 91.838 -117.6770
1796.736900 91.883 -117.2521
1809.756796 91.929 -116.8280
1822.871040 91.977 -116.4048
1836.080315 92.026 -115.9829
1849.385310 92.077 -115.5625
1862.786718 92.129 -115.1441
1876.285239 92.183 -114.7283
1889.881575 92.239 -114.3154
1903.576436 92.296 -113.9059
1917.370535 92.354 -113.5002
1931.264593 92.415 -113.0987
1945.259332 92.477 -112.7020
1959.355483 92.540 -112.3107
1973.553781 92.605 -111.9255
1987.854965 92.672 -111.5468
2002.259781 92.741 -111.1752
2016.768981 92.811 -110.8111
2031.383320 92.882 -110.4548
2046.103561 92.955 -110.1070
2060.930471 93.030 -109.7685
2075.864823 93.106 -109.4397
2090.907395 93.184 -109.1214
2106.058972 93.263 -108.8143
2121.320344 93.343 -108.5189
2136.692305 93.425 -108.2359
2152.175658 93.508 -107.9660
2167.771210 93.593 -107.7096
2183.479774 93.678 -107.4673
2199.302169 93.765 -107.2397
2215.239219 93.852 -107.0272
2231.291755 93.941 -106.8300
2247.460615 94.030 -106.6484
2263.746641 94.120 -106.4829
2280.150683 94.211 -106.3340
2296.673595 94.302 -106.2023
2313.316238 94.394 -106.0883
2330.079481 94.486 -105.9927
2346.964198 94.579 -105.9159
2363.971268 94.672 -105.8583
2381.101578 94.765 -105.8202
2398.356022 94.858 -105.8016
2415.735498 94.951 -105.8025
2433.240913 95.044 -105.8231
2450.873180 95.136 -105.8633
2468.633217 95.228 -105.9234
2486.521951 95.320 -106.0032
2504.540314 95.410 -106.1028
2522.689246 95.500 -106.2221
2540.969692 95.589 -106.3609
2559.382606 95.676 -106.5193
2577.928947 95.763 -106.6970
2596.609683 95.848 -106.8940
2615.425787 95.932 -107.1098
2634.378241 96.014 -107.3439
2653.468031 96.094 -107.5957
2672.696154 96.173 -107.8647
2692.063613 96.249 -108.1502
2711.571415 96.324 -108.4518
2731.220579 96.397 -108.7688
2751.012130 96.467 -109.1006
2770.947098 96.536 -109.4463
2791.026522 96.602 -109.8048
2811.251451 96.666 -110.1752
2831.622938 96.728 -110.5565
2852.142045 96.787 -110.9478
2872.809842 96.845 -111.3484
2893.627406 96.900 -111.7578
2914.595823 96.952 -112.1758
2935.716186 97.003 -112.6015
2956.989596 97.051 -113.0343
2978.417161 97.097 -113.4735
3000.000000 97.140 -113.9182
3021.739237 97.182 -114.3679
3043.636005 97.221 -114.8217
3065.691446 97.258 -115.2789
3087.906710 97.293 -115.7387
3110.282955 97.326 -116.2005
3132.821347 97.358 -116.6637
3155.523062 97.387 -117.1279
3178.389283 97.415 -117.5927
3201.421202 97.441 -118.0579
3224.620020 97.465 -118.5232
3247.986946 97.488 -118.9881
3271.523198 97.509 -119.4524
3295.230004 97.529 -119.9159
3319.108599 97.548 -120.3784
3343.160228 97.565 -120.8401
3367.386145 97.581 -121.3010
3391.787613 97.596 -121.7612
3416.365904 97.610 -122.2207
3441.122300 97.624 -122.6797
3466.058091 97.636 -123.1382
3491.174576 97.647 -123.5965
3516.473066 97.658 -124.0548
3541.954880 97.668 -124.5137
3567.621345 97.677 -124.9734
3593.473800 97.686 -125.4344
3619.513592 97.694 -125.8971
3645.742080 97.701 -126.3618
3672.160630 97.707 -126.8287
3698.770620 97.713 -127.2980
3725.573436 97.718 -127.7698
3752.570477 97.723 -128.2442
3779.763150 97.727 -128.7214
3807.152872 97.730 -129.2015
3834.741071 97.733 -129.6850
3862.529185 97.735 -130.1724
3890.518664 97.736 -130.6640
3918.710966 97.737 -131.1603
3947.107561 97.737 -131.6620
3975.709929 97.736 -132.1697
4004.519563 97.734 -132.6839
4033.537962 97.731 -133.2048
4062.766641 97.727 -133.7324
4092.207123 97.722 -134.2661
4121.860942 97.715 -134.8053
4151.729646 97.706 -135.3492
4181.814790 97.696 -135.8972
4212.117944 97.685 -136.4484
4242.640687 97.673 -137.0022
4273.384610 97.659 -137.5578
4304.351317 97.644 -138.1148
4335.542421 97.628 -138.6726
4366.959549 97.610 -139.2310
4398.604338 97.591 -139.7897
4430.478438 97.572 -140.3488
4462.583511 97.551 -140.9084
4494.921231 97.529 -141.4688
4527.493283 97.506 -142.0300
4560.301365 97.482 -142.5928
4593.347189 97.458 -143.1583
4626.632476 97.433 -143.7280
4660.158962 97.408 -144.3038
4693.928395 97.382 -144.8875
4727.942535 97.355 -145.4807
4762.203156 97.327 -146.0850
4796.712043 97.298 -146.7017
4831.470996 97.268 -147.3319
4866.481826 97.236 -147.9762
4901.746360 97.201 -148.6352
4937.266434 97.165 -149.3095
4973.043902 97.125 -149.9997
5009.080628 97.082 -150.7062
5045.378492 97.035 -151.4292
5081.939384 96.984 -152.1680
5118.765212 96.928 -152.9210
5155.857894 96.866 -153.6855
5193.219366 96.798 -154.4576
5230.851574 96.723 -155.2323
5268.756481 96.640 -156.0031
5306.936062 96.550 -156.7629
5345.392309 96.450 -157.5033
5384.127225 96.343 -158.2157
5423.142830 96.227 -158.8909
5462.441159 96.104 -159.5199
5502.024259 95.974 -160.0943
5541.894195 95.838 -160.6067
5582.053045 95.697 -161.0515
5622.502902 95.553 -161.4253
5663.245876 95.406 -161.7279
5704.284090 95.258 -161.9605
5745.619684 95.109 -162.1248
5787.254813 94.958 -162.2221
5829.191647 94.808 -162.2527
5871.432373 94.659 -162.2160
5913.979192 94.512 -162.1116
5956.834323 94.369 -161.9400
6000.000000 94.231 -161.7034
6043.478473 94.098 -161.4045
6087.272010 93.971 -161.0469
6131.382892 93.851 -160.6342
6175.813420 93.738 -160.1702
6220.565910 93.633 -159.6587
6265.642695 93.537 -159.1029
6311.046124 93.449 -158.5060
6356.778566 93.370 -157.8712
6402.842404 93.302 -157.2014
6449.240040 93.244 -156.4994
6495.973891 93.198 -155.7676
6543.046396 93.163 -155.0092
6590.460007 93.142 -154.2277
6638.217197 93.135 -153.4279
6686.320456 93.143 -152.6157
6734.772290 93.167 -151.7982
6783.575226 93.209 -150.9841
6832.731809 93.269 -150.1836
6882.244600 93.349 -149.4090
6932.116181 93.449 -148.6739
6982.349153 93.570 -147.9939
7032.946133 93.714 -147.3858
7083.909760 93.880 -146.8685
7135.242690 94.070 -146.4631
7186.947600 94.283 -146.1932
7239.027185 94.518 -146.0854
7291.484160 94.777 -146.1698
7344.321260 95.058 -146.4810
7397.541239 95.358 -147.0584
7451.146872 95.676 -147.9468
7505.140954 96.006 -149.1956
7559.526299 96.340 -150.8565
7614.305743 96.667 -152.9773
7669.482141 96.974 -155.5907
7725.058371 97.244 -158.7005
7781.037328 97.459 -162.2703
7837.421932 97.606 -166.2223
7894.215122 97.675 -170.4495
7951.419859 97.659 -174.8321
8009.039125 97.558 -179.2461
8067.075924 97.371 176.4347
8125.533282 97.101 172.3370
8184.414245 96.756 168.5811
8243.721885 96.348 165.2690
8303.459292 95.893 162.4716
8363.629581 95.410 160.2186
8424.235888 94.920 158.4935
8485.281374 94.441 157.2348
8546.769221 93.991 156.3431
8608.702634 93.580 155.6941
8671.084842 93.215 155.1535
8733.919097 92.895 154.5936
8797.208675 92.610 153.9091
8860.956876 92.346 153.0302
8925.167022 92.088 151.9309
8989.842461 91.818 150.6307
9054.986566 91.520 149.1882
9120.602731 91.183 147.6880
9186.694378 90.803 146.2257
9253.264952 90.377 144.8938
9320.317925 89.910 143.7716
9387.856790 89.407 142.9202
9455.885071 88.876 142.3792
9524.406312 88.326 142.1649
9593.424086 87.766 142.2741
9662.941992 87.201 142.6945
9732.963653 86.640 143.4149
9803.492719 86.084 144.4299
9874.532869 85.538 145.7414
9946.087805 85.006 147.3588
10018.161257 84.491 149.2973
10090.756983 83.999 151.5761
10163.878768 83.537 154.2141
10237.530423 83.114 157.2229
10311.715789 82.742 160.5952
10386.438732 82.436 164.2913
10461.703149 82.209 168.2277
10537.512962 82.072 172.2746
10613.872125 82.028 176.2692
10690.784618 82.074 -179.9580
10768.254450 82.195 -176.5502
10846.285661 82.374 -173.5996
10924.882318 82.590 -171.1395
11004.048518 82.823 -169.1502
11083.788390 83.058 -167.5763
11164.106090 83.284 -166.3430
11245.005805 83.494 -165.3701
11326.491752 83.685 -164.5812
11408.568180 83.857 -163.9078
11491.239368 84.012 -163.2916
11574.509626 84.153 -162.6846
11658.383294 84.283 -162.0495
11742.864745 84.408 -161.3616
11827.958384 84.530 -160.6095
11913.668646 84.653 -159.7935
12000.000000 84.779 -158.9221
12086.956947 84.911 -158.0067
12174.544019 85.052 -157.0587
12262.765784 85.203 -156.0888
12351.626840 85.367 -155.1061
12441.131819 85.545 -154.1192
12531.285389 85.740 -153.1364
12622.092249 85.953 -152.1666
12713.557132 86.188 -151.2202
12805.684808 86.448 -150.3102
12898.480079 86.736 -149.4540
12991.947783 87.055 -148.6759
13086.092792 87.409 -148.0094
13180.920015 87.802 -147.4983
13276.434395 88.236 -147.1982
13372.640911 88.711 -147.1766
13469.544580 89.223 -147.5112
13567.150452 89.767 -148.2858
13665.463617 90.331 -149.5829
13764.489200 90.900 -151.4737
13864.232362 91.455 -154.0078
13964.698305 91.974 -157.2034
14065.892266 92.435 -161.0396
14167.819519 92.815 -165.4514
14270.485380 93.095 -170.3291
14373.895200 93.262 -175.5228
14478.054370 93.308 179.1463
14582.968320 93.237 173.8652
14688.642520 93.057 168.8061
14795.082478 92.786 164.1042
14902.293745 92.446 159.8451
15010.281908 92.058 156.0611
15119.052599 91.647 152.7355
15228.611486 91.229 149.8134
15338.964283 90.818 147.2151
15450.116741 90.423 144.8508
15562.074656 90.045 142.6339
15674.843864 89.681 140.4916
15788.430244 89.325 138.3720
15902.839718 88.965 136.2484
16018.078250 88.594 134.1206
16134.151848 88.200 132.0142
16251.066563 87.776 129.9760
16368.828491 87.316 128.0683
16487.443769 86.819 126.3607
16606.918584 86.284 124.9231
16727.259161 85.718 123.8191
16848.471777 85.128 123.0999
16970.562748 84.522 122.8012
17093.538442 83.912 122.9416
17217.405268 83.308 123.5217
17342.169684 82.720 124.5264
17467.838194 82.159 125.9275
17594.417350 81.632 127.6874
17721.913751 81.146 129.7624
17850.334044 80.706 132.1060
17979.684923 80.315 134.6727
18109.973131 79.975 137.4207
18241.205462 79.687 140.3142
18373.388756 79.454 143.3225
18506.529905 79.277 146.4177
18640.635849 79.158 149.5703
18775.713581 79.102 152.7424
18911.770141 79.112 155.8793
19048.812624 79.189 158.9026
19186.848172 79.333 161.7118
19325.883983 79.532 164.1963
19465.927305 79.769 166.2569
19606.985439 80.018 167.8308
19749.065738 80.246 168.9092
19892.175609 80.421 169.5417
20036.322514 80.515 169.8180
