* Measurement data measured by REW V5.30.4
* Source: EXCL: Microphone (Realtek(R) Audio), MICROPHONE (Master Volume), L, volume: 1.000
* Format: 256k Log Swept Sine, 1 sweep at -19.0 dBFS with no timing reference
* Dated: Jan 16, 2024 12:13:29 AM
* REW Settings:
*  C-weighting compensation: Off
*  Target level: 75.0 dB
* Note: ND ND-001 L
* Measurement: L ND ND-001
* Smoothing: 1/12 octave
* Frequency Step: 96 ppo
* Start Frequency: 0.36621094 Hz
*
* Freq(Hz) SPL(dB) Phase(degrees)
0.366211 98.710 -21.2545
0.368865 98.704 -21.2747
0.371538 98.696 -21.3050
0.374230 98.685 -21.3431
0.376942 98.673 -21.3871
0.379673 98.661 -21.4354
0.382424 98.648 -21.4873
0.385196 98.634 -21.5420
0.387987 98.621 -21.5993
0.390798 98.607 -21.6591
0.393630 98.593 -21.7211
0.396483 98.579 -21.7854
0.399356 98.564 -21.8520
0.402250 98.550 -21.9208
0.405165 98.536 -21.9920
0.408101 98.521 -22.0654
0.411058 98.506 -22.1412
0.414037 98.492 -22.2194
0.417037 98.477 -22.2999
0.420059 98.462 -22.3828
0.423103 98.447 -22.4681
0.426169 98.431 -22.5558
0.429257 98.416 -22.6460
0.432367 98.401 -22.7386
0.435501 98.385 -22.8338
0.438656 98.369 -22.9314
0.441835 98.354 -23.0316
0.445037 98.338 -23.1342
0.448262 98.322 -23.2395
0.451510 98.306 -23.3473
0.454782 98.289 -23.4577
0.458077 98.273 -23.5707
0.461397 98.257 -23.6863
0.464740 98.240 -23.8045
0.468108 98.223 -23.9253
0.471500 98.206 -24.0488
0.474917 98.189 -24.1749
0.478358 98.172 -24.3037
0.481825 98.155 -24.4352
0.485316 98.138 -24.5693
0.488833 98.120 -24.7061
0.492375 98.103 -24.8456
0.495943 98.085 -24.9878
0.499537 98.067 -25.1326
0.503157 98.049 -25.2802
0.506803 98.031 -25.4304
0.510475 98.013 -25.5832
0.514174 97.995 -25.7388
0.517900 97.976 -25.8969
0.521653 97.958 -26.0578
0.525433 97.939 -26.2212
0.529241 97.920 -26.3873
0.533076 97.901 -26.5559
0.536939 97.882 -26.7271
0.540830 97.862 -26.9009
0.544749 97.843 -27.0772
0.548696 97.823 -27.2560
0.552673 97.804 -27.4372
0.556677 97.784 -27.6209
0.560711 97.764 -27.8069
0.564774 97.744 -27.9953
0.568867 97.723 -28.1859
0.572989 97.703 -28.3788
0.577141 97.682 -28.5739
0.581324 97.662 -28.7711
0.585536 97.641 -28.9704
0.589779 97.620 -29.1716
0.594053 97.598 -29.3748
0.598358 97.577 -29.5798
0.602694 97.556 -29.7865
0.607061 97.534 -29.9949
0.611460 97.512 -30.2049
0.615891 97.490 -30.4163
0.620354 97.468 -30.6291
0.624849 97.446 -30.8431
0.629377 97.423 -31.0582
0.633938 97.401 -31.2743
0.638532 97.378 -31.4913
0.643159 97.355 -31.7090
0.647819 97.332 -31.9272
0.652514 97.308 -32.1458
0.657242 97.285 -32.3646
0.662005 97.261 -32.5834
0.666802 97.238 -32.8021
0.671634 97.214 -33.0204
0.676501 97.189 -33.2382
0.681403 97.165 -33.4552
0.686341 97.141 -33.6712
0.691314 97.116 -33.8860
0.696324 97.091 -34.0993
0.701369 97.066 -34.3109
0.706452 97.040 -34.5206
0.711571 97.014 -34.7284
0.716727 96.987 -34.9341
0.721921 96.959 -35.1380
0.727153 96.930 -35.3404
0.732422 96.898 -35.5419
0.737729 96.865 -35.7435
0.743075 96.830 -35.9459
0.748460 96.793 -36.1501
0.753883 96.754 -36.3566
0.759346 96.714 -36.5658
0.764849 96.674 -36.7779
0.770391 96.632 -36.9932
0.775974 96.590 -37.2118
0.781597 96.547 -37.4336
0.787261 96.503 -37.6588
0.792965 96.459 -37.8872
0.798712 96.414 -38.1190
0.804499 96.368 -38.3542
0.810329 96.322 -38.5926
0.816201 96.274 -38.8343
0.822116 96.226 -39.0792
0.828073 96.177 -39.3273
0.834073 96.128 -39.5786
0.840118 96.078 -39.8331
0.846205 96.026 -40.0905
0.852337 95.974 -40.3510
0.858514 95.922 -40.6143
0.864735 95.868 -40.8805
0.871001 95.814 -41.1494
0.877313 95.758 -41.4209
0.883670 95.702 -41.6949
0.890074 95.645 -41.9712
0.896523 95.587 -42.2496
0.903020 95.528 -42.5301
0.909564 95.468 -42.8124
0.916155 95.407 -43.0963
0.922793 95.346 -43.3815
0.929480 95.283 -43.6679
0.936216 95.219 -43.9551
0.943000 95.155 -44.2429
0.949833 95.089 -44.5308
0.956716 95.022 -44.8186
0.963649 94.954 -45.1060
0.970632 94.886 -45.3923
0.977666 94.816 -45.6773
0.984750 94.745 -45.9604
0.991886 94.672 -46.2412
0.999074 94.599 -46.5189
1.006313 94.525 -46.7931
1.013605 94.449 -47.0631
1.020950 94.372 -47.3282
1.028349 94.294 -47.5875
1.035801 94.215 -47.8405
1.043306 94.134 -48.0861
1.050867 94.053 -48.3234
1.058482 93.970 -48.5516
1.066152 93.885 -48.7696
1.073878 93.799 -48.9765
1.081659 93.711 -49.1713
1.089498 93.621 -49.3529
1.097393 93.530 -49.5208
1.105345 93.435 -49.6741
1.113355 93.337 -49.8123
1.121422 93.237 -49.9351
1.129549 93.132 -50.0420
1.137734 93.024 -50.1326
1.145978 92.913 -50.2067
1.154283 92.797 -50.2638
1.162647 92.679 -50.3035
1.171072 92.557 -50.3255
1.179558 92.432 -50.3291
1.188106 92.304 -50.3140
1.196715 92.173 -50.2796
1.205387 92.040 -50.2255
1.214122 91.904 -50.1511
1.222920 91.767 -50.0559
1.231781 91.627 -49.9392
1.240708 91.486 -49.8005
1.249698 91.343 -49.6392
1.258754 91.199 -49.4546
1.267875 91.055 -49.2462
1.277063 90.910 -49.0133
1.286317 90.764 -48.7554
1.295638 90.619 -48.4719
1.305027 90.475 -48.1622
1.314484 90.331 -47.8258
1.324009 90.188 -47.4623
1.333603 90.047 -47.0713
1.343267 89.908 -46.6526
1.353001 89.772 -46.2059
1.362805 89.638 -45.7312
1.372681 89.508 -45.2287
1.382628 89.381 -44.6985
1.392647 89.259 -44.1412
1.402739 89.142 -43.5571
1.412904 89.029 -42.9469
1.423142 88.923 -42.3111
1.433455 88.823 -41.6496
1.443842 88.729 -40.9617
1.454305 88.642 -40.2456
1.464843 88.561 -39.4979
1.475458 88.486 -38.7141
1.486150 88.417 -37.8893
1.496919 88.353 -37.0194
1.507766 88.294 -36.1014
1.518692 88.240 -35.1340
1.529697 88.191 -34.1170
1.540782 88.146 -33.0511
1.551947 88.106 -31.9382
1.563193 88.071 -30.7808
1.574521 88.041 -29.5819
1.585931 88.015 -28.3456
1.597423 87.993 -27.0760
1.608998 87.977 -25.7781
1.620658 87.965 -24.4575
1.632402 87.958 -23.1198
1.644231 87.956 -21.7712
1.656146 87.959 -20.4183
1.668147 87.966 -19.0675
1.680235 87.978 -17.7256
1.692410 87.995 -16.3991
1.704674 88.017 -15.0947
1.717027 88.044 -13.8185
1.729469 88.075 -12.5764
1.742002 88.112 -11.3740
1.754625 88.153 -10.2162
1.767340 88.199 -9.1074
1.780147 88.251 -8.0510
1.793046 88.308 -7.0496
1.806040 88.371 -6.1046
1.819127 88.441 -5.2160
1.832309 88.519 -4.3826
1.845587 88.605 -3.6024
1.858961 88.701 -2.8731
1.872431 88.806 -2.1929
1.886000 88.922 -1.5606
1.899666 89.047 -0.9756
1.913432 89.183 -0.4374
1.927298 89.327 0.0544
1.941264 89.479 0.5004
1.955331 89.639 0.9011
1.969500 89.805 1.2574
1.983772 89.978 1.5700
1.998147 90.155 1.8400
2.012626 90.336 2.0683
2.027211 90.520 2.2562
2.041901 90.705 2.4046
2.056697 90.892 2.5146
2.071601 91.078 2.5874
2.086613 91.262 2.6237
2.101733 91.444 2.6245
2.116963 91.622 2.5904
2.132303 91.796 2.5219
2.147755 91.964 2.4192
2.163318 92.125 2.2821
2.178995 92.281 2.1103
2.194785 92.430 1.9030
2.210689 92.573 1.6595
2.226709 92.712 1.3794
2.242844 92.847 1.0633
2.259097 92.978 0.7123
2.275467 93.106 0.3281
2.291956 93.231 -0.0867
2.308565 93.354 -0.5299
2.325294 93.474 -0.9986
2.342144 93.592 -1.4904
2.359116 93.708 -2.0026
2.376211 93.821 -2.5329
2.393430 93.932 -3.0788
2.410774 94.040 -3.6383
2.428243 94.147 -4.2092
2.445839 94.251 -4.7899
2.463562 94.353 -5.3788
2.481415 94.453 -5.9748
2.499396 94.551 -6.5773
2.517508 94.647 -7.1866
2.535750 94.740 -7.8040
2.554126 94.831 -8.4317
2.572634 94.920 -9.0729
2.591276 95.005 -9.7312
2.610054 95.088 -10.4090
2.628967 95.167 -11.1078
2.648018 95.243 -11.8274
2.667206 95.316 -12.5665
2.686534 95.387 -13.3231
2.706002 95.454 -14.0947
2.725610 95.518 -14.8784
2.745361 95.580 -15.6712
2.765255 95.640 -16.4700
2.785294 95.697 -17.2718
2.805477 95.752 -18.0734
2.825807 95.806 -18.8720
2.846284 95.858 -19.6652
2.866909 95.908 -20.4512
2.887684 95.956 -21.2292
2.908609 96.003 -21.9996
2.929686 96.048 -22.7644
2.950916 96.091 -23.5266
2.972299 96.132 -24.2895
2.993838 96.170 -25.0557
3.015532 96.206 -25.8267
3.037384 96.239 -26.6026
3.059394 96.270 -27.3830
3.081564 96.298 -28.1663
3.103894 96.325 -28.9508
3.126386 96.350 -29.7342
3.149041 96.374 -30.5140
3.171861 96.397 -31.2877
3.194845 96.418 -32.0527
3.217996 96.439 -32.8065
3.241315 96.460 -33.5473
3.264803 96.479 -34.2736
3.288461 96.498 -34.9854
3.312291 96.517 -35.6833
3.336293 96.534 -36.3689
3.360469 96.550 -37.0438
3.384820 96.564 -37.7093
3.409348 96.578 -38.3661
3.434054 96.591 -39.0144
3.458938 96.603 -39.6539
3.484003 96.615 -40.2840
3.509250 96.627 -40.9037
3.534679 96.640 -41.5116
3.560293 96.654 -42.1063
3.586092 96.669 -42.6861
3.612079 96.686 -43.2490
3.638253 96.705 -43.7932
3.664618 96.726 -44.3172
3.691173 96.748 -44.8199
3.717921 96.772 -45.3011
3.744862 96.798 -45.7615
3.771999 96.825 -46.2027
3.799332 96.854 -46.6267
3.826864 96.885 -47.0361
3.854595 96.918 -47.4335
3.882527 96.954 -47.8215
3.910661 96.992 -48.2025
3.938999 97.034 -48.5784
3.967543 97.079 -48.9506
3.996294 97.128 -49.3192
4.025252 97.182 -49.6836
4.054421 97.239 -50.0424
4.083801 97.300 -50.3942
4.113394 97.366 -50.7387
4.143201 97.435 -51.0768
4.173225 97.508 -51.4108
4.203466 97.585 -51.7435
4.233926 97.664 -52.0784
4.264606 97.747 -52.4190
4.295509 97.833 -52.7685
4.326636 97.921 -53.1297
4.357989 98.012 -53.5042
4.389569 98.106 -53.8925
4.421378 98.203 -54.2939
4.453417 98.303 -54.7072
4.485688 98.406 -55.1313
4.518193 98.512 -55.5658
4.550934 98.620 -56.0110
4.583912 98.729 -56.4676
4.617129 98.841 -56.9369
4.650587 98.952 -57.4203
4.684287 99.065 -57.9193
4.718231 99.177 -58.4351
4.752421 99.289 -58.9687
4.786859 99.400 -59.5202
4.821547 99.512 -60.0891
4.856485 99.623 -60.6740
4.891677 99.735 -61.2730
4.927125 99.845 -61.8840
4.962829 99.955 -62.5051
4.998791 100.063 -63.1344
5.035015 100.170 -63.7708
5.071500 100.275 -64.4135
5.108251 100.378 -65.0627
5.145267 100.479 -65.7187
5.182552 100.577 -66.3820
5.220107 100.673 -67.0522
5.257934 100.767 -67.7276
5.296035 100.858 -68.4057
5.334412 100.947 -69.0835
5.373067 101.034 -69.7579
5.412003 101.119 -70.4263
5.451221 101.201 -71.0869
5.490722 101.280 -71.7390
5.530510 101.357 -72.3828
5.570587 101.432 -73.0186
5.610953 101.504 -73.6462
5.651613 101.573 -74.2646
5.692567 101.641 -74.8718
5.733818 101.707 -75.4656
5.775367 101.771 -76.0435
5.817218 101.834 -76.6039
5.859372 101.895 -77.1454
5.901831 101.956 -77.6679
5.944598 102.015 -78.1717
5.987675 102.073 -78.6573
6.031065 102.131 -79.1250
6.074768 102.188 -79.5750
6.118788 102.245 -80.0072
6.163127 102.303 -80.4213
6.207788 102.361 -80.8168
6.252772 102.420 -81.1937
6.298082 102.480 -81.5524
6.343721 102.542 -81.8939
6.389690 102.604 -82.2201
6.435992 102.668 -82.5333
6.482630 102.733 -82.8357
6.529606 102.800 -83.1292
6.576922 102.869 -83.4154
6.624581 102.939 -83.6952
6.672585 103.012 -83.9693
6.720938 103.087 -84.2390
6.769640 103.163 -84.5064
6.818696 103.241 -84.7737
6.868107 103.321 -85.0434
6.917876 103.401 -85.3177
6.968006 103.483 -85.5979
7.018499 103.566 -85.8848
7.069358 103.650 -86.1788
7.120586 103.734 -86.4802
7.172184 103.819 -86.7897
7.224157 103.904 -87.1079
7.276506 103.988 -87.4355
7.329235 104.071 -87.7731
7.382345 104.154 -88.1206
7.435841 104.236 -88.4776
7.489724 104.317 -88.8431
7.543997 104.396 -89.2161
7.598664 104.474 -89.5954
7.653728 104.550 -89.9801
7.709189 104.624 -90.3694
7.765053 104.696 -90.7628
7.821322 104.766 -91.1592
7.877998 104.834 -91.5574
7.935086 104.901 -91.9559
7.992587 104.965 -92.3531
8.050504 105.027 -92.7478
8.108841 105.088 -93.1394
8.167601 105.147 -93.5272
8.226787 105.204 -93.9107
8.286402 105.260 -94.2895
8.346449 105.315 -94.6628
8.406931 105.368 -95.0302
8.467851 105.421 -95.3915
8.529212 105.473 -95.7467
8.591018 105.524 -96.0965
8.653272 105.575 -96.4413
8.715977 105.626 -96.7819
8.779137 105.677 -97.1189
8.842754 105.727 -97.4530
8.906833 105.778 -97.7849
8.971375 105.829 -98.1155
9.036386 105.879 -98.4460
9.101867 105.930 -98.7776
9.167823 105.981 -99.1111
9.234257 106.032 -99.4474
9.301172 106.083 -99.7870
9.368572 106.134 -100.1305
9.436460 106.184 -100.4783
9.504841 106.234 -100.8311
9.573717 106.284 -101.1889
9.643092 106.333 -101.5518
9.712970 106.381 -101.9197
9.783354 106.428 -102.2920
9.854248 106.475 -102.6685
9.925656 106.521 -103.0486
9.997581 106.566 -103.4319
10.070028 106.610 -103.8179
10.143000 106.653 -104.2059
10.216500 106.695 -104.5950
10.290533 106.737 -104.9849
10.365103 106.778 -105.3750
10.440212 106.818 -105.7650
10.515866 106.858 -106.1546
10.592069 106.897 -106.5437
10.668823 106.936 -106.9322
10.746134 106.975 -107.3201
10.824005 107.014 -107.7078
10.902440 107.053 -108.0956
10.981443 107.093 -108.4840
11.061020 107.132 -108.8734
11.141172 107.172 -109.2642
11.221906 107.212 -109.6571
11.303225 107.252 -110.0526
11.385133 107.293 -110.4511
11.467634 107.334 -110.8529
11.550734 107.375 -111.2583
11.634435 107.416 -111.6674
11.718742 107.457 -112.0800
11.803661 107.497 -112.4962
11.889195 107.538 -112.9155
11.975349 107.578 -113.3376
12.062128 107.619 -113.7619
12.149535 107.658 -114.1878
12.237576 107.698 -114.6148
12.326254 107.737 -115.0422
12.415575 107.776 -115.4693
12.505544 107.815 -115.8955
12.596164 107.853 -116.3204
12.687441 107.891 -116.7436
12.779379 107.929 -117.1647
12.871984 107.968 -117.5836
12.965260 108.006 -118.0002
13.059211 108.044 -118.4144
13.153843 108.083 -118.8264
13.249161 108.121 -119.2363
13.345170 108.160 -119.6443
13.441875 108.199 -120.0506
13.539280 108.238 -120.4553
13.637391 108.277 -120.8585
13.736214 108.316 -121.2602
13.835752 108.354 -121.6604
13.936011 108.393 -122.0590
14.036998 108.431 -122.4557
14.138716 108.470 -122.8504
14.241171 108.507 -123.2425
14.344368 108.545 -123.6319
14.448313 108.582 -124.0182
14.553011 108.619 -124.4011
14.658468 108.655 -124.7803
14.764689 108.691 -125.1556
14.871680 108.727 -125.5271
14.979446 108.762 -125.8946
15.087994 108.797 -126.2585
15.197328 108.832 -126.6188
15.307454 108.867 -126.9759
15.418378 108.901 -127.3302
15.530106 108.935 -127.6820
15.642643 108.969 -128.0318
15.755996 109.002 -128.3799
15.870171 109.036 -128.7267
15.985172 109.068 -129.0724
16.101007 109.100 -129.4173
16.217682 109.132 -129.7614
16.335201 109.163 -130.1050
16.453573 109.193 -130.4479
16.572803 109.222 -130.7902
16.692898 109.251 -131.1319
16.813862 109.279 -131.4728
16.935701 109.307 -131.8132
17.058424 109.334 -132.1530
17.182035 109.360 -132.4923
17.306543 109.386 -132.8315
17.431953 109.411 -133.1708
17.558273 109.436 -133.5106
17.685509 109.460 -133.8514
17.813665 109.484 -134.1938
17.942751 109.508 -134.5383
18.072771 109.531 -134.8855
18.203733 109.553 -135.2359
18.335646 109.575 -135.5898
18.468513 109.597 -135.9475
18.602345 109.618 -136.3091
18.737144 109.638 -136.6742
18.872921 109.657 -137.0425
19.009682 109.676 -137.4132
19.147434 109.693 -137.7852
19.286184 109.709 -138.1576
19.425940 109.724 -138.5289
19.566708 109.739 -138.8980
19.708496 109.753 -139.2637
19.851313 109.766 -139.6251
19.995163 109.780 -139.9816
20.140057 109.793 -140.3330
20.285999 109.806 -140.6796
20.433001 109.821 -141.0220
20.581066 109.836 -141.3612
20.730206 109.851 -141.6983
20.880424 109.868 -142.0345
21.031733 109.885 -142.3708
21.184137 109.903 -142.7081
21.337646 109.921 -143.0465
21.492268 109.940 -143.3860
21.648010 109.959 -143.7259
21.804880 109.977 -144.0653
21.962887 109.996 -144.4032
22.122040 110.014 -144.7385
22.282345 110.033 -145.0706
22.443811 110.052 -145.3993
22.606449 110.071 -145.7248
22.770266 110.091 -146.0481
22.935268 110.111 -146.3706
23.101467 110.132 -146.6938
23.268869 110.153 -147.0190
23.437485 110.174 -147.3475
23.607323 110.194 -147.6796
23.778391 110.214 -148.0150
23.950699 110.233 -148.3525
24.124256 110.250 -148.6904
24.299070 110.265 -149.0263
24.475151 110.279 -149.3581
24.652508 110.291 -149.6838
24.831150 110.303 -150.0019
25.011087 110.313 -150.3121
25.192327 110.324 -150.6145
25.374882 110.334 -150.9105
25.558758 110.344 -151.2015
25.743967 110.354 -151.4897
25.930519 110.365 -151.7769
26.118422 110.376 -152.0646
26.307686 110.386 -152.3540
26.498322 110.396 -152.6459
26.690340 110.406 -152.9405
26.883749 110.416 -153.2377
27.078560 110.425 -153.5374
27.274782 110.433 -153.8389
27.472427 110.441 -154.1417
27.671503 110.448 -154.4447
27.872023 110.455 -154.7468
28.073996 110.460 -155.0463
28.277431 110.466 -155.3418
28.482342 110.471 -155.6317
28.688736 110.477 -155.9155
28.896626 110.484 -156.1933
29.106022 110.492 -156.4669
29.316936 110.501 -156.7390
29.529379 110.513 -157.0136
29.743361 110.526 -157.2948
29.958893 110.541 -157.5862
30.175987 110.556 -157.8902
30.394655 110.571 -158.2071
30.614908 110.584 -158.5352
30.836756 110.596 -158.8708
31.060211 110.606 -159.2091
31.285286 110.614 -159.5451
31.511992 110.620 -159.8745
31.740341 110.625 -160.1943
31.970345 110.629 -160.5036
32.202015 110.633 -160.8029
32.435364 110.637 -161.0939
32.670403 110.641 -161.3784
32.907146 110.645 -161.6580
33.145607 110.649 -161.9335
33.385796 110.652 -162.2051
33.627724 110.656 -162.4724
33.871403 110.660 -162.7356
34.116848 110.663 -162.9952
34.364071 110.668 -163.2531
34.613087 110.672 -163.5115
34.863907 110.678 -163.7733
35.116547 110.684 -164.0405
35.371017 110.689 -164.3147
35.627331 110.694 -164.5959
35.885502 110.699 -164.8832
36.145542 110.702 -165.1746
36.407467 110.705 -165.4683
36.671291 110.706 -165.7625
36.937027 110.708 -166.0560
37.204689 110.708 -166.3481
37.474289 110.709 -166.6387
37.745842 110.709 -166.9279
38.019363 110.709 -167.2160
38.294868 110.709 -167.5029
38.572369 110.709 -167.7881
38.851879 110.709 -168.0712
39.133415 110.709 -168.3508
39.416992 110.708 -168.6257
39.702625 110.707 -168.8946
39.990326 110.707 -169.1570
40.280113 110.707 -169.4137
40.571999 110.708 -169.6666
40.866001 110.709 -169.9188
41.162132 110.711 -170.1732
41.460411 110.713 -170.4316
41.760849 110.715 -170.6938
42.063465 110.715 -170.9573
42.368275 110.714 -171.2181
42.675293 110.712 -171.4728
42.984535 110.709 -171.7200
43.296021 110.707 -171.9611
43.609760 110.705 -172.1998
43.925774 110.703 -172.4408
44.244080 110.702 -172.6870
44.564690 110.699 -172.9389
44.887623 110.696 -173.1938
45.212898 110.691 -173.4477
45.540531 110.686 -173.6970
45.870537 110.680 -173.9408
46.202934 110.675 -174.1810
46.537739 110.670 -174.4215
46.874969 110.667 -174.6663
47.214645 110.663 -174.9179
47.556782 110.660 -175.1763
47.901398 110.655 -175.4393
48.248512 110.649 -175.7039
48.598141 110.643 -175.9670
48.950302 110.636 -176.2267
49.305016 110.629 -176.4824
49.662300 110.622 -176.7339
50.022175 110.614 -176.9814
50.384655 110.606 -177.2244
50.749763 110.599 -177.4617
51.117516 110.591 -177.6919
51.487934 110.583 -177.9145
51.861038 110.577 -178.1303
52.236843 110.571 -178.3424
52.615372 110.567 -178.5548
52.996643 110.564 -178.7711
53.380680 110.560 -178.9930
53.767498 110.557 -179.2201
54.157120 110.553 -179.4508
54.549564 110.548 -179.6836
54.944855 110.542 -179.9182
55.343006 110.535 179.8458
55.744045 110.528 179.6090
56.147991 110.520 179.3733
56.554863 110.511 179.1396
56.964684 110.501 178.9067
57.377472 110.492 178.6725
57.793251 110.483 178.4355
58.212044 110.472 178.1981
58.633873 110.461 177.9652
59.058758 110.450 177.7407
59.486721 110.440 177.5228
59.917786 110.433 177.3044
60.351974 110.428 177.0770
60.789310 110.423 176.8364
61.229816 110.419 176.5847
61.673512 110.414 176.3265
62.120422 110.408 176.0645
62.570572 110.402 175.7990
63.023983 110.395 175.5305
63.480682 110.388 175.2622
63.940689 110.379 174.9992
64.404030 110.370 174.7439
64.870728 110.361 174.4933
65.340805 110.353 174.2421
65.814293 110.344 173.9871
66.291214 110.334 173.7320
66.771591 110.321 173.4846
67.255447 110.307 173.2520
67.742805 110.293 173.0371
68.233696 110.280 172.8381
68.728142 110.267 172.6512
69.226173 110.256 172.4727
69.727814 110.246 172.2993
70.233093 110.236 172.1282
70.742035 110.227 171.9574
71.254662 110.218 171.7867
71.771004 110.209 171.6167
72.291084 110.201 171.4454
72.814934 110.192 171.2660
73.342583 110.184 171.0697
73.874054 110.175 170.8517
74.409378 110.163 170.6158
74.948578 110.147 170.3724
75.491684 110.129 170.1310
76.038727 110.110 169.8942
76.589737 110.092 169.6581
77.144737 110.075 169.4172
77.703758 110.058 169.1679
78.266830 110.042 168.9102
78.833984 110.027 168.6465
79.405251 110.011 168.3812
79.980652 109.996 168.1182
80.560226 109.981 167.8596
81.143997 109.966 167.6039
81.732002 109.952 167.3474
82.324265 109.938 167.0872
82.920822 109.922 166.8248
83.521698 109.904 166.5643
84.126930 109.883 166.3109
84.736549 109.860 166.0675
85.350586 109.836 165.8339
85.969070 109.810 165.6080
86.592041 109.785 165.3875
87.219521 109.758 165.1722
87.851547 109.732 164.9637
88.488159 109.706 164.7631
89.129379 109.682 164.5687
89.775246 109.660 164.3763
90.425797 109.639 164.1820
91.081062 109.619 163.9839
91.741074 109.600 163.7822
92.405869 109.581 163.5786
93.075478 109.561 163.3752
93.749939 109.540 163.1735
94.429291 109.519 162.9738
95.113564 109.497 162.7758
95.802795 109.473 162.5797
96.497025 109.449 162.3863
97.196281 109.425 162.1954
97.900604 109.400 162.0061
98.610031 109.374 161.8175
99.324600 109.349 161.6297
100.044350 109.323 161.4431
100.769310 109.296 161.2575
101.499527 109.270 161.0742
102.235031 109.243 160.8946
102.975868 109.217 160.7186
103.722076 109.192 160.5442
104.473686 109.169 160.3678
105.230743 109.147 160.1857
105.993286 109.127 159.9960
106.761360 109.109 159.8001
107.534996 109.090 159.6011
108.314240 109.072 159.4021
109.099129 109.054 159.2048
109.889709 109.034 159.0089
110.686012 109.012 158.8116
111.488091 108.987 158.6088
112.295982 108.960 158.3966
113.109726 108.930 158.1727
113.929367 108.897 157.9354
114.754944 108.864 157.6847
115.586502 108.832 157.4229
116.424088 108.800 157.1534
117.267746 108.771 156.8802
118.117516 108.741 156.6113
118.973442 108.710 156.3651
119.835571 108.675 156.1712
120.703949 108.638 156.0512
121.578621 108.603 155.9978
122.459633 108.570 155.9812
123.347023 108.539 155.9727
124.240845 108.508 155.9540
125.141144 108.477 155.9155
126.047966 108.446 155.8517
126.961365 108.414 155.7595
127.881378 108.382 155.6387
128.808060 108.349 155.4932
129.741455 108.314 155.3297
130.681610 108.277 155.1552
131.628586 108.237 154.9776
132.582428 108.194 154.8078
133.543182 108.152 154.6581
134.510895 108.114 154.5298
135.485611 108.083 154.4031
136.467392 108.060 154.2513
137.456284 108.042 154.0667
138.452347 108.024 153.8630
139.455627 108.005 153.6599
140.466187 107.984 153.4715
141.484070 107.959 153.3049
142.509323 107.931 153.1599
143.542007 107.901 153.0317
144.582169 107.868 152.9141
145.629868 107.833 152.8019
146.685165 107.798 152.6909
147.748108 107.762 152.5775
148.818756 107.725 152.4579
149.897156 107.688 152.3286
150.983368 107.650 152.1901
152.077454 107.609 152.0474
153.179474 107.567 151.9056
154.289474 107.526 151.7668
155.407516 107.486 151.6292
156.533661 107.449 151.4893
157.667969 107.417 151.3436
158.810501 107.388 151.1898
159.961304 107.360 151.0302
161.120453 107.331 150.8730
162.287994 107.300 150.7323
163.464005 107.264 150.6208
164.648529 107.226 150.5386
165.841644 107.185 150.4739
167.043396 107.142 150.4142
168.253860 107.098 150.3531
169.473099 107.054 150.2897
170.701172 107.010 150.2244
171.938141 106.969 150.1561
173.184082 106.928 150.0833
174.439041 106.889 150.0052
175.703094 106.850 149.9226
176.976318 106.810 149.8375
178.258759 106.771 149.7510
179.550491 106.732 149.6637
180.851593 106.694 149.5744
182.162125 106.657 149.4818
183.482147 106.621 149.3861
184.811737 106.583 149.2896
186.150955 106.545 149.1952
187.499878 106.505 149.1057
188.858582 106.463 149.0230
190.227127 106.420 148.9487
191.605591 106.376 148.8823
192.994049 106.332 148.8209
194.392563 106.287 148.7619
195.801208 106.242 148.7046
197.220062 106.197 148.6502
198.649200 106.152 148.6010
200.088699 106.106 148.5590
201.538620 106.060 148.5245
202.999054 106.015 148.4960
204.470062 105.970 148.4689
205.951736 105.927 148.4377
207.444153 105.884 148.3982
208.947372 105.841 148.3506
210.461487 105.797 148.2982
211.986572 105.751 148.2455
213.522720 105.704 148.1970
215.069992 105.654 148.1567
216.628479 105.604 148.1283
218.198257 105.553 148.1146
219.779419 105.504 148.1150
221.372025 105.457 148.1248
222.976181 105.412 148.1382
224.591965 105.369 148.1505
226.219452 105.325 148.1609
227.858734 105.282 148.1704
229.509888 105.237 148.1807
231.173004 105.191 148.1921
232.848175 105.145 148.2038
234.535492 105.098 148.2150
236.235031 105.051 148.2256
237.946884 105.005 148.2363
239.671143 104.958 148.2483
241.407898 104.910 148.2641
243.157242 104.859 148.2868
244.919266 104.807 148.3188
246.694046 104.753 148.3617
248.481689 104.699 148.4165
250.282288 104.645 148.4850
252.095932 104.593 148.5695
253.922729 104.544 148.6703
255.762756 104.499 148.7830
257.616119 104.458 148.8992
259.482910 104.419 149.0107
261.363220 104.378 149.1149
263.257172 104.334 149.2184
265.164856 104.286 149.3330
267.086365 104.236 149.4691
269.021790 104.185 149.6305
270.971222 104.135 149.8152
272.934784 104.087 150.0161
274.912567 104.043 150.2238
276.904694 104.001 150.4305
278.911255 103.964 150.6320
280.932373 103.931 150.8263
282.968140 103.902 151.0114
285.018646 103.876 151.1820
287.084015 103.851 151.3309
289.164337 103.827 151.4507
291.259735 103.802 151.5378
293.370331 103.774 151.5950
295.496216 103.742 151.6315
297.637512 103.707 151.6609
299.794312 103.669 151.6979
301.966736 103.629 151.7528
304.154907 103.586 151.8289
306.358948 103.542 151.9237
308.578949 103.497 152.0324
310.815033 103.451 152.1500
313.067322 103.404 152.2749
315.335938 103.356 152.4094
317.621002 103.306 152.5584
319.922607 103.257 152.7276
322.240906 103.208 152.9202
324.575989 103.160 153.1360
326.928009 103.115 153.3713
329.297058 103.071 153.6194
331.683289 103.029 153.8731
334.086792 102.988 154.1274
336.507721 102.950 154.3807
338.946198 102.912 154.6332
341.402344 102.875 154.8867
343.876282 102.839 155.1464
346.368164 102.803 155.4195
348.878082 102.767 155.7106
351.406189 102.733 156.0187
353.952637 102.699 156.3382
356.517517 102.667 156.6641
359.100983 102.636 156.9940
361.703186 102.606 157.3279
364.324249 102.577 157.6663
366.964294 102.549 158.0096
369.623474 102.523 158.3588
372.301910 102.499 158.7154
374.999756 102.477 159.0800
377.717163 102.456 159.4520
380.454254 102.438 159.8304
383.211182 102.421 160.2151
385.988098 102.406 160.6060
388.785126 102.393 161.0021
391.602417 102.383 161.4020
394.440125 102.375 161.8040
397.298401 102.370 162.2070
400.177399 102.369 162.6102
403.077240 102.370 163.0122
405.998108 102.373 163.4109
408.940125 102.378 163.8046
411.903473 102.385 164.1942
414.888306 102.394 164.5832
417.894745 102.404 164.9773
420.922974 102.416 165.3805
423.973145 102.432 165.7930
427.045441 102.452 166.2106
430.139984 102.476 166.6255
433.256958 102.504 167.0292
436.396515 102.536 167.4155
439.558838 102.572 167.7826
442.744049 102.612 168.1302
445.952362 102.655 168.4569
449.183929 102.701 168.7588
452.438904 102.750 169.0303
455.717468 102.799 169.2670
459.019775 102.848 169.4709
462.346008 102.896 169.6507
465.696350 102.942 169.8173
469.070984 102.987 169.9771
472.470062 103.034 170.1317
475.893768 103.082 170.2779
479.342285 103.132 170.4094
482.815796 103.183 170.5198
486.314484 103.235 170.6068
489.838531 103.288 170.6747
493.388092 103.341 170.7318
496.963379 103.394 170.7815
500.564575 103.448 170.8198
504.191864 103.504 170.8380
507.845459 103.560 170.8286
511.525513 103.615 170.7881
515.232239 103.668 170.7180
518.965820 103.720 170.6221
522.726440 103.770 170.5064
526.514343 103.818 170.3766
530.329712 103.864 170.2357
534.172729 103.910 170.0825
538.043579 103.954 169.9129
541.942444 103.997 169.7252
545.869568 104.038 169.5213
549.825134 104.077 169.3038
553.809387 104.114 169.0726
557.822510 104.150 168.8259
561.864746 104.183 168.5630
565.936279 104.212 168.2861
570.037292 104.238 168.0004
574.168030 104.260 167.7115
578.328674 104.279 167.4223
582.519470 104.294 167.1330
586.740662 104.307 166.8432
590.992432 104.317 166.5552
595.275024 104.325 166.2727
599.588623 104.332 165.9965
603.933472 104.338 165.7231
608.309814 104.345 165.4469
612.717896 104.350 165.1641
617.157898 104.354 164.8740
621.630066 104.355 164.5810
626.134644 104.354 164.2912
630.671875 104.351 164.0083
635.242004 104.347 163.7303
639.845215 104.342 163.4529
644.481812 104.335 163.1745
649.151978 104.327 162.8962
653.856018 104.318 162.6178
658.594116 104.310 162.3363
663.366577 104.300 162.0459
668.173584 104.289 161.7417
673.015442 104.274 161.4254
677.892395 104.255 161.1050
682.804688 104.231 160.7898
687.752563 104.203 160.4871
692.736328 104.171 160.2023
697.756165 104.135 159.9396
702.812378 104.098 159.7013
707.905273 104.060 159.4868
713.035034 104.021 159.2939
718.201965 103.982 159.1209
723.406372 103.943 158.9677
728.648499 103.905 158.8348
733.928589 103.867 158.7213
739.246948 103.831 158.6234
744.603821 103.796 158.5354
749.999512 103.764 158.4500
755.434326 103.733 158.3613
760.908508 103.703 158.2664
766.422363 103.673 158.1665
771.976196 103.642 158.0648
777.570251 103.609 157.9652
783.204834 103.576 157.8715
788.880249 103.540 157.7885
794.596802 103.504 157.7220
800.354797 103.468 157.6755
806.154480 103.433 157.6480
811.996216 103.401 157.6327
817.880249 103.372 157.6200
823.806946 103.345 157.6001
829.776611 103.319 157.5642
835.789490 103.294 157.5097
841.845947 103.267 157.4425
847.946289 103.237 157.3734
854.090881 103.206 157.3105
860.279968 103.172 157.2581
866.513916 103.138 157.2195
872.793030 103.103 157.1984
879.117676 103.068 157.1948
885.488098 103.034 157.2048
891.904724 103.001 157.2238
898.367859 102.969 157.2506
904.877808 102.939 157.2866
911.434937 102.909 157.3325
918.039551 102.882 157.3862
924.692017 102.857 157.4438
931.392700 102.834 157.4999
938.141968 102.813 157.5490
944.940125 102.794 157.5877
951.787537 102.775 157.6168
958.684570 102.757 157.6388
965.631592 102.739 157.6562
972.628967 102.721 157.6716
979.677063 102.703 157.6852
986.776184 102.684 157.6958
993.926758 102.666 157.7040
1001.129150 102.646 157.7144
1008.383728 102.628 157.7321
1015.690918 102.610 157.7579
1023.051025 102.595 157.7877
1030.464478 102.583 157.8138
1037.931641 102.574 157.8242
1045.452881 102.567 157.8069
1053.028687 102.561 157.7566
1060.659424 102.552 157.6771
1068.345459 102.541 157.5771
1076.087158 102.526 157.4664
1083.884888 102.508 157.3522
1091.739136 102.488 157.2374
1099.650269 102.465 157.1230
1107.618774 102.440 157.0098
1115.645020 102.413 156.8990
1123.729492 102.384 156.7917
1131.872559 102.353 156.6890
1140.074585 102.321 156.5917
1148.336060 102.286 156.5007
1156.657349 102.250 156.4168
1165.038940 102.213 156.3412
1173.481323 102.176 156.2763
1181.984863 102.139 156.2231
1190.550049 102.103 156.1769
1199.177246 102.068 156.1282
1207.866943 102.034 156.0659
1216.619629 102.000 155.9835
1225.435791 101.962 155.8838
1234.315796 101.921 155.7754
1243.260132 101.875 155.6683
1252.269287 101.825 155.5720
1261.343750 101.771 155.4917
1270.484009 101.714 155.4288
1279.690430 101.655 155.3840
1288.963623 101.593 155.3585
1298.303955 101.530 155.3524
1307.712036 101.466 155.3643
1317.188232 101.401 155.3917
1326.733154 101.334 155.4329
1336.347168 101.265 155.4890
1346.030884 101.194 155.5632
1355.784790 101.121 155.6596
1365.609375 101.047 155.7817
1375.505127 100.972 155.9341
1385.472656 100.896 156.1221
1395.512329 100.822 156.3481
1405.624756 100.751 156.6085
1415.810547 100.683 156.8926
1426.070068 100.618 157.1862
1436.403931 100.555 157.4797
1446.812744 100.493 157.7720
1457.296997 100.431 158.0684
1467.857178 100.368 158.3757
1478.493896 100.304 158.6983
1489.207642 100.240 159.0391
1499.999023 100.176 159.4008
1510.868652 100.111 159.7866
1521.817017 100.045 160.2004
1532.844727 99.980 160.6456
1543.952393 99.916 161.1251
1555.140503 99.854 161.6403
1566.409668 99.797 162.1877
1577.760498 99.744 162.7566
1589.193604 99.697 163.3327
1600.709595 99.653 163.9065
1612.308960 99.612 164.4770
1623.992432 99.571 165.0492
1635.760498 99.531 165.6305
1647.613892 99.491 166.2275
1659.553223 99.451 166.8451
1671.578979 99.412 167.4868
1683.691895 99.375 168.1534
1695.892578 99.339 168.8425
1708.181763 99.306 169.5513
1720.559937 99.275 170.2794
1733.027832 99.246 171.0300
1745.586060 99.219 171.8101
1758.235352 99.196 172.6286
1770.976196 99.176 173.4936
1783.809448 99.162 174.4049
1796.735718 99.156 175.3519
1809.755615 99.158 176.3171
1822.869873 99.168 177.2863
1836.079102 99.183 178.2535
1849.384033 99.204 179.2192
1862.785400 99.230 -179.8141
1876.283936 99.261 -178.8422
1889.880249 99.296 -177.8587
1903.575073 99.336 -176.8568
1917.369141 99.383 -175.8305
1931.263184 99.437 -174.7771
1945.257935 99.499 -173.6992
1959.354126 99.573 -172.6078
1973.552368 99.658 -171.5190
1987.853516 99.752 -170.4455
2002.258301 99.856 -169.3935
2016.767456 99.967 -168.3638
2031.381836 100.086 -167.3548
2046.102051 100.211 -166.3638
2060.928955 100.344 -165.3892
2075.863281 100.485 -164.4310
2090.905762 100.633 -163.4906
2106.057373 100.790 -162.5679
2121.318848 100.954 -161.6597
2136.690918 101.127 -160.7601
2152.174316 101.310 -159.8646
2167.769775 101.505 -158.9762
2183.478271 101.713 -158.1101
2199.300537 101.936 -157.2871
2215.237549 102.173 -156.5247
2231.290039 102.423 -155.8332
2247.458984 102.685 -155.2172
2263.745117 102.957 -154.6789
2280.149170 103.241 -154.2195
2296.672119 103.535 -153.8413
2313.314697 103.842 -153.5498
2330.077881 104.161 -153.3571
2346.962646 104.494 -153.2847
2363.969727 104.839 -153.3576
2381.100098 105.194 -153.5973
2398.354492 105.556 -154.0187
2415.733887 105.921 -154.6322
2433.239258 106.286 -155.4451
2450.871582 106.648 -156.4640
2468.631592 107.003 -157.6941
2486.520264 107.347 -159.1372
2504.538574 107.674 -160.7887
2522.687500 107.982 -162.6377
2540.968018 108.267 -164.6691
2559.380859 108.525 -166.8687
2577.927246 108.754 -169.2237
2596.607910 108.950 -171.7181
2615.424072 109.109 -174.3285
2634.376465 109.227 -177.0234
2653.466309 109.302 -179.7645
2672.694336 109.334 177.4917
2692.061768 109.323 174.7898
2711.569580 109.273 172.1701
2731.218750 109.187 169.6633
2751.010254 109.070 167.2898
2770.945312 108.927 165.0639
2791.024658 108.760 162.9968
2811.249512 108.575 161.0974
2831.621094 108.374 159.3715
2852.140137 108.160 157.8205
2872.807861 107.938 156.4433
2893.625488 107.709 155.2390
2914.593994 107.476 154.2087
2935.714355 107.243 153.3518
2956.987793 107.013 152.6601
2978.415283 106.789 152.1178
2999.998047 106.573 151.7057
3021.737305 106.366 151.4064
3043.634033 106.169 151.2076
3065.689453 105.980 151.1034
3087.904785 105.802 151.0909
3110.281006 105.636 151.1644
3132.819336 105.482 151.3104
3155.520996 105.343 151.5101
3178.387207 105.219 151.7448
3201.419189 105.108 151.9983
3224.617920 105.009 152.2570
3247.984863 104.922 152.5097
3271.520996 104.844 152.7491
3295.227783 104.774 152.9747
3319.106445 104.711 153.1885
3343.157959 104.656 153.3880
3367.383789 104.607 153.5630
3391.785156 104.565 153.6989
3416.363525 104.528 153.7822
3441.119873 104.494 153.8052
3466.055664 104.459 153.7670
3491.172119 104.423 153.6696
3516.470703 104.383 153.5118
3541.952393 104.337 153.2904
3567.618896 104.281 153.0054
3593.471436 104.211 152.6646
3619.511230 104.122 152.2863
3645.739746 104.010 151.9008
3672.158203 103.871 151.5541
3698.768066 103.702 151.3074
3725.570801 103.505 151.2275
3752.567871 103.285 151.3765
3779.760498 103.048 151.8051
3807.150146 102.806 152.5501
3834.738281 102.567 153.6335
3862.526367 102.344 155.0609
3890.515869 102.149 156.8132
3918.708252 101.996 158.8414
3947.104736 101.891 161.0706
3975.707031 101.841 163.4110
4004.516602 101.846 165.7708
4033.534912 101.902 168.0697
4062.763672 102.002 170.2520
4092.204102 102.140 172.2874
4121.857910 102.311 174.1620
4151.726562 102.508 175.8674
4181.811523 102.728 177.3996
4212.114746 102.965 178.7618
4242.637695 103.217 179.9667
4273.381836 103.482 -178.9708
4304.348633 103.760 -178.0426
4335.539551 104.051 -177.2508
4366.956543 104.355 -176.6049
4398.601074 104.671 -176.1184
4430.475098 104.998 -175.8045
4462.580078 105.332 -175.6707
4494.917969 105.672 -175.7202
4527.490234 106.017 -175.9577
4560.298340 106.364 -176.3916
4593.344238 106.711 -177.0296
4626.629395 107.055 -177.8738
4660.155762 107.392 -178.9216
4693.925293 107.723 179.8278
4727.939453 108.043 178.3709
4762.200195 108.351 176.7004
4796.708984 108.644 174.8082
4831.467773 108.915 172.6909
4866.478516 109.159 170.3550
4901.743164 109.372 167.8157
4937.263184 109.549 165.0927
4973.040527 109.684 162.2096
5009.077148 109.773 159.1974
5045.375000 109.812 156.0957
5081.936035 109.800 152.9480
5118.761719 109.737 149.7961
5155.854492 109.624 146.6765
5193.215820 109.461 143.6189
5230.848145 109.251 140.6490
5268.752930 108.996 137.7928
5306.932617 108.696 135.0760
5345.388672 108.354 132.5214
5384.123535 107.972 130.1499
5423.139160 107.552 127.9847
5462.437500 107.095 126.0517
5502.020508 106.607 124.3747
5541.890625 106.090 122.9705
5582.049316 105.549 121.8464
5622.499023 104.987 121.0092
5663.242188 104.404 120.4784
5704.280273 103.802 120.2952
5745.615723 103.182 120.5172
5787.250977 102.552 121.2077
5829.187988 101.920 122.4229
5871.428711 101.301 124.1985
5913.975586 100.711 126.5363
5956.830566 100.168 129.3951
5999.996094 99.688 132.6923
6043.474609 99.281 136.3167
6087.268066 98.956 140.1464
6131.378906 98.713 144.0623
6175.809570 98.549 147.9595
6220.562012 98.457 151.7582
6265.638672 98.427 155.4059
6311.041992 98.453 158.8723
6356.774414 98.525 162.1392
6402.838379 98.639 165.1948
6449.235840 98.787 168.0339
6495.969727 98.965 170.6549
6543.041992 99.169 173.0553
6590.455566 99.393 175.2322
6638.212891 99.634 177.1867
6686.315918 99.887 178.9267
6734.767578 100.150 -179.5369
6783.570312 100.420 -178.1930
6832.727051 100.697 -177.0311
6882.239746 100.981 -176.0433
6932.111328 101.270 -175.2268
6982.344238 101.567 -174.5842
7032.941406 101.870 -174.1221
7083.904785 102.181 -173.8528
7135.237793 102.499 -173.7955
7186.942871 102.823 -173.9737
7239.022461 103.151 -174.4100
7291.479492 103.479 -175.1234
7344.316406 103.806 -176.1312
7397.536133 104.132 -177.4526
7451.141602 104.454 -179.1140
7505.135742 104.773 178.8429
7559.520996 105.083 176.3567
7614.300293 105.375 173.3545
7669.476562 105.633 169.7688
7725.052734 105.835 165.5571
7781.031738 105.951 160.7203
7837.416504 105.953 155.3172
7894.209473 105.812 149.4659
7951.414062 105.508 143.3290
8009.033203 105.028 137.0916
8067.069824 104.365 130.9336
8125.527344 103.520 125.0054
8184.408203 102.499 119.4180
8243.715820 101.307 114.2455
8303.453125 99.948 109.5260
8363.623047 98.432 105.2348
8424.229492 96.792 101.1745
8485.275391 95.112 96.5901
8546.763672 93.605 88.3940
8608.697266 92.661 51.1887
8671.079102 92.653 -47.0609
8733.913086 93.537 -63.9973
8797.202148 94.918 -69.8147
8860.950195 96.460 -73.3778
8925.160156 97.996 -76.3066
8989.835938 99.459 -79.2015
9054.980469 100.818 -82.3816
9120.596680 102.058 -86.0190
9186.688477 103.165 -90.1792
9253.258789 104.126 -94.8456
9320.311523 104.933 -99.9407
9387.850586 105.578 -105.3409
9455.878906 106.058 -110.8875
9524.400391 106.376 -116.3995
9593.417969 106.542 -121.6922
9662.935547 106.571 -126.5945
9732.957031 106.488 -130.9682
9803.486328 106.318 -134.7216
9874.526367 106.090 -137.8108
9946.081055 105.827 -140.2350
10018.154297 105.552 -142.0239
10090.750000 105.284 -143.2278
10163.872070 105.038 -143.9136
10237.523438 104.825 -144.1613
10311.708984 104.654 -144.0590
10386.431641 104.528 -143.6926
10461.696289 104.450 -143.1368
10537.505859 104.419 -142.4559
10613.865234 104.437 -141.7107
10690.777344 104.502 -140.9626
10768.247070 104.612 -140.2737
10846.278320 104.765 -139.6993
10924.875000 104.955 -139.2887
11004.041016 105.179 -139.0884
11083.781250 105.431 -139.1442
11164.098633 105.703 -139.4971
11244.998047 105.986 -140.1742
11326.484375 106.270 -141.1866
11408.560547 106.547 -142.5353
11491.231445 106.809 -144.2161
11574.501953 107.047 -146.2189
11658.375977 107.252 -148.5189
11742.857422 107.415 -151.0740
11827.951172 107.532 -153.8298
11913.661133 107.598 -156.7284
11999.992188 107.614 -159.7151
12086.949219 107.582 -162.7390
12174.536133 107.503 -165.7564
12262.757812 107.384 -168.7373
12351.619141 107.228 -171.6687
12441.124023 107.040 -174.5508
12531.277344 106.820 -177.3878
12622.083984 106.569 179.8190
12713.548828 106.285 177.0735
12805.676758 105.966 174.3864
12898.471680 105.607 171.7808
12991.939453 105.205 169.2962
13086.083984 104.757 166.9874
13180.911133 104.265 164.9163
13276.425781 103.730 163.1466
13372.631836 103.159 161.7417
13469.535156 102.559 160.7615
13567.140625 101.941 160.2547
13665.454102 101.319 160.2520
13764.479492 100.707 160.7648
13864.222656 100.121 161.7883
13964.688477 99.578 163.2969
14065.882812 99.096 165.2383
14167.809570 98.692 167.5330
14270.475586 98.381 170.0779
14373.885742 98.178 172.7434
14478.044922 98.092 175.3696
14582.958984 98.129 177.7714
14688.632812 98.284 179.7517
14795.072266 98.546 -178.8866
14902.283203 98.890 -178.3230
15010.271484 99.285 -178.6938
15119.041992 99.691 179.9296
15228.600586 100.065 177.5494
15338.953125 100.366 174.2434
15450.105469 100.555 170.1661
15562.063477 100.605 165.5414
15674.833008 100.499 160.6382
15788.418945 100.238 155.7265
15902.828125 99.838 151.0299
16018.066406 99.322 146.6924
16134.139648 98.720 142.7677
16251.054688 98.055 139.2358
16368.816406 97.342 136.0436
16487.431641 96.583 133.1553
16606.906250 95.772 130.5967
16727.246094 94.896 128.4899
16848.458984 93.946 127.0638
16970.550781 92.926 126.6265
17093.527344 91.863 127.4742
17217.394531 90.811 129.7244
17342.158203 89.841 133.1487
17467.826172 89.019 137.2062
17594.404297 88.383 141.2989
17721.900391 87.941 144.9696
17850.320312 87.677 147.9031
17979.671875 87.556 149.8580
18109.960938 87.530 150.6472
18241.193359 87.539 150.1683
18373.376953 87.520 148.4448
18506.517578 87.407 145.6385
18640.623047 87.148 142.0337
18775.701172 86.701 138.0060
18911.757812 86.045 133.9810
19048.800781 85.178 130.3801
19186.835938 84.118 127.5712
19325.871094 82.898 125.8326
19465.914062 81.565 125.3176
19606.972656 80.190 125.9971
19749.052734 78.883 127.5764
19892.162109 77.810 129.4302
20036.308594 77.188 130.7001
