* Measurement data measured by REW V5.31
* Source: EXCL: Microphone (USB Sound Device        ), MICROPHONE (Master Volume), L, volume: 0.390
* Format: 256k Log Swept Sine, 1 sweep at -10.0 dBFS with no timing reference
* Dated: Nov 4, 2024 12:24:30 AM
* REW Settings:
*  C-weighting compensation: Off
*  Target level: 75.0 dB
* Note: NF Acous NE4 Reference L
* Measurement: L NF Acous NE4 Reference
* Smoothing: 1/12 octave
* Frequency Step: 96 ppo
* Start Frequency: 0.36621094 Hz
*
* Freq(Hz)	SPL(dB)	Phase(degrees)
0.366211	79.238	164.9669
0.368865	79.226	164.9539
0.371538	79.209	164.9342
0.374230	79.188	164.9095
0.376942	79.164	164.8807
0.379673	79.138	164.8489
0.382424	79.112	164.8145
0.385196	79.084	164.7780
0.387987	79.056	164.7395
0.390798	79.028	164.6992
0.393630	78.999	164.6570
0.396483	78.970	164.6131
0.399356	78.941	164.5674
0.402250	78.911	164.5198
0.405165	78.882	164.4705
0.408101	78.852	164.4193
0.411058	78.822	164.3663
0.414037	78.792	164.3114
0.417037	78.761	164.2546
0.420059	78.730	164.1959
0.423103	78.700	164.1353
0.426169	78.668	164.0728
0.429257	78.637	164.0083
0.432368	78.605	163.9419
0.435501	78.574	163.8735
0.438656	78.542	163.8030
0.441835	78.509	163.7306
0.445037	78.477	163.6561
0.448262	78.444	163.5795
0.451510	78.411	163.5009
0.454782	78.378	163.4203
0.458077	78.344	163.3375
0.461397	78.310	163.2526
0.464740	78.277	163.1656
0.468108	78.242	163.0765
0.471500	78.208	162.9852
0.474917	78.173	162.8918
0.478358	78.138	162.7962
0.481825	78.103	162.6984
0.485316	78.067	162.5984
0.488833	78.032	162.4963
0.492375	77.996	162.3919
0.495943	77.959	162.2854
0.499537	77.923	162.1766
0.503157	77.886	162.0656
0.506803	77.849	161.9524
0.510475	77.812	161.8369
0.514175	77.774	161.7193
0.517900	77.736	161.5994
0.521653	77.698	161.4773
0.525434	77.660	161.3530
0.529241	77.621	161.2265
0.533076	77.582	161.0978
0.536939	77.543	160.9669
0.540830	77.503	160.8339
0.544749	77.464	160.6987
0.548696	77.424	160.5613
0.552673	77.383	160.4219
0.556677	77.342	160.2803
0.560711	77.301	160.1367
0.564774	77.260	159.9910
0.568867	77.219	159.8433
0.572989	77.177	159.6937
0.577141	77.135	159.5421
0.581324	77.092	159.3886
0.585536	77.049	159.2333
0.589779	77.006	159.0762
0.594053	76.963	158.9174
0.598358	76.919	158.7570
0.602694	76.875	158.5949
0.607061	76.831	158.4313
0.611460	76.786	158.2663
0.615891	76.741	158.0999
0.620354	76.696	157.9323
0.624849	76.650	157.7635
0.629377	76.604	157.5937
0.633938	76.558	157.4229
0.638532	76.511	157.2514
0.643159	76.464	157.0792
0.647819	76.417	156.9064
0.652514	76.369	156.7334
0.657242	76.321	156.5601
0.662005	76.272	156.3868
0.666802	76.224	156.2137
0.671634	76.175	156.0409
0.676501	76.125	155.8688
0.681403	76.075	155.6975
0.686341	76.025	155.5274
0.691314	75.974	155.3585
0.696324	75.922	155.1913
0.701370	75.870	155.0259
0.706452	75.815	154.8627
0.711571	75.758	154.7016
0.716728	75.697	154.5428
0.721921	75.629	154.3860
0.727153	75.552	154.2309
0.732422	75.461	154.0767
0.737729	75.354	153.9222
0.743075	75.231	153.7664
0.748460	75.093	153.6083
0.753883	74.942	153.4470
0.759346	74.778	153.2819
0.764849	74.602	153.1127
0.770391	74.416	152.9391
0.775974	74.221	152.7608
0.781597	74.016	152.5776
0.787261	73.802	152.3895
0.792966	73.579	152.1962
0.798712	73.348	151.9976
0.804500	73.109	151.7936
0.810329	72.862	151.5841
0.816201	72.607	151.3689
0.822116	72.345	151.1478
0.828073	72.075	150.9207
0.834074	71.799	150.6874
0.840118	71.517	150.4477
0.846206	71.228	150.2016
0.852338	70.934	149.9487
0.858514	70.634	149.6889
0.864735	70.330	149.4220
0.871001	70.021	149.1478
0.877313	69.708	148.8661
0.883670	69.392	148.5766
0.890074	69.072	148.2790
0.896524	68.750	147.9733
0.903020	68.426	147.6589
0.909564	68.100	147.3358
0.916155	67.774	147.0036
0.922794	67.448	146.6620
0.929481	67.121	146.3106
0.936216	66.797	145.9492
0.943000	66.474	145.5773
0.949834	66.153	145.1945
0.956717	65.837	144.8005
0.963649	65.524	144.3949
0.970632	65.217	143.9770
0.977666	64.915	143.5464
0.984750	64.621	143.1026
0.991886	64.334	142.6449
0.999074	64.057	142.1727
1.006314	63.790	141.6852
1.013606	63.534	141.1816
1.020951	63.290	140.6609
1.028349	63.061	140.1221
1.035801	62.846	139.5639
1.043307	62.647	138.9847
1.050867	62.466	138.3828
1.058482	62.305	137.7556
1.066152	62.164	137.1000
1.073878	62.045	136.4112
1.081660	61.949	135.6825
1.089498	61.877	134.9034
1.097393	61.831	134.0575
1.105345	61.810	133.1196
1.113355	61.815	132.0503
1.121423	61.845	130.7875
1.129549	61.900	129.2284
1.137734	61.981	127.1896
1.145979	62.085	124.3084
1.154283	62.213	119.7586
1.162647	62.364	111.2290
1.171072	62.537	90.2099
1.179558	62.732	34.6090
1.188106	62.948	-8.5338
1.196715	63.183	-23.5757
1.205387	63.437	-30.3236
1.214122	63.710	-34.1538
1.222920	64.000	-36.6669
1.231782	64.305	-38.4803
1.240708	64.626	-39.8787
1.249699	64.961	-41.0111
1.258754	65.309	-41.9627
1.267876	65.668	-42.7857
1.277063	66.037	-43.5139
1.286318	66.416	-44.1701
1.295639	66.802	-44.7702
1.305027	67.194	-45.3257
1.314484	67.591	-45.8453
1.324009	67.991	-46.3354
1.333604	68.393	-46.8009
1.343268	68.795	-47.2458
1.353002	69.195	-47.6731
1.362806	69.591	-48.0855
1.372681	69.983	-48.4851
1.382628	70.367	-48.8735
1.392647	70.743	-49.2523
1.402739	71.109	-49.6228
1.412904	71.463	-49.9862
1.423142	71.804	-50.3434
1.433455	72.131	-50.6957
1.443843	72.444	-51.0442
1.454305	72.743	-51.3899
1.464844	73.031	-51.7342
1.475459	73.309	-52.0781
1.486150	73.580	-52.4228
1.496920	73.845	-52.7687
1.507767	74.106	-53.1163
1.518693	74.364	-53.4656
1.529698	74.619	-53.8166
1.540783	74.871	-54.1691
1.551948	75.121	-54.5230
1.563194	75.369	-54.8782
1.574521	75.615	-55.2343
1.585931	75.859	-55.5914
1.597423	76.100	-55.9492
1.608999	76.339	-56.3077
1.620658	76.575	-56.6668
1.632402	76.810	-57.0264
1.644232	77.041	-57.3865
1.656146	77.271	-57.7471
1.668147	77.498	-58.1081
1.680235	77.722	-58.4696
1.692411	77.944	-58.8315
1.704675	78.164	-59.1939
1.717028	78.381	-59.5569
1.729470	78.595	-59.9204
1.742003	78.807	-60.2848
1.754626	79.016	-60.6499
1.767341	79.222	-61.0161
1.780147	79.426	-61.3837
1.793047	79.626	-61.7530
1.806040	79.823	-62.1247
1.819128	80.017	-62.4995
1.832310	80.207	-62.8784
1.845587	80.392	-63.2622
1.858961	80.573	-63.6517
1.872432	80.748	-64.0473
1.886001	80.919	-64.4489
1.899667	81.084	-64.8561
1.913433	81.245	-65.2684
1.927299	81.401	-65.6852
1.941265	81.552	-66.1057
1.955332	81.699	-66.5292
1.969501	81.842	-66.9550
1.983773	81.981	-67.3824
1.998148	82.116	-67.8106
2.012627	82.248	-68.2391
2.027212	82.377	-68.6673
2.041902	82.504	-69.0945
2.056698	82.628	-69.5203
2.071602	82.750	-69.9440
2.086614	82.871	-70.3653
2.101734	82.990	-70.7837
2.116964	83.109	-71.1989
2.132304	83.227	-71.6108
2.147756	83.344	-72.0195
2.163320	83.461	-72.4252
2.178996	83.578	-72.8287
2.194786	83.695	-73.2311
2.210690	83.810	-73.6339
2.226710	83.924	-74.0383
2.242845	84.036	-74.4454
2.259098	84.145	-74.8558
2.275468	84.253	-75.2693
2.291957	84.357	-75.6859
2.308566	84.460	-76.1049
2.325295	84.560	-76.5257
2.342145	84.658	-76.9477
2.359117	84.753	-77.3701
2.376212	84.847	-77.7920
2.393431	84.939	-78.2127
2.410775	85.029	-78.6314
2.428244	85.117	-79.0474
2.445840	85.205	-79.4598
2.463564	85.291	-79.8681
2.481416	85.376	-80.2716
2.499397	85.460	-80.6700
2.517509	85.543	-81.0630
2.535752	85.625	-81.4509
2.554127	85.706	-81.8343
2.572635	85.786	-82.2141
2.591277	85.865	-82.5917
2.610055	85.941	-82.9682
2.628968	86.017	-83.3441
2.648019	86.090	-83.7198
2.667208	86.161	-84.0952
2.686535	86.231	-84.4702
2.706003	86.299	-84.8441
2.725612	86.365	-85.2164
2.745363	86.430	-85.5865
2.765257	86.494	-85.9536
2.785295	86.556	-86.3171
2.805478	86.617	-86.6762
2.825808	86.678	-87.0302
2.846285	86.737	-87.3784
2.866910	86.796	-87.7204
2.887685	86.854	-88.0558
2.908611	86.911	-88.3846
2.929688	86.967	-88.7072
2.950917	87.023	-89.0242
2.972301	87.077	-89.3363
2.993839	87.130	-89.6440
3.015534	87.182	-89.9477
3.037386	87.232	-90.2476
3.059396	87.281	-90.5436
3.081565	87.329	-90.8355
3.103896	87.376	-91.1230
3.126388	87.422	-91.4058
3.149043	87.468	-91.6835
3.171862	87.513	-91.9555
3.194847	87.558	-92.2215
3.217998	87.602	-92.4809
3.241317	87.646	-92.7334
3.264805	87.690	-92.9786
3.288463	87.734	-93.2163
3.312293	87.777	-93.4465
3.336295	87.820	-93.6691
3.360471	87.863	-93.8845
3.384822	87.905	-94.0930
3.409350	87.947	-94.2950
3.434056	87.988	-94.4909
3.458940	88.029	-94.6812
3.484005	88.070	-94.8663
3.509252	88.111	-95.0466
3.534681	88.152	-95.2224
3.560295	88.193	-95.3942
3.586094	88.234	-95.5620
3.612081	88.276	-95.7261
3.638255	88.318	-95.8862
3.664620	88.361	-96.0422
3.691175	88.404	-96.1937
3.717923	88.447	-96.3406
3.744864	88.491	-96.4827
3.772001	88.536	-96.6205
3.799335	88.580	-96.7545
3.826866	88.625	-96.8854
3.854597	88.671	-97.0139
3.882529	88.717	-97.1409
3.910664	88.763	-97.2672
3.939002	88.810	-97.3936
3.967546	88.857	-97.5205
3.996296	88.905	-97.6483
4.025255	88.954	-97.7769
4.054423	89.003	-97.9063
4.083804	89.053	-98.0360
4.113396	89.104	-98.1661
4.143204	89.155	-98.2966
4.173227	89.207	-98.4280
4.203468	89.259	-98.5609
4.233928	89.312	-98.6960
4.264609	89.365	-98.8340
4.295512	89.419	-98.9756
4.326639	89.472	-99.1215
4.357992	89.526	-99.2722
4.389572	89.580	-99.4280
4.421380	89.634	-99.5888
4.453419	89.689	-99.7546
4.485691	89.743	-99.9252
4.518196	89.798	-100.1003
4.550936	89.853	-100.2799
4.583914	89.908	-100.4639
4.617131	89.962	-100.6523
4.650589	90.017	-100.8452
4.684289	90.071	-101.0426
4.718233	90.125	-101.2448
4.752424	90.179	-101.4518
4.786862	90.232	-101.6638
4.821549	90.284	-101.8809
4.856488	90.337	-102.1028
4.891680	90.388	-102.3293
4.927127	90.440	-102.5598
4.962831	90.490	-102.7938
4.998794	90.541	-103.0307
5.035017	90.590	-103.2700
5.071503	90.639	-103.5113
5.108253	90.688	-103.7545
5.145270	90.735	-103.9995
5.182555	90.782	-104.2465
5.220110	90.828	-104.4954
5.257937	90.874	-104.7459
5.296038	90.918	-104.9976
5.334415	90.963	-105.2499
5.373071	91.006	-105.5021
5.412006	91.049	-105.7536
5.451224	91.092	-106.0040
5.490725	91.134	-106.2529
5.530514	91.176	-106.5003
5.570590	91.217	-106.7462
5.610957	91.258	-106.9906
5.651616	91.299	-107.2336
5.692570	91.339	-107.4749
5.733821	91.379	-107.7144
5.775370	91.419	-107.9518
5.817221	91.459	-108.1868
5.859375	91.499	-108.4194
5.901834	91.539	-108.6494
5.944602	91.579	-108.8770
5.987679	91.620	-109.1025
6.031068	91.661	-109.3260
6.074771	91.702	-109.5482
6.118792	91.743	-109.7693
6.163131	91.785	-109.9896
6.207792	91.827	-110.2095
6.252776	91.870	-110.4289
6.298086	91.913	-110.6481
6.343725	91.957	-110.8673
6.389694	92.002	-111.0868
6.435996	92.047	-111.3073
6.482634	92.092	-111.5294
6.529610	92.138	-111.7535
6.576926	92.185	-111.9801
6.624585	92.232	-112.2094
6.672590	92.280	-112.4416
6.720942	92.328	-112.6768
6.769645	92.376	-112.9151
6.818700	92.425	-113.1568
6.868111	92.474	-113.4022
6.917881	92.523	-113.6515
6.968010	92.572	-113.9049
7.018504	92.621	-114.1623
7.069362	92.671	-114.4239
7.120590	92.720	-114.6891
7.172189	92.769	-114.9579
7.224161	92.818	-115.2299
7.276511	92.867	-115.5048
7.329239	92.915	-115.7825
7.382350	92.963	-116.0628
7.435845	93.011	-116.3453
7.489729	93.059	-116.6298
7.544002	93.106	-116.9156
7.598669	93.152	-117.2022
7.653732	93.198	-117.4891
7.709194	93.244	-117.7758
7.765058	93.290	-118.0621
7.821327	93.335	-118.3478
7.878004	93.379	-118.6325
7.935091	93.424	-118.9158
7.992592	93.468	-119.1973
8.050510	93.512	-119.4767
8.108847	93.555	-119.7537
8.167607	93.599	-120.0283
8.226793	93.643	-120.3005
8.286408	93.686	-120.5703
8.346454	93.730	-120.8377
8.406936	93.773	-121.1027
8.467856	93.817	-121.3653
8.529218	93.861	-121.6258
8.591024	93.905	-121.8842
8.653278	93.949	-122.1410
8.715983	93.993	-122.3963
8.779143	94.038	-122.6505
8.842760	94.082	-122.9038
8.906839	94.127	-123.1563
8.971381	94.172	-123.4084
9.036392	94.217	-123.6600
9.101873	94.262	-123.9117
9.167829	94.307	-124.1633
9.234263	94.352	-124.4152
9.301178	94.397	-124.6672
9.368578	94.442	-124.9194
9.436467	94.487	-125.1717
9.504847	94.531	-125.4240
9.573723	94.575	-125.6762
9.643099	94.618	-125.9282
9.712976	94.659	-126.1797
9.783361	94.699	-126.4305
9.854255	94.737	-126.6804
9.925663	94.771	-126.9292
9.997588	94.804	-127.1766
10.070035	94.834	-127.4225
10.143007	94.861	-127.6668
10.216507	94.887	-127.9092
10.290540	94.910	-128.1498
10.365109	94.933	-128.3884
10.440219	94.954	-128.6252
10.515873	94.974	-128.8602
10.592076	94.994	-129.0935
10.668830	95.013	-129.3253
10.746141	95.032	-129.5557
10.824012	95.051	-129.7851
10.902447	95.070	-130.0136
10.981451	95.088	-130.2416
11.061027	95.106	-130.4693
11.141180	95.124	-130.6968
11.221913	95.142	-130.9245
11.303232	95.159	-131.1525
11.385140	95.176	-131.3809
11.467641	95.193	-131.6099
11.550741	95.209	-131.8395
11.634442	95.225	-132.0697
11.718750	95.242	-132.3006
11.803669	95.258	-132.5320
11.889203	95.274	-132.7639
11.975357	95.290	-132.9963
12.062136	95.305	-133.2289
12.149543	95.321	-133.4619
12.237583	95.337	-133.6951
12.326262	95.352	-133.9285
12.415583	95.367	-134.1621
12.505552	95.382	-134.3960
12.596172	95.396	-134.6304
12.687449	95.410	-134.8653
12.779387	95.424	-135.1009
12.871992	95.438	-135.3375
12.965268	95.451	-135.5753
13.059220	95.464	-135.8144
13.153852	95.477	-136.0551
13.249170	95.490	-136.2977
13.345179	95.503	-136.5421
13.441884	95.516	-136.7885
13.539289	95.530	-137.0370
13.637401	95.543	-137.2875
13.736223	95.555	-137.5399
13.835761	95.568	-137.7942
13.936021	95.580	-138.0501
14.037007	95.592	-138.3075
14.138725	95.604	-138.5661
14.241180	95.615	-138.8258
14.344377	95.626	-139.0862
14.448323	95.636	-139.3473
14.553021	95.646	-139.6088
14.658478	95.656	-139.8707
14.764700	95.666	-140.1329
14.871691	95.676	-140.3954
14.979457	95.685	-140.6582
15.088005	95.695	-140.9213
15.197339	95.706	-141.1848
15.307465	95.716	-141.4486
15.418389	95.726	-141.7127
15.530117	95.736	-141.9772
15.642655	95.747	-142.2420
15.756008	95.757	-142.5070
15.870182	95.767	-142.7719
15.985184	95.777	-143.0367
16.101019	95.787	-143.3011
16.217694	95.798	-143.5649
16.335214	95.808	-143.8279
16.453586	95.818	-144.0899
16.572815	95.829	-144.3507
16.692909	95.840	-144.6103
16.813872	95.851	-144.8686
16.935713	95.862	-145.1256
17.058436	95.875	-145.3812
17.182048	95.887	-145.6356
17.306556	95.900	-145.8887
17.431967	95.913	-146.1406
17.558286	95.926	-146.3912
17.685521	95.939	-146.6406
17.813677	95.952	-146.8886
17.942762	95.965	-147.1351
18.072783	95.977	-147.3800
18.203746	95.990	-147.6231
18.335658	96.003	-147.8642
18.468526	96.015	-148.1032
18.602356	96.027	-148.3399
18.737156	96.040	-148.5744
18.872934	96.052	-148.8066
19.009695	96.065	-149.0367
19.147447	96.077	-149.2647
19.286197	96.090	-149.4908
19.425953	96.103	-149.7153
19.566721	96.115	-149.9382
19.708510	96.127	-150.1598
19.851326	96.139	-150.3802
19.995177	96.151	-150.5993
20.140070	96.162	-150.8171
20.286013	96.172	-151.0336
20.433014	96.183	-151.2487
20.581080	96.192	-151.4622
20.730219	96.202	-151.6742
20.880439	96.211	-151.8846
21.031747	96.220	-152.0936
21.184152	96.230	-152.3013
21.337661	96.239	-152.5082
21.492282	96.248	-152.7145
21.648024	96.258	-152.9209
21.804895	96.267	-153.1278
21.962902	96.277	-153.3358
22.122054	96.286	-153.5454
22.282360	96.296	-153.7568
22.443827	96.305	-153.9704
22.606464	96.314	-154.1862
22.770280	96.323	-154.4042
22.935283	96.331	-154.6242
23.101481	96.339	-154.8458
23.268884	96.347	-155.0686
23.437500	96.354	-155.2922
23.607338	96.361	-155.5161
23.778406	96.368	-155.7401
23.950714	96.374	-155.9640
24.124271	96.380	-156.1876
24.299086	96.386	-156.4110
24.475167	96.392	-156.6344
24.652524	96.399	-156.8578
24.831166	96.405	-157.0816
25.011103	96.411	-157.3058
25.192344	96.418	-157.5302
25.374898	96.424	-157.7548
25.558775	96.430	-157.9791
25.743984	96.437	-158.2027
25.930536	96.443	-158.4253
26.118439	96.450	-158.6464
26.307704	96.456	-158.8659
26.498341	96.462	-159.0839
26.690359	96.469	-159.3007
26.883768	96.476	-159.5167
27.078579	96.482	-159.7323
27.274801	96.489	-159.9480
27.472446	96.495	-160.1636
27.671522	96.501	-160.3788
27.872042	96.506	-160.5927
28.074014	96.510	-160.8041
28.277450	96.514	-161.0119
28.482360	96.517	-161.2147
28.688755	96.519	-161.4119
28.896645	96.521	-161.6033
29.106042	96.524	-161.7896
29.316957	96.527	-161.9719
29.529400	96.530	-162.1522
29.743382	96.534	-162.3323
29.958915	96.538	-162.5141
30.176009	96.543	-162.6989
30.394677	96.548	-162.8874
30.614929	96.552	-163.0793
30.836778	96.557	-163.2740
31.060234	96.560	-163.4704
31.285309	96.563	-163.6675
31.512015	96.566	-163.8645
31.740364	96.568	-164.0610
31.970368	96.571	-164.2572
32.202039	96.573	-164.4537
32.435388	96.576	-164.6513
32.670428	96.579	-164.8505
32.907171	96.581	-165.0517
33.145630	96.584	-165.2546
33.385817	96.586	-165.4586
33.627745	96.588	-165.6628
33.871425	96.589	-165.8662
34.116871	96.591	-166.0678
34.364096	96.592	-166.2671
34.613113	96.593	-166.4637
34.863934	96.595	-166.6578
35.116572	96.597	-166.8495
35.371041	96.598	-167.0394
35.627354	96.601	-167.2279
35.885525	96.603	-167.4156
36.145566	96.606	-167.6029
36.407492	96.608	-167.7901
36.671316	96.611	-167.9777
36.937051	96.614	-168.1660
37.204712	96.617	-168.3555
37.474313	96.619	-168.5463
37.745867	96.621	-168.7386
38.019389	96.623	-168.9322
38.294893	96.625	-169.1268
38.572394	96.626	-169.3219
38.851905	96.626	-169.5167
39.133442	96.626	-169.7105
39.417019	96.626	-169.9026
39.702651	96.625	-170.0926
39.990353	96.623	-170.2803
40.280140	96.622	-170.4660
40.572026	96.621	-170.6504
40.866028	96.620	-170.8339
41.162160	96.619	-171.0170
41.460438	96.618	-171.2001
41.760877	96.617	-171.3827
42.063494	96.616	-171.5645
42.368303	96.614	-171.7448
42.675322	96.613	-171.9236
42.984565	96.612	-172.1013
43.296048	96.611	-172.2786
43.609789	96.610	-172.4568
43.925804	96.609	-172.6366
44.244108	96.608	-172.8183
44.564719	96.606	-173.0011
44.887654	96.604	-173.1839
45.212928	96.601	-173.3654
45.540560	96.598	-173.5450
45.870565	96.595	-173.7226
46.202962	96.592	-173.8989
46.537768	96.589	-174.0748
46.875000	96.586	-174.2506
47.214676	96.582	-174.4262
47.556813	96.579	-174.6011
47.901429	96.575	-174.7748
48.248542	96.571	-174.9472
48.598171	96.568	-175.1189
48.950334	96.565	-175.2908
49.305048	96.562	-175.4635
49.662333	96.559	-175.6371
50.022206	96.556	-175.8109
50.384688	96.552	-175.9842
50.749796	96.549	-176.1560
51.117550	96.545	-176.3261
51.487969	96.541	-176.4943
51.861072	96.538	-176.6608
52.236879	96.534	-176.8257
52.615409	96.531	-176.9892
52.996681	96.528	-177.1516
53.380717	96.526	-177.3131
53.767536	96.523	-177.4743
54.157158	96.521	-177.6359
54.549603	96.520	-177.7982
54.944892	96.518	-177.9616
55.343045	96.517	-178.1263
55.744084	96.516	-178.2926
56.148028	96.515	-178.4610
56.554900	96.514	-178.6322
56.964720	96.513	-178.8066
57.377510	96.512	-178.9845
57.793291	96.511	-179.1656
58.212085	96.509	-179.3493
58.633914	96.506	-179.5340
59.058799	96.503	-179.7183
59.486764	96.499	-179.9013
59.917829	96.495	179.9171
60.352019	96.491	179.7363
60.789354	96.486	179.5557
61.229859	96.481	179.3752
61.673556	96.475	179.1956
62.120468	96.469	179.0177
62.570618	96.463	178.8419
63.024031	96.456	178.6683
63.480729	96.450	178.4966
63.940736	96.443	178.3264
64.404077	96.437	178.1573
64.870776	96.430	177.9885
65.340856	96.424	177.8192
65.814343	96.418	177.6485
66.291261	96.411	177.4761
66.771635	96.404	177.3025
67.255489	96.396	177.1292
67.742850	96.388	176.9579
68.233743	96.380	176.7896
68.728193	96.371	176.6244
69.226226	96.363	176.4614
69.727867	96.354	176.2996
70.233144	96.346	176.1381
70.742083	96.338	175.9766
71.254709	96.330	175.8148
71.771050	96.322	175.6519
72.291132	96.314	175.4874
72.814984	96.306	175.3209
73.342631	96.297	175.1530
73.874102	96.289	174.9848
74.409424	96.281	174.8171
74.948626	96.272	174.6500
75.491734	96.264	174.4835
76.038779	96.256	174.3175
76.589787	96.248	174.1524
77.144788	96.240	173.9886
77.703811	96.233	173.8254
78.266885	96.226	173.6613
78.834039	96.220	173.4937
79.405303	96.215	173.3205
79.980706	96.209	173.1402
80.560280	96.203	172.9530
81.144053	96.196	172.7598
81.732056	96.188	172.5622
82.324320	96.179	172.3615
82.920876	96.168	172.1594
83.521755	96.156	171.9583
84.126988	96.142	171.7605
84.736607	96.126	171.5682
85.350643	96.110	171.3833
85.969129	96.092	171.2078
86.592097	96.075	171.0438
87.219579	96.057	170.8927
87.851608	96.040	170.7536
88.488217	96.025	170.6227
89.129439	96.011	170.4959
89.775308	95.998	170.3712
90.425856	95.985	170.2492
91.081119	95.974	170.1306
91.741131	95.964	170.0148
92.405925	95.955	169.8999
93.075536	95.946	169.7849
93.750000	95.939	169.6678
94.429351	95.933	169.5461
95.113625	95.927	169.4157
95.802858	95.922	169.2741
96.497085	95.917	169.1206
97.196342	95.910	168.9571
97.900667	95.903	168.7866
98.610096	95.894	168.6123
99.324665	95.885	168.4360
100.044413	95.875	168.2591
100.769376	95.864	168.0825
101.499592	95.852	167.9073
102.235100	95.841	167.7345
102.975938	95.829	167.5640
103.722144	95.817	167.3953
104.473757	95.804	167.2278
105.230817	95.791	167.0608
105.993363	95.778	166.8941
106.761435	95.763	166.7274
107.535072	95.749	166.5602
108.314315	95.733	166.3914
109.099206	95.717	166.2200
109.889783	95.701	166.0449
110.686090	95.684	165.8652
111.488167	95.666	165.6801
112.296056	95.647	165.4903
113.109800	95.628	165.2989
113.929440	95.608	165.1110
114.755020	95.586	164.9329
115.586582	95.563	164.7708
116.424170	95.541	164.6293
117.267827	95.518	164.5096
118.117598	95.497	164.4084
118.973527	95.477	164.3194
119.835658	95.458	164.2366
120.704037	95.439	164.1569
121.578708	95.421	164.0786
122.459718	95.404	163.9987
123.347111	95.389	163.9131
124.240935	95.375	163.8186
125.141236	95.362	163.7138
126.048061	95.350	163.5988
126.961458	95.339	163.4741
127.881473	95.328	163.3408
128.808154	95.317	163.1997
129.741551	95.306	163.0519
130.681712	95.294	162.8981
131.628686	95.281	162.7389
132.582521	95.267	162.5748
133.543269	95.252	162.4060
134.510979	95.236	162.2332
135.485701	95.218	162.0578
136.467486	95.199	161.8819
137.456386	95.180	161.7078
138.452451	95.159	161.5375
139.455735	95.137	161.3716
140.466288	95.114	161.2098
141.484165	95.091	161.0515
142.509418	95.067	160.8958
143.542100	95.043	160.7422
144.582265	95.017	160.5907
145.629968	94.992	160.4412
146.685262	94.965	160.2941
147.748204	94.938	160.1500
148.818849	94.910	160.0105
149.897251	94.881	159.8776
150.983469	94.851	159.7540
152.077557	94.820	159.6418
153.179574	94.788	159.5425
154.289576	94.757	159.4563
155.407622	94.726	159.3808
156.533770	94.696	159.3117
157.668078	94.667	159.2435
158.810606	94.640	159.1715
159.961413	94.612	159.0934
161.120559	94.585	159.0094
162.288105	94.556	158.9219
163.464112	94.526	158.8339
164.648640	94.495	158.7487
165.841752	94.462	158.6688
167.043510	94.429	158.5970
168.253976	94.394	158.5368
169.473213	94.359	158.4917
170.701286	94.324	158.4641
171.938258	94.290	158.4543
173.184194	94.257	158.4606
174.439158	94.225	158.4801
175.703216	94.195	158.5098
176.976434	94.169	158.5468
178.258878	94.146	158.5870
179.550615	94.127	158.6242
180.851713	94.113	158.6512
182.162239	94.103	158.6632
183.482262	94.095	158.6578
184.811850	94.089	158.6333
186.151073	94.084	158.5880
187.500000	94.078	158.5211
188.858702	94.070	158.4332
190.227250	94.061	158.3266
191.605715	94.049	158.2052
192.994169	94.035	158.0746
194.392685	94.018	157.9400
195.801334	93.998	157.8059
197.220191	93.976	157.6758
198.649330	93.952	157.5519
200.088825	93.928	157.4355
201.538751	93.902	157.3268
202.999184	93.876	157.2265
204.470200	93.851	157.1349
205.951875	93.825	157.0511
207.444287	93.799	156.9727
208.947514	93.772	156.8970
210.461634	93.744	156.8222
211.986726	93.715	156.7489
213.522869	93.684	156.6805
215.070144	93.651	156.6220
216.628631	93.618	156.5782
218.198411	93.584	156.5509
219.779567	93.551	156.5377
221.372180	93.520	156.5326
222.976334	93.489	156.5292
224.592112	93.460	156.5233
226.219600	93.431	156.5135
227.858880	93.402	156.5015
229.510039	93.373	156.4890
231.173164	93.344	156.4778
232.848340	93.314	156.4683
234.535655	93.285	156.4600
236.235197	93.255	156.4518
237.947054	93.226	156.4430
239.671317	93.196	156.4334
241.408074	93.166	156.4245
243.157416	93.134	156.4186
244.919435	93.102	156.4187
246.694223	93.070	156.4280
248.481871	93.037	156.4496
250.282473	93.003	156.4862
252.096123	92.971	156.5391
253.922915	92.940	156.6062
255.762945	92.912	156.6815
257.616309	92.887	156.7558
259.483103	92.864	156.8201
261.363424	92.841	156.8702
263.257372	92.819	156.9083
265.165043	92.795	156.9407
267.086538	92.770	156.9748
269.021957	92.744	157.0162
270.971401	92.717	157.0681
272.934972	92.691	157.1310
274.912771	92.665	157.2035
276.904902	92.642	157.2837
278.911469	92.619	157.3699
280.932577	92.599	157.4603
282.968330	92.580	157.5511
285.018835	92.564	157.6365
287.084199	92.549	157.7089
289.164530	92.536	157.7620
291.259935	92.522	157.7947
293.370525	92.506	157.8124
295.496408	92.487	157.8247
297.637697	92.466	157.8412
299.794503	92.442	157.8682
301.966937	92.418	157.9077
304.155114	92.393	157.9587
306.359147	92.369	158.0179
308.579152	92.345	158.0814
310.815244	92.321	158.1456
313.067539	92.297	158.2086
315.336156	92.274	158.2718
317.621211	92.249	158.3392
319.922826	92.225	158.4161
322.241118	92.201	158.5054
324.576210	92.178	158.6064
326.928223	92.155	158.7159
329.297280	92.135	158.8297
331.683504	92.115	158.9442
334.087019	92.096	159.0568
336.507952	92.078	159.1656
338.946427	92.059	159.2701
341.402572	92.041	159.3716
343.876516	92.022	159.4725
346.368387	92.003	159.5753
348.878315	91.983	159.6812
351.406431	91.964	159.7905
353.952867	91.945	159.9029
356.517756	91.926	160.0177
359.101230	91.907	160.1343
361.703426	91.889	160.2519
364.324478	91.871	160.3701
366.964523	91.853	160.4892
369.623699	91.836	160.6099
372.302145	91.819	160.7330
375.000000	91.803	160.8589
377.717405	91.787	160.9871
380.454501	91.772	161.1167
383.211431	91.757	161.2472
385.988339	91.742	161.3784
388.785369	91.728	161.5105
391.602668	91.714	161.6441
394.440383	91.701	161.7793
397.298660	91.688	161.9157
400.177650	91.676	162.0526
403.077502	91.665	162.1884
405.998368	91.653	162.3218
408.940400	91.642	162.4524
411.903750	91.631	162.5819
414.888575	91.619	162.7136
417.895028	91.607	162.8507
420.923268	91.595	162.9957
423.973452	91.583	163.1492
427.045738	91.573	163.3097
430.140287	91.565	163.4734
433.257261	91.559	163.6357
436.396822	91.554	163.7937
439.559133	91.551	163.9467
442.744360	91.548	164.0948
445.952668	91.547	164.2363
449.184225	91.547	164.3666
452.439199	91.547	164.4799
455.717760	91.547	164.5731
459.020079	91.544	164.6495
462.346327	91.539	164.7190
465.696680	91.531	164.7929
469.071310	91.522	164.8785
472.470394	91.511	164.9775
475.894109	91.501	165.0879
479.342634	91.491	165.2048
482.816148	91.482	165.3229
486.314833	91.472	165.4404
489.838871	91.462	165.5612
493.388445	91.451	165.6923
496.963741	91.441	165.8376
500.564945	91.432	165.9940
504.192245	91.425	166.1540
507.845830	91.419	166.3108
511.525890	91.414	166.4611
515.232618	91.409	166.6054
518.966206	91.403	166.7473
522.726849	91.396	166.8913
526.514743	91.390	167.0423
530.330086	91.383	167.2024
534.173076	91.378	167.3696
538.043915	91.373	167.5395
541.942803	91.370	167.7097
545.869944	91.368	167.8807
549.825542	91.366	168.0534
553.809805	91.365	168.2260
557.822939	91.365	168.3953
561.865154	91.366	168.5593
565.936660	91.366	168.7181
570.037671	91.366	168.8746
574.168399	91.365	169.0320
578.329060	91.364	169.1927
582.519870	91.362	169.3566
586.741049	91.361	169.5237
590.992817	91.360	169.6959
595.275394	91.359	169.8757
599.589005	91.359	170.0626
603.933874	91.360	170.2530
608.310228	91.362	170.4435
612.718295	91.364	170.6329
617.158304	91.367	170.8231
621.630488	91.368	171.0193
626.135079	91.370	171.2272
630.672311	91.373	171.4492
635.242423	91.377	171.6814
639.845651	91.384	171.9177
644.482237	91.393	172.1556
649.152421	91.403	172.3957
653.856447	91.416	172.6367
658.594560	91.432	172.8725
663.367008	91.451	173.0932
668.174039	91.470	173.2913
673.015903	91.489	173.4668
677.892854	91.506	173.6270
682.805145	91.521	173.7807
687.753032	91.534	173.9348
692.736774	91.546	174.0948
697.756631	91.556	174.2654
702.812863	91.567	174.4481
707.905735	91.578	174.6406
713.035511	91.590	174.8386
718.202461	91.603	175.0388
723.406852	91.617	175.2406
728.648956	91.632	175.4454
733.929047	91.647	175.6542
739.247399	91.662	175.8676
744.604290	91.678	176.0853
750.000000	91.694	176.3076
755.434809	91.711	176.5344
760.909001	91.729	176.7654
766.422861	91.748	176.9999
771.976677	91.768	177.2369
777.570739	91.789	177.4759
783.205337	91.812	177.7168
788.880766	91.835	177.9612
794.597321	91.859	178.2119
800.355301	91.886	178.4709
806.155005	91.915	178.7370
811.996736	91.948	179.0040
817.880799	91.985	179.2633
823.807501	92.025	179.5054
829.777150	92.067	179.7221
835.790057	92.109	179.9113
841.846536	92.149	-179.9207
847.946903	92.188	-179.7637
854.091476	92.225	-179.6100
860.280575	92.261	-179.4553
866.514523	92.297	-179.2966
872.793644	92.332	-179.1307
879.118267	92.368	-178.9577
885.488720	92.406	-178.7818
891.905336	92.445	-178.6069
898.368450	92.485	-178.4336
904.878398	92.526	-178.2603
911.435520	92.568	-178.0860
918.040157	92.612	-177.9128
924.692655	92.658	-177.7436
931.393359	92.706	-177.5817
938.142619	92.756	-177.4306
944.940787	92.807	-177.2920
951.788218	92.859	-177.1647
958.685268	92.912	-177.0462
965.632296	92.965	-176.9343
972.629666	93.018	-176.8268
979.677741	93.072	-176.7233
986.776890	93.127	-176.6248
993.927482	93.182	-176.5304
1001.129891	93.238	-176.4366
1008.384491	93.296	-176.3398
1015.691660	93.355	-176.2409
1023.051781	93.418	-176.1445
1030.465236	93.484	-176.0581
1037.932411	93.554	-175.9926
1045.453698	93.626	-175.9597
1053.029486	93.699	-175.9650
1060.660172	93.771	-176.0051
1068.346153	93.841	-176.0720
1076.087829	93.909	-176.1568
1083.885605	93.975	-176.2529
1091.739887	94.039	-176.3580
1099.651084	94.103	-176.4716
1107.619609	94.165	-176.5929
1115.645878	94.226	-176.7208
1123.730308	94.287	-176.8540
1131.873321	94.346	-176.9911
1140.075341	94.404	-177.1315
1148.336797	94.462	-177.2748
1156.658119	94.520	-177.4206
1165.039741	94.577	-177.5676
1173.482099	94.635	-177.7140
1181.985634	94.694	-177.8602
1190.550789	94.756	-178.0115
1199.178011	94.819	-178.1782
1207.867749	94.885	-178.3714
1216.620457	94.950	-178.5969
1225.436590	95.013	-178.8517
1234.316609	95.073	-179.1280
1243.260976	95.130	-179.4172
1252.270157	95.183	-179.7119
1261.344623	95.234	179.9925
1270.484846	95.283	179.6979
1279.691303	95.330	179.4064
1288.964474	95.375	179.1200
1298.304842	95.420	178.8386
1307.712894	95.464	178.5597
1317.189120	95.508	178.2796
1326.734016	95.552	177.9963
1336.348077	95.595	177.7104
1346.031806	95.638	177.4244
1355.785708	95.680	177.1421
1365.610290	95.724	176.8668
1375.506065	95.768	176.6030
1385.473549	95.813	176.3553
1395.513261	95.861	176.1246
1405.625726	95.911	175.9062
1415.811469	95.966	175.6890
1426.071023	96.023	175.4593
1436.404921	96.082	175.2079
1446.813703	96.140	174.9337
1457.297912	96.196	174.6413
1467.858093	96.250	174.3363
1478.494798	96.301	174.0230
1489.208581	96.350	173.7054
1500.000000	96.395	173.3874
1510.869618	96.436	173.0723
1521.818002	96.472	172.7626
1532.845723	96.504	172.4598
1543.953355	96.533	172.1645
1555.141477	96.559	171.8762
1566.410674	96.584	171.5908
1577.761531	96.610	171.2978
1589.194642	96.638	170.9840
1600.710601	96.665	170.6404
1612.310010	96.691	170.2662
1623.993473	96.714	169.8662
1635.761599	96.734	169.4478
1647.615002	96.750	169.0178
1659.554299	96.763	168.5821
1671.580114	96.773	168.1458
1683.693072	96.781	167.7115
1695.893807	96.787	167.2795
1708.182952	96.791	166.8494
1720.561150	96.791	166.4226
1733.029045	96.787	166.0038
1745.587288	96.779	165.5990
1758.236533	96.768	165.2158
1770.977440	96.755	164.8605
1783.810673	96.742	164.5336
1796.736900	96.730	164.2278
1809.756796	96.721	163.9302
1822.871040	96.713	163.6304
1836.080315	96.705	163.3239
1849.385310	96.698	163.0110
1862.786718	96.690	162.6942
1876.285239	96.681	162.3775
1889.881575	96.673	162.0663
1903.576436	96.666	161.7672
1917.370535	96.661	161.4858
1931.264593	96.660	161.2264
1945.259332	96.665	160.9888
1959.355483	96.675	160.7661
1973.553781	96.690	160.5465
1987.854965	96.708	160.3214
2002.259781	96.728	160.0888
2016.768981	96.748	159.8529
2031.383320	96.767	159.6210
2046.103561	96.786	159.4017
2060.930471	96.805	159.2019
2075.864823	96.826	159.0247
2090.907395	96.849	158.8694
2106.058972	96.876	158.7324
2121.320344	96.907	158.6087
2136.692305	96.943	158.4922
2152.175658	96.986	158.3736
2167.771210	97.034	158.2372
2183.479774	97.089	158.0608
2199.302169	97.149	157.8224
2215.239219	97.209	157.5092
2231.291755	97.267	157.1201
2247.460615	97.320	156.6646
2263.746641	97.365	156.1596
2280.150683	97.402	155.6263
2296.673595	97.431	155.0863
2313.316238	97.454	154.5576
2330.079481	97.474	154.0504
2346.964198	97.492	153.5637
2363.971268	97.509	153.0891
2381.101578	97.526	152.6181
2398.356022	97.542	152.1456
2415.735498	97.557	151.6705
2433.240913	97.570	151.1942
2450.873180	97.580	150.7189
2468.633217	97.590	150.2456
2486.521951	97.597	149.7758
2504.540314	97.601	149.3137
2522.689246	97.604	148.8667
2540.969692	97.606	148.4424
2559.382606	97.609	148.0424
2577.928947	97.614	147.6599
2596.609683	97.621	147.2848
2615.425787	97.631	146.9084
2634.378241	97.642	146.5259
2653.468031	97.654	146.1375
2672.696154	97.666	145.7478
2692.063613	97.678	145.3638
2711.571415	97.692	144.9899
2731.220579	97.709	144.6226
2751.012130	97.731	144.2514
2770.947098	97.757	143.8646
2791.026522	97.786	143.4529
2811.251451	97.817	143.0106
2831.622938	97.850	142.5346
2852.142045	97.884	142.0231
2872.809842	97.917	141.4761
2893.627406	97.950	140.8972
2914.595823	97.981	140.2935
2935.716186	98.012	139.6710
2956.989596	98.044	139.0287
2978.417161	98.078	138.3593
3000.000000	98.112	137.6531
3021.739237	98.148	136.9020
3043.636005	98.182	136.1023
3065.691446	98.216	135.2552
3087.906710	98.248	134.3645
3110.282955	98.278	133.4302
3132.821347	98.309	132.4456
3155.523062	98.338	131.4003
3178.389283	98.365	130.2839
3201.421202	98.388	129.0891
3224.620020	98.405	127.8116
3247.986946	98.413	126.4514
3271.523198	98.412	125.0132
3295.230004	98.397	123.5085
3319.108599	98.370	121.9529
3343.160228	98.329	120.3594
3367.386145	98.276	118.7363
3391.787613	98.209	117.0891
3416.365904	98.129	115.4224
3441.122300	98.034	113.7442
3466.058091	97.925	112.0658
3491.174576	97.802	110.3986
3516.473066	97.666	108.7490
3541.954880	97.517	107.1177
3567.621345	97.356	105.5026
3593.473800	97.181	103.9023
3619.513592	96.992	102.3175
3645.742080	96.786	100.7530
3672.160630	96.562	99.2206
3698.770620	96.318	97.7388
3725.573436	96.056	96.3268
3752.570477	95.774	94.9985
3779.763150	95.475	93.7613
3807.152872	95.159	92.6189
3834.741071	94.825	91.5768
3862.529185	94.473	90.6452
3890.518664	94.103	89.8356
3918.710966	93.715	89.1575
3947.107561	93.311	88.6175
3975.709929	92.890	88.2230
4004.519563	92.454	87.9835
4033.537962	92.001	87.9124
4062.766641	91.532	88.0312
4092.207123	91.047	88.3689
4121.860942	90.549	88.9551
4151.729646	90.041	89.8111
4181.814790	89.529	90.9476
4212.117944	89.015	92.3689
4242.640687	88.505	94.0801
4273.384610	88.000	96.0883
4304.351317	87.507	98.3975
4335.542421	87.030	101.0056
4366.959549	86.572	103.9044
4398.604338	86.140	107.0816
4430.478438	85.735	110.5249
4462.583511	85.363	114.2303
4494.921231	85.027	118.2026
4527.493283	84.732	122.4461
4560.301365	84.486	126.9554
4593.347189	84.297	131.7129
4626.632476	84.171	136.6926
4660.158962	84.119	141.8577
4693.928395	84.148	147.1493
4727.942535	84.265	152.4801
4762.203156	84.474	157.7368
4796.712043	84.775	162.7907
4831.470996	85.161	167.5183
4866.481826	85.622	171.8172
4901.746360	86.146	175.6097
4937.266434	86.718	178.8384
4973.043902	87.324	-178.5341
5009.080628	87.947	-176.5206
5045.378492	88.575	-175.1109
5081.939384	89.193	-174.2808
5118.765212	89.790	-173.9985
5155.857894	90.356	-174.2279
5193.219366	90.879	-174.9263
5230.851574	91.352	-176.0394
5268.756481	91.765	-177.4988
5306.936062	92.112	-179.2271
5345.392309	92.391	178.8564
5384.127225	92.600	176.8337
5423.142830	92.738	174.7890
5462.441159	92.808	172.8052
5502.024259	92.817	170.9562
5541.894195	92.772	169.3015
5582.053045	92.682	167.8817
5622.502902	92.556	166.7209
5663.245876	92.402	165.8322
5704.284090	92.228	165.2188
5745.619684	92.042	164.8741
5787.254813	91.848	164.7858
5829.191647	91.652	164.9424
5871.432373	91.456	165.3353
5913.979192	91.265	165.9572
5956.834323	91.084	166.7965
6000.000000	90.915	167.8354
6043.478473	90.762	169.0523
6087.272010	90.627	170.4247
6131.382892	90.512	171.9286
6175.813420	90.418	173.5414
6220.565910	90.345	175.2464
6265.642695	90.292	177.0347
6311.046124	90.260	178.9025
6356.778566	90.250	-179.1547
6402.842404	90.263	-177.1452
6449.240040	90.301	-175.0807
6495.973891	90.365	-172.9757
6543.046396	90.457	-170.8485
6590.460007	90.576	-168.7172
6638.217197	90.723	-166.5957
6686.320456	90.899	-164.4937
6734.772290	91.104	-162.4214
6783.575226	91.340	-160.3960
6832.731809	91.607	-158.4426
6882.244600	91.906	-156.5945
6932.116181	92.233	-154.8913
6982.349153	92.587	-153.3691
7032.946133	92.962	-152.0475
7083.909760	93.357	-150.9210
7135.242690	93.773	-149.9666
7186.947600	94.217	-149.1711
7239.027185	94.696	-148.5733
7291.484160	95.212	-148.2781
7344.321260	95.760	-148.4160
7397.541239	96.325	-149.0916
7451.146872	96.891	-150.3659
7505.140954	97.441	-152.2667
7559.526299	97.960	-154.8012
7614.305743	98.433	-157.9581
7669.482141	98.845	-161.7047
7725.058371	99.183	-165.9827
7781.037328	99.434	-170.7073
7837.421932	99.591	-175.7675
7894.215122	99.649	178.9672
7951.419859	99.608	173.6340
8009.039125	99.470	168.3639
8067.075924	99.242	163.2710
8125.533282	98.931	158.4445
8184.414245	98.542	153.9495
8243.721885	98.081	149.8359
8303.459292	97.552	146.1502
8363.629581	96.959	142.9424
8424.235888	96.307	140.2670
8485.281374	95.603	138.1774
8546.769221	94.857	136.7149
8608.702634	94.081	135.9025
8671.084842	93.290	135.7431
8733.919097	92.495	136.2218
8797.208675	91.709	137.3108
8860.956876	90.946	138.9747
8925.167022	90.214	141.1684
8989.842461	89.525	143.8345
9054.986566	88.886	146.9062
9120.602731	88.303	150.3154
9186.694378	87.779	154.0011
9253.264952	87.316	157.9131
9320.317925	86.916	162.0079
9387.856790	86.578	166.2407
9455.885071	86.305	170.5650
9524.406312	86.095	174.9365
9593.424086	85.947	179.3163
9662.941992	85.861	-176.3262
9732.963653	85.835	-172.0229
9803.492719	85.867	-167.8148
9874.532869	85.954	-163.7505
9946.087805	86.091	-159.8748
10018.161257	86.269	-156.2097
10090.756983	86.482	-152.7392
10163.878768	86.726	-149.4071
10237.530423	87.005	-146.1277
10311.715789	87.332	-142.8203
10386.438732	87.727	-139.4674
10461.703149	88.211	-136.1662
10537.512962	88.792	-133.1266
10613.872125	89.465	-130.6040
10690.784618	90.209	-128.8233
10768.254450	90.999	-127.9407
10846.285661	91.804	-128.0432
10924.882318	92.596	-129.1662
11004.048518	93.346	-131.3083
11083.788390	94.024	-134.4336
11164.106090	94.603	-138.4639
11245.005805	95.056	-143.2688
11326.491752	95.366	-148.6645
11408.568180	95.520	-154.4272
11491.239368	95.519	-160.3183
11574.509626	95.370	-166.1140
11658.383294	95.088	-171.6294
11742.864745	94.693	-176.7351
11827.958384	94.205	178.6385
11913.668646	93.645	174.5056
12000.000000	93.029	170.8412
12086.956947	92.368	167.6038
12174.544019	91.668	164.7561
12262.765784	90.930	162.2750
12351.626840	90.154	160.1525
12441.131819	89.340	158.3954
12531.285389	88.487	157.0245
12622.092249	87.596	156.0710
12713.557132	86.670	155.5681
12805.684808	85.714	155.5416
12898.480079	84.735	156.0081
12991.947783	83.737	156.9777
13086.092792	82.729	158.4552
13180.920015	81.718	160.4368
13276.434395	80.709	162.9094
13372.640911	79.709	165.8566
13469.544580	78.722	169.2656
13567.150452	77.753	173.1263
13665.463617	76.806	177.4299
13764.489200	75.884	-177.8277
13864.232362	74.992	-172.6364
13964.698305	74.134	-166.9729
14065.892266	73.320	-160.8077
14167.819519	72.558	-154.1106
14270.485380	71.862	-146.8556
14373.895200	71.251	-139.0462
14478.054370	70.745	-130.7579
14582.968320	70.364	-122.1726
14688.642520	70.125	-113.5805
14795.082478	70.028	-105.3397
14902.293745	70.061	-97.7915
15010.281908	70.196	-91.1666
15119.052599	70.399	-85.5422
15228.611486	70.635	-80.8738
15338.964283	70.875	-77.0561
15450.116741	71.095	-73.9689
15562.074656	71.275	-71.4929
15674.843864	71.393	-69.4987
15788.430244	71.433	-67.8191
15902.839718	71.380	-66.2222
16018.078250	71.232	-64.4137
16134.151848	71.004	-62.0750
16251.066563	70.729	-58.9230
16368.828491	70.451	-54.7690
16487.443769	70.225	-49.5686
16606.918584	70.104	-43.4495
16727.259161	70.130	-36.6923
16848.471777	70.331	-29.6711
16970.562748	70.719	-22.7935
17093.538442	71.286	-16.4559
17217.405268	72.009	-11.0100
17342.169684	72.852	-6.7418
17467.838194	73.769	-3.8563
17594.417350	74.710	-2.4695
17721.913751	75.624	-2.6132
17850.334044	76.460	-4.2436
17979.684923	77.169	-7.2391
18109.973131	77.706	-11.3922
18241.205462	78.037	-16.4104
18373.388756	78.138	-21.9340
18506.529905	78.007	-27.5799
18640.635849	77.657	-33.0050
18775.713581	77.119	-37.9586
18911.770141	76.427	-42.3026
19048.812624	75.615	-46.0027
19186.848172	74.711	-49.0967
19325.883983	73.738	-51.6516
19465.927305	72.719	-53.7245
19606.985439	71.690	-55.3428
19749.065738	70.721	-56.5094
19892.175609	69.933	-57.2345
20036.322514	69.479	-57.5657
