* Measurement data measured by REW V5.31
* Source: EXCL: Microphone (USB Sound Device        ), MICROPHONE (Master Volume), L, volume: 0.390
* Format: 256k Log Swept Sine, 1 sweep at -15.0 dBFS with no timing reference
* Dated: Oct 14, 2024 1:25:49 PM
* REW Settings:
*  C-weighting compensation: Off
*  Target level: 75.0 dB
* Note: NF Acoud NM20 R
* Measurement: R NF Acoud NM20
* Smoothing: 1/12 octave
* Frequency Step: 96 ppo
* Start Frequency: 0.36621094 Hz
*
* Freq(Hz)	SPL(dB)	Phase(degrees)
0.366211	84.750	158.2475
0.368865	84.744	158.2239
0.371538	84.736	158.1886
0.374230	84.725	158.1443
0.376942	84.713	158.0933
0.379673	84.701	158.0372
0.382424	84.687	157.9772
0.385196	84.674	157.9139
0.387987	84.660	157.8478
0.390798	84.646	157.7790
0.393630	84.632	157.7077
0.396483	84.617	157.6339
0.399356	84.603	157.5575
0.402250	84.588	157.4786
0.405165	84.574	157.3972
0.408101	84.559	157.3132
0.411058	84.544	157.2267
0.414037	84.529	157.1376
0.417037	84.514	157.0458
0.420059	84.499	156.9513
0.423103	84.483	156.8542
0.426169	84.468	156.7544
0.429257	84.452	156.6519
0.432368	84.437	156.5466
0.435501	84.421	156.4385
0.438656	84.405	156.3276
0.441835	84.389	156.2139
0.445037	84.373	156.0973
0.448262	84.356	155.9779
0.451510	84.340	155.8555
0.454782	84.324	155.7303
0.458077	84.307	155.6021
0.461397	84.290	155.4709
0.464740	84.273	155.3368
0.468108	84.257	155.1997
0.471500	84.239	155.0596
0.474917	84.222	154.9165
0.478358	84.205	154.7703
0.481825	84.187	154.6210
0.485316	84.170	154.4687
0.488833	84.152	154.3132
0.492375	84.134	154.1547
0.495943	84.116	153.9931
0.499537	84.098	153.8283
0.503157	84.080	153.6604
0.506803	84.062	153.4894
0.510475	84.043	153.3153
0.514175	84.025	153.1380
0.517900	84.006	152.9575
0.521653	83.987	152.7739
0.525434	83.968	152.5872
0.529241	83.949	152.3973
0.533076	83.929	152.2043
0.536939	83.910	152.0081
0.540830	83.890	151.8089
0.544749	83.871	151.6065
0.548696	83.851	151.4010
0.552673	83.831	151.1925
0.556677	83.811	150.9809
0.560711	83.790	150.7663
0.564774	83.770	150.5487
0.568867	83.749	150.3282
0.572989	83.728	150.1047
0.577141	83.707	149.8783
0.581324	83.686	149.6490
0.585536	83.665	149.4169
0.589779	83.644	149.1821
0.594053	83.622	148.9445
0.598358	83.601	148.7043
0.602694	83.579	148.4615
0.607061	83.557	148.2162
0.611460	83.535	147.9684
0.615891	83.512	147.7182
0.620354	83.490	147.4658
0.624849	83.467	147.2111
0.629377	83.444	146.9543
0.633938	83.422	146.6955
0.638532	83.398	146.4348
0.643159	83.375	146.1722
0.647819	83.352	145.9080
0.652514	83.328	145.6422
0.657242	83.304	145.3750
0.662005	83.280	145.1066
0.666802	83.256	144.8369
0.671634	83.232	144.5663
0.676501	83.207	144.2949
0.681403	83.182	144.0229
0.686341	83.158	143.7503
0.691314	83.132	143.4775
0.696324	83.107	143.2046
0.701370	83.082	142.9317
0.706452	83.056	142.6589
0.711571	83.029	142.3864
0.716728	83.002	142.1140
0.721921	82.973	141.8416
0.727153	82.944	141.5686
0.732422	82.912	141.2943
0.737729	82.878	141.0176
0.743075	82.843	140.7375
0.748460	82.805	140.4532
0.753883	82.766	140.1639
0.759346	82.727	139.8691
0.764849	82.686	139.5684
0.770391	82.645	139.2616
0.775974	82.603	138.9485
0.781597	82.560	138.6290
0.787261	82.517	138.3030
0.792966	82.473	137.9705
0.798712	82.428	137.6312
0.804500	82.383	137.2852
0.810329	82.337	136.9323
0.816201	82.291	136.5726
0.822116	82.244	136.2059
0.828073	82.196	135.8323
0.834074	82.147	135.4516
0.840118	82.098	135.0637
0.846206	82.048	134.6688
0.852338	81.997	134.2667
0.858514	81.945	133.8573
0.864735	81.892	133.4408
0.871001	81.839	133.0170
0.877313	81.785	132.5861
0.883670	81.729	132.1479
0.890074	81.673	131.7024
0.896524	81.616	131.2499
0.903020	81.557	130.7902
0.909564	81.498	130.3234
0.916155	81.438	129.8497
0.922794	81.376	129.3690
0.929481	81.314	128.8815
0.936216	81.250	128.3874
0.943000	81.185	127.8868
0.949834	81.119	127.3797
0.956717	81.051	126.8665
0.963649	80.983	126.3474
0.970632	80.912	125.8225
0.977666	80.841	125.2921
0.984750	80.768	124.7565
0.991886	80.694	124.2161
0.999074	80.618	123.6712
1.006314	80.540	123.1222
1.013606	80.461	122.5695
1.020951	80.381	122.0135
1.028349	80.298	121.4548
1.035801	80.214	120.8939
1.043307	80.128	120.3313
1.050867	80.040	119.7676
1.058482	79.951	119.2035
1.066152	79.859	118.6394
1.073878	79.765	118.0758
1.081660	79.670	117.5130
1.089498	79.571	116.9509
1.097393	79.470	116.3892
1.105345	79.367	115.8271
1.113355	79.260	115.2635
1.121423	79.151	114.6974
1.129549	79.038	114.1277
1.137734	78.921	113.5535
1.145979	78.802	112.9740
1.154283	78.679	112.3883
1.162647	78.553	111.7957
1.171072	78.424	111.1956
1.179558	78.291	110.5871
1.188106	78.156	109.9695
1.196715	78.018	109.3420
1.205387	77.877	108.7037
1.214122	77.733	108.0537
1.222920	77.587	107.3912
1.231782	77.438	106.7152
1.240708	77.287	106.0245
1.249699	77.134	105.3183
1.258754	76.979	104.5952
1.267876	76.822	103.8542
1.277063	76.663	103.0939
1.286318	76.502	102.3132
1.295639	76.341	101.5106
1.305027	76.178	100.6847
1.314484	76.014	99.8341
1.324009	75.849	98.9573
1.333604	75.683	98.0528
1.343268	75.518	97.1188
1.353002	75.352	96.1540
1.362806	75.186	95.1566
1.372681	75.020	94.1251
1.382628	74.855	93.0580
1.392647	74.691	91.9537
1.402739	74.528	90.8110
1.412904	74.366	89.6284
1.423142	74.206	88.4048
1.433455	74.047	87.1392
1.443843	73.889	85.8303
1.454305	73.732	84.4768
1.464844	73.575	83.0770
1.475459	73.418	81.6286
1.486150	73.259	80.1282
1.496920	73.097	78.5720
1.507767	72.932	76.9559
1.518693	72.765	75.2751
1.529698	72.594	73.5248
1.540783	72.421	71.6999
1.551948	72.245	69.7952
1.563194	72.068	67.8055
1.574521	71.889	65.7257
1.585931	71.710	63.5507
1.597423	71.531	61.2759
1.608999	71.353	58.8970
1.620658	71.176	56.4106
1.632402	71.001	53.8144
1.644232	70.829	51.1073
1.656146	70.661	48.2898
1.668147	70.498	45.3647
1.680235	70.340	42.3368
1.692411	70.189	39.2139
1.704675	70.046	36.0064
1.717028	69.911	32.7274
1.729470	69.785	29.3930
1.742003	69.671	26.0215
1.754626	69.569	22.6330
1.767341	69.480	19.2485
1.780147	69.405	15.8880
1.793047	69.347	12.5695
1.806040	69.306	9.3054
1.819128	69.284	6.1009
1.832310	69.282	2.9528
1.845587	69.301	-0.1487
1.858961	69.341	-3.2125
1.872432	69.403	-6.2403
1.886001	69.486	-9.2255
1.899667	69.590	-12.1553
1.913433	69.713	-15.0151
1.927299	69.854	-17.7899
1.941265	70.012	-20.4670
1.955332	70.185	-23.0364
1.969501	70.371	-25.4911
1.983773	70.569	-27.8272
1.998148	70.777	-30.0430
2.012627	70.993	-32.1394
2.027212	71.216	-34.1187
2.041902	71.442	-35.9849
2.056698	71.670	-37.7428
2.071602	71.899	-39.3980
2.086614	72.126	-40.9565
2.101734	72.348	-42.4248
2.116964	72.565	-43.8095
2.132304	72.773	-45.1175
2.147756	72.972	-46.3560
2.163320	73.161	-47.5325
2.178996	73.339	-48.6547
2.194786	73.507	-49.7303
2.210690	73.665	-50.7660
2.226710	73.815	-51.7668
2.242845	73.960	-52.7363
2.259098	74.099	-53.6763
2.275468	74.234	-54.5882
2.291957	74.365	-55.4728
2.308566	74.493	-56.3304
2.325295	74.617	-57.1612
2.342145	74.739	-57.9649
2.359117	74.858	-58.7411
2.376212	74.974	-59.4892
2.393431	75.088	-60.2083
2.410775	75.200	-60.8973
2.428244	75.309	-61.5550
2.445840	75.416	-62.1800
2.463564	75.522	-62.7708
2.481416	75.626	-63.3261
2.499397	75.728	-63.8443
2.517509	75.828	-64.3247
2.535752	75.927	-64.7664
2.554127	76.023	-65.1700
2.572635	76.116	-65.5362
2.591277	76.207	-65.8670
2.610055	76.294	-66.1644
2.628968	76.378	-66.4307
2.648019	76.459	-66.6680
2.667208	76.536	-66.8780
2.686535	76.610	-67.0623
2.706003	76.683	-67.2225
2.725612	76.753	-67.3598
2.745363	76.821	-67.4755
2.765257	76.889	-67.5708
2.785295	76.957	-67.6466
2.805478	77.025	-67.7039
2.825808	77.093	-67.7436
2.846285	77.163	-67.7663
2.866910	77.235	-67.7724
2.887685	77.309	-67.7617
2.908611	77.385	-67.7337
2.929688	77.464	-67.6871
2.950917	77.544	-67.6208
2.972301	77.627	-67.5336
2.993839	77.710	-67.4254
3.015534	77.795	-67.2972
3.037386	77.882	-67.1505
3.059396	77.969	-66.9880
3.081565	78.058	-66.8123
3.103896	78.148	-66.6265
3.126388	78.239	-66.4340
3.149043	78.332	-66.2378
3.171862	78.427	-66.0411
3.194847	78.524	-65.8468
3.217998	78.622	-65.6571
3.241317	78.724	-65.4738
3.264805	78.827	-65.2974
3.288463	78.933	-65.1275
3.312293	79.042	-64.9627
3.336295	79.154	-64.8013
3.360471	79.269	-64.6422
3.384822	79.386	-64.4855
3.409350	79.506	-64.3324
3.434056	79.627	-64.1846
3.458940	79.751	-64.0448
3.484005	79.876	-63.9155
3.509252	80.001	-63.7996
3.534681	80.128	-63.6998
3.560295	80.254	-63.6187
3.586094	80.380	-63.5584
3.612081	80.506	-63.5205
3.638255	80.631	-63.5058
3.664620	80.755	-63.5143
3.691175	80.880	-63.5452
3.717923	81.004	-63.5972
3.744864	81.127	-63.6686
3.772001	81.251	-63.7581
3.799335	81.374	-63.8642
3.826866	81.497	-63.9860
3.854597	81.618	-64.1223
3.882529	81.738	-64.2725
3.910664	81.856	-64.4358
3.939002	81.973	-64.6120
3.967546	82.087	-64.8009
3.996296	82.199	-65.0028
4.025255	82.308	-65.2180
4.054423	82.414	-65.4470
4.083804	82.518	-65.6901
4.113396	82.619	-65.9467
4.143204	82.718	-66.2158
4.173227	82.814	-66.4955
4.203468	82.908	-66.7839
4.233928	82.999	-67.0788
4.264609	83.087	-67.3782
4.295512	83.173	-67.6801
4.326639	83.256	-67.9834
4.357992	83.337	-68.2872
4.389572	83.414	-68.5919
4.421380	83.489	-68.8979
4.453419	83.560	-69.2060
4.485691	83.629	-69.5164
4.518196	83.694	-69.8284
4.550936	83.757	-70.1407
4.583914	83.817	-70.4512
4.617131	83.875	-70.7579
4.650589	83.931	-71.0585
4.684289	83.985	-71.3509
4.718233	84.038	-71.6337
4.752424	84.088	-71.9060
4.786862	84.137	-72.1678
4.821549	84.184	-72.4195
4.856488	84.229	-72.6616
4.891680	84.272	-72.8945
4.927127	84.314	-73.1183
4.962831	84.355	-73.3327
4.998794	84.396	-73.5373
5.035017	84.436	-73.7315
5.071503	84.476	-73.9147
5.108253	84.517	-74.0862
5.145270	84.558	-74.2456
5.182555	84.599	-74.3929
5.220110	84.641	-74.5287
5.257937	84.683	-74.6541
5.296038	84.726	-74.7708
5.334415	84.770	-74.8807
5.373071	84.815	-74.9855
5.412006	84.861	-75.0869
5.451224	84.910	-75.1860
5.490725	84.960	-75.2832
5.530514	85.012	-75.3790
5.570590	85.066	-75.4735
5.610957	85.122	-75.5678
5.651616	85.179	-75.6634
5.692570	85.239	-75.7626
5.733821	85.300	-75.8677
5.775370	85.363	-75.9810
5.817221	85.427	-76.1044
5.859375	85.493	-76.2389
5.901834	85.560	-76.3852
5.944602	85.629	-76.5432
5.987679	85.699	-76.7132
6.031068	85.770	-76.8957
6.074771	85.842	-77.0915
6.118792	85.914	-77.3015
6.163131	85.987	-77.5266
6.207792	86.059	-77.7676
6.252776	86.132	-78.0248
6.298086	86.204	-78.2980
6.343725	86.275	-78.5865
6.389694	86.347	-78.8893
6.435996	86.417	-79.2052
6.482634	86.487	-79.5331
6.529610	86.556	-79.8721
6.576926	86.623	-80.2215
6.624585	86.689	-80.5809
6.672590	86.753	-80.9499
6.720942	86.816	-81.3274
6.769645	86.878	-81.7121
6.818700	86.938	-82.1020
6.868111	86.997	-82.4953
6.917881	87.055	-82.8905
6.968010	87.111	-83.2866
7.018504	87.166	-83.6829
7.069362	87.220	-84.0789
7.120590	87.272	-84.4738
7.172189	87.324	-84.8665
7.224161	87.375	-85.2558
7.276511	87.425	-85.6404
7.329239	87.476	-86.0196
7.382350	87.526	-86.3929
7.435845	87.576	-86.7604
7.489729	87.626	-87.1222
7.544002	87.676	-87.4785
7.598669	87.727	-87.8296
7.653732	87.779	-88.1757
7.709194	87.832	-88.5168
7.765058	87.886	-88.8533
7.821327	87.941	-89.1860
7.878004	87.997	-89.5157
7.935091	88.055	-89.8436
7.992592	88.114	-90.1710
8.050510	88.175	-90.4987
8.108847	88.236	-90.8274
8.167607	88.300	-91.1579
8.226793	88.364	-91.4908
8.286408	88.430	-91.8271
8.346454	88.497	-92.1677
8.406936	88.565	-92.5134
8.467856	88.634	-92.8647
8.529218	88.703	-93.2218
8.591024	88.773	-93.5846
8.653278	88.844	-93.9530
8.715983	88.914	-94.3270
8.779143	88.985	-94.7063
8.842760	89.055	-95.0908
8.906839	89.126	-95.4798
8.971381	89.196	-95.8726
9.036392	89.265	-96.2682
9.101873	89.334	-96.6657
9.167829	89.402	-97.0641
9.234263	89.469	-97.4629
9.301178	89.536	-97.8610
9.368578	89.602	-98.2576
9.436467	89.667	-98.6515
9.504847	89.732	-99.0420
9.573723	89.795	-99.4283
9.643099	89.858	-99.8098
9.712976	89.919	-100.1862
9.783361	89.978	-100.5570
9.854255	90.035	-100.9220
9.925663	90.090	-101.2809
9.997588	90.143	-101.6338
10.070035	90.193	-101.9809
10.143007	90.241	-102.3225
10.216507	90.288	-102.6591
10.290540	90.334	-102.9910
10.365109	90.379	-103.3189
10.440219	90.423	-103.6432
10.515873	90.467	-103.9647
10.592076	90.511	-104.2840
10.668830	90.554	-104.6017
10.746141	90.598	-104.9184
10.824012	90.641	-105.2346
10.902447	90.685	-105.5506
10.981451	90.728	-105.8670
11.061027	90.771	-106.1840
11.141180	90.813	-106.5018
11.221913	90.855	-106.8204
11.303232	90.897	-107.1397
11.385140	90.937	-107.4598
11.467641	90.977	-107.7806
11.550741	91.017	-108.1017
11.634442	91.055	-108.4229
11.718750	91.093	-108.7439
11.803669	91.131	-109.0645
11.889203	91.168	-109.3844
11.975357	91.204	-109.7033
12.062136	91.240	-110.0209
12.149543	91.275	-110.3372
12.237583	91.310	-110.6519
12.326262	91.344	-110.9650
12.415583	91.378	-111.2766
12.505552	91.411	-111.5866
12.596172	91.443	-111.8953
12.687449	91.475	-112.2028
12.779387	91.506	-112.5096
12.871992	91.537	-112.8158
12.965268	91.567	-113.1219
13.059220	91.598	-113.4284
13.153852	91.628	-113.7357
13.249170	91.658	-114.0444
13.345179	91.688	-114.3549
13.441884	91.718	-114.6677
13.539289	91.748	-114.9833
13.637401	91.778	-115.3022
13.736223	91.808	-115.6247
13.835761	91.838	-115.9512
13.936021	91.867	-116.2819
14.037007	91.896	-116.6170
14.138725	91.925	-116.9566
14.241180	91.953	-117.3007
14.344377	91.980	-117.6491
14.448323	92.007	-118.0017
14.553021	92.034	-118.3582
14.658478	92.060	-118.7182
14.764700	92.085	-119.0814
14.871691	92.110	-119.4472
14.979457	92.134	-119.8154
15.088005	92.159	-120.1854
15.197339	92.183	-120.5568
15.307465	92.207	-120.9294
15.418389	92.232	-121.3028
15.530117	92.256	-121.6771
15.642655	92.280	-122.0520
15.756008	92.304	-122.4277
15.870182	92.329	-122.8042
15.985184	92.354	-123.1817
16.101019	92.379	-123.5605
16.217694	92.404	-123.9409
16.335214	92.430	-124.3230
16.453586	92.457	-124.7069
16.572815	92.483	-125.0929
16.692909	92.511	-125.4808
16.813872	92.538	-125.8705
16.935713	92.566	-126.2618
17.058436	92.595	-126.6542
17.182048	92.624	-127.0473
17.306556	92.653	-127.4404
17.431967	92.681	-127.8329
17.558286	92.710	-128.2243
17.685521	92.739	-128.6139
17.813677	92.767	-129.0011
17.942762	92.796	-129.3856
18.072783	92.824	-129.7671
18.203746	92.853	-130.1454
18.335658	92.881	-130.5205
18.468526	92.910	-130.8926
18.602356	92.938	-131.2619
18.737156	92.967	-131.6288
18.872934	92.996	-131.9935
19.009695	93.025	-132.3565
19.147447	93.054	-132.7180
19.286197	93.083	-133.0783
19.425953	93.112	-133.4373
19.566721	93.140	-133.7950
19.708510	93.168	-134.1512
19.851326	93.194	-134.5053
19.995177	93.220	-134.8570
20.140070	93.245	-135.2058
20.286013	93.269	-135.5512
20.433014	93.292	-135.8929
20.581080	93.315	-136.2309
20.730219	93.337	-136.5652
20.880439	93.359	-136.8965
21.031747	93.380	-137.2254
21.184152	93.402	-137.5531
21.337661	93.423	-137.8809
21.492282	93.444	-138.2100
21.648024	93.466	-138.5418
21.804895	93.486	-138.8771
21.962902	93.507	-139.2166
22.122054	93.526	-139.5601
22.282360	93.544	-139.9072
22.443827	93.560	-140.2566
22.606464	93.576	-140.6065
22.770280	93.589	-140.9550
22.935283	93.602	-141.2998
23.101481	93.613	-141.6392
23.268884	93.624	-141.9718
23.437500	93.635	-142.2969
23.607338	93.646	-142.6150
23.778406	93.658	-142.9274
23.950714	93.671	-143.2363
24.124271	93.685	-143.5446
24.299086	93.702	-143.8555
24.475167	93.719	-144.1721
24.652524	93.738	-144.4970
24.831166	93.759	-144.8319
25.011103	93.779	-145.1775
25.192344	93.800	-145.5335
25.374898	93.821	-145.8986
25.558775	93.841	-146.2707
25.743984	93.860	-146.6476
25.930536	93.878	-147.0271
26.118439	93.897	-147.4073
26.307704	93.914	-147.7868
26.498341	93.932	-148.1651
26.690359	93.949	-148.5421
26.883768	93.966	-148.9180
27.078579	93.983	-149.2932
27.274801	93.999	-149.6679
27.472446	94.016	-150.0420
27.671522	94.031	-150.4149
27.872042	94.046	-150.7856
28.074014	94.059	-151.1530
28.277450	94.072	-151.5160
28.482360	94.085	-151.8737
28.688755	94.096	-152.2259
28.896645	94.108	-152.5728
29.106042	94.119	-152.9152
29.316957	94.130	-153.2542
29.529400	94.140	-153.5911
29.743382	94.151	-153.9271
29.958915	94.162	-154.2630
30.176009	94.172	-154.5993
30.394677	94.182	-154.9361
30.614929	94.192	-155.2732
30.836778	94.201	-155.6104
31.060234	94.209	-155.9475
31.285309	94.217	-156.2847
31.512015	94.225	-156.6224
31.740364	94.233	-156.9614
31.970368	94.240	-157.3024
32.202039	94.247	-157.6461
32.435388	94.253	-157.9927
32.670428	94.260	-158.3420
32.907171	94.265	-158.6935
33.145630	94.270	-159.0461
33.385817	94.274	-159.3987
33.627745	94.278	-159.7503
33.871425	94.281	-160.1001
34.116871	94.284	-160.4481
34.364096	94.287	-160.7945
34.613113	94.290	-161.1399
34.863934	94.293	-161.4849
35.116572	94.296	-161.8298
35.371041	94.298	-162.1746
35.627354	94.300	-162.5188
35.885525	94.302	-162.8616
36.145566	94.303	-163.2024
36.407492	94.303	-163.5407
36.671316	94.304	-163.8766
36.937051	94.304	-164.2107
37.204712	94.304	-164.5441
37.474313	94.305	-164.8781
37.745867	94.304	-165.2133
38.019389	94.304	-165.5500
38.294893	94.302	-165.8875
38.572394	94.299	-166.2243
38.851905	94.296	-166.5584
39.133442	94.291	-166.8875
39.417019	94.286	-167.2097
39.702651	94.280	-167.5241
39.990353	94.275	-167.8309
40.280140	94.271	-168.1321
40.572026	94.267	-168.4304
40.866028	94.265	-168.7293
41.162160	94.263	-169.0316
41.460438	94.262	-169.3390
41.760877	94.260	-169.6509
42.063494	94.258	-169.9653
42.368303	94.255	-170.2791
42.675322	94.251	-170.5896
42.984565	94.247	-170.8956
43.296048	94.243	-171.1980
43.609789	94.239	-171.4988
43.925804	94.236	-171.8002
44.244108	94.232	-172.1037
44.564719	94.228	-172.4093
44.887654	94.224	-172.7160
45.212928	94.219	-173.0233
45.540560	94.215	-173.3321
45.870565	94.210	-173.6448
46.202962	94.206	-173.9644
46.537768	94.200	-174.2923
46.875000	94.193	-174.6274
47.214676	94.185	-174.9655
47.556813	94.174	-175.3003
47.901429	94.162	-175.6264
48.248542	94.149	-175.9403
48.598171	94.137	-176.2420
48.950334	94.126	-176.5343
49.305048	94.116	-176.8213
49.662333	94.108	-177.1075
50.022206	94.102	-177.3960
50.384688	94.096	-177.6889
50.749796	94.090	-177.9866
51.117550	94.084	-178.2886
51.487969	94.078	-178.5937
51.861072	94.072	-178.9004
52.236879	94.064	-179.2071
52.615409	94.055	-179.5119
52.996681	94.046	-179.8128
53.380717	94.035	179.8923
53.767536	94.024	179.6047
54.157158	94.013	179.3241
54.549603	94.003	179.0482
54.944892	93.993	178.7733
55.343045	93.983	178.4964
55.744084	93.974	178.2158
56.148028	93.964	177.9319
56.554900	93.954	177.6460
56.964720	93.944	177.3587
57.377510	93.933	177.0699
57.793291	93.922	176.7787
58.212085	93.911	176.4848
58.633914	93.900	176.1888
59.058799	93.888	175.8911
59.486764	93.875	175.5919
59.917829	93.862	175.2917
60.352019	93.848	174.9915
60.789354	93.832	174.6937
61.229859	93.816	174.4004
61.673556	93.799	174.1125
62.120468	93.782	173.8286
62.570618	93.765	173.5459
63.024031	93.748	173.2631
63.480729	93.730	172.9805
63.940736	93.712	172.7000
64.404077	93.694	172.4228
64.870776	93.675	172.1485
65.340856	93.656	171.8758
65.814343	93.638	171.6041
66.291261	93.619	171.3347
66.771635	93.599	171.0696
67.255489	93.580	170.8102
67.742850	93.561	170.5554
68.233743	93.542	170.3026
68.728193	93.523	170.0493
69.226226	93.503	169.7963
69.727867	93.483	169.5463
70.233144	93.461	169.3022
70.742083	93.440	169.0637
71.254709	93.419	168.8270
71.771050	93.398	168.5865
72.291132	93.378	168.3387
72.814984	93.356	168.0845
73.342631	93.334	167.8280
73.874102	93.310	167.5741
74.409424	93.287	167.3253
74.948626	93.264	167.0804
75.491734	93.243	166.8365
76.038779	93.222	166.5914
76.589787	93.201	166.3453
77.144788	93.181	166.1003
77.703811	93.161	165.8587
78.266885	93.141	165.6216
78.834039	93.121	165.3883
79.405303	93.101	165.1578
79.980706	93.080	164.9293
80.560280	93.059	164.7031
81.144053	93.037	164.4793
81.732056	93.015	164.2567
82.324320	92.992	164.0316
82.920876	92.970	163.7993
83.521755	92.947	163.5565
84.126988	92.924	163.3032
84.736607	92.899	163.0426
85.350643	92.875	162.7791
85.969129	92.850	162.5159
86.592097	92.825	162.2554
87.219579	92.801	161.9986
87.851608	92.778	161.7467
88.488217	92.755	161.5016
89.129439	92.733	161.2651
89.775308	92.711	161.0377
90.425856	92.689	160.8185
91.081119	92.667	160.6054
91.741131	92.646	160.3956
92.405925	92.623	160.1855
93.075536	92.600	159.9722
93.750000	92.574	159.7562
94.429351	92.547	159.5395
95.113625	92.518	159.3216
95.802858	92.488	159.0994
96.497085	92.457	158.8718
97.196342	92.425	158.6414
97.900667	92.391	158.4121
98.610096	92.357	158.1862
99.324665	92.323	157.9643
100.044413	92.290	157.7463
100.769376	92.257	157.5322
101.499592	92.225	157.3221
102.235100	92.194	157.1165
102.975938	92.163	156.9158
103.722144	92.133	156.7196
104.473757	92.103	156.5273
105.230817	92.074	156.3383
105.993363	92.043	156.1523
106.761435	92.012	155.9680
107.535072	91.980	155.7830
108.314315	91.947	155.5941
109.099206	91.913	155.3986
109.889783	91.878	155.1959
110.686090	91.843	154.9865
111.488167	91.808	154.7718
112.296056	91.772	154.5554
113.109800	91.736	154.3431
113.929440	91.699	154.1424
114.755020	91.660	153.9597
115.586582	91.619	153.7991
116.424170	91.575	153.6638
117.267827	91.528	153.5609
118.117598	91.477	153.4985
118.973527	91.427	153.4745
119.835658	91.382	153.4651
120.704037	91.341	153.4347
121.578708	91.305	153.3629
122.459718	91.270	153.2574
123.347111	91.238	153.1364
124.240935	91.209	153.0128
125.141236	91.183	152.8934
126.048061	91.159	152.7825
126.961458	91.136	152.6832
127.881473	91.113	152.5955
128.808154	91.088	152.5156
129.741551	91.063	152.4349
130.681712	91.036	152.3413
131.628686	91.009	152.2244
132.582521	90.980	152.0803
133.543269	90.951	151.9147
134.510979	90.920	151.7412
135.485701	90.889	151.5746
136.467486	90.859	151.4242
137.456386	90.830	151.2916
138.452451	90.802	151.1726
139.455735	90.774	151.0605
140.466288	90.747	150.9481
141.484165	90.721	150.8286
142.509418	90.695	150.6961
143.542100	90.670	150.5471
144.582265	90.644	150.3822
145.629968	90.619	150.2069
146.685262	90.591	150.0284
147.748204	90.562	149.8530
148.818849	90.531	149.6855
149.897251	90.497	149.5287
150.983469	90.460	149.3840
152.077557	90.420	149.2518
153.179574	90.379	149.1319
154.289576	90.336	149.0227
155.407622	90.294	148.9211
156.533770	90.252	148.8227
157.668078	90.212	148.7225
158.810606	90.174	148.6173
159.961413	90.136	148.5055
161.120559	90.099	148.3881
162.288105	90.062	148.2673
163.464112	90.023	148.1459
164.648640	89.984	148.0265
165.841752	89.943	147.9117
167.043510	89.900	147.8048
168.253976	89.856	147.7088
169.473213	89.811	147.6252
170.701286	89.766	147.5537
171.938258	89.721	147.4915
173.184194	89.678	147.4343
174.439158	89.636	147.3773
175.703216	89.594	147.3175
176.976434	89.554	147.2541
178.258878	89.513	147.1880
179.550615	89.473	147.1198
180.851713	89.433	147.0490
182.162239	89.393	146.9759
183.482262	89.352	146.9022
184.811850	89.312	146.8301
186.151073	89.271	146.7612
187.500000	89.231	146.6967
188.858702	89.191	146.6365
190.227250	89.151	146.5806
191.605715	89.111	146.5279
192.994169	89.071	146.4781
194.392685	89.030	146.4312
195.801334	88.989	146.3884
197.220191	88.948	146.3511
198.649330	88.907	146.3208
200.088825	88.865	146.2980
201.538751	88.825	146.2819
202.999184	88.785	146.2705
204.470200	88.747	146.2605
205.951875	88.710	146.2481
207.444287	88.674	146.2303
208.947514	88.637	146.2062
210.461634	88.599	146.1775
211.986726	88.559	146.1479
213.522869	88.518	146.1227
215.070144	88.474	146.1075
216.628631	88.429	146.1064
218.198411	88.384	146.1213
219.779567	88.340	146.1495
221.372180	88.298	146.1855
222.976334	88.257	146.2226
224.592112	88.217	146.2563
226.219600	88.179	146.2848
227.858880	88.140	146.3082
229.510039	88.102	146.3278
231.173164	88.064	146.3444
232.848340	88.026	146.3588
234.535655	87.988	146.3709
236.235197	87.949	146.3808
237.947054	87.911	146.3885
239.671317	87.872	146.3946
241.408074	87.832	146.4006
243.157416	87.790	146.4087
244.919435	87.748	146.4216
246.694223	87.705	146.4426
248.481871	87.661	146.4749
250.282473	87.617	146.5211
252.096123	87.573	146.5830
253.922915	87.531	146.6594
255.762945	87.491	146.7447
257.616309	87.454	146.8298
259.483103	87.419	146.9049
261.363424	87.385	146.9649
263.257372	87.350	147.0115
265.165043	87.314	147.0515
267.086538	87.277	147.0930
269.021957	87.238	147.1428
270.971401	87.199	147.2043
272.934972	87.160	147.2779
274.912771	87.122	147.3614
276.904902	87.085	147.4524
278.911469	87.050	147.5489
280.932577	87.016	147.6485
282.968330	86.985	147.7477
285.018835	86.956	147.8405
287.084199	86.928	147.9201
289.164530	86.901	147.9807
291.259935	86.874	148.0212
293.370525	86.845	148.0468
295.496408	86.812	148.0668
297.637697	86.777	148.0906
299.794503	86.740	148.1245
301.966937	86.701	148.1711
304.155114	86.662	148.2298
306.359147	86.622	148.2975
308.579152	86.583	148.3707
310.815244	86.544	148.4462
313.067539	86.504	148.5226
315.336156	86.464	148.6010
317.621211	86.424	148.6851
319.922826	86.382	148.7793
322.241118	86.341	148.8853
324.576210	86.301	149.0016
326.928223	86.261	149.1254
329.297280	86.223	149.2534
331.683504	86.186	149.3830
334.087019	86.150	149.5120
336.507952	86.114	149.6382
338.946427	86.078	149.7604
341.402572	86.042	149.8794
343.876516	86.005	149.9980
346.368387	85.967	150.1194
348.878315	85.929	150.2452
351.406431	85.890	150.3761
353.952867	85.852	150.5117
356.517756	85.814	150.6515
359.101230	85.776	150.7955
361.703426	85.739	150.9435
364.324478	85.701	151.0956
366.964523	85.664	151.2515
369.623699	85.627	151.4106
372.302145	85.591	151.5729
375.000000	85.554	151.7384
377.717405	85.518	151.9074
380.454501	85.482	152.0796
383.211431	85.447	152.2546
385.988339	85.412	152.4319
388.785369	85.377	152.6116
391.602668	85.343	152.7937
394.440383	85.309	152.9786
397.298660	85.275	153.1665
400.177650	85.242	153.3563
403.077502	85.210	153.5464
405.998368	85.177	153.7353
408.940400	85.145	153.9226
411.903750	85.113	154.1102
414.888575	85.080	154.3013
417.895028	85.046	154.4991
420.923268	85.013	154.7059
423.973452	84.981	154.9226
427.045738	84.949	155.1484
430.140287	84.920	155.3797
433.257261	84.891	155.6117
436.396822	84.864	155.8407
439.559133	84.838	156.0661
442.744360	84.814	156.2882
445.952668	84.790	156.5056
449.184225	84.768	156.7139
452.439199	84.746	156.9071
455.717760	84.724	157.0815
459.020079	84.699	157.2407
462.346327	84.671	157.3953
465.696680	84.640	157.5576
469.071310	84.608	157.7356
472.470394	84.574	157.9312
475.894109	84.541	158.1417
479.342634	84.508	158.3615
482.816148	84.476	158.5848
486.314833	84.444	158.8090
489.838871	84.411	159.0380
493.388445	84.377	159.2789
496.963741	84.343	159.5358
500.564945	84.310	159.8052
504.192245	84.280	160.0796
507.845830	84.251	160.3525
511.525890	84.222	160.6208
515.232618	84.194	160.8858
518.966206	84.165	161.1512
522.726849	84.135	161.4221
526.514743	84.105	161.7033
530.330086	84.075	161.9968
534.173076	84.047	162.3001
538.043915	84.019	162.6082
541.942803	83.993	162.9182
545.869944	83.968	163.2311
549.825542	83.943	163.5476
553.809805	83.920	163.8662
557.822939	83.897	164.1838
561.865154	83.875	164.4988
565.936660	83.853	164.8120
570.037671	83.830	165.1264
574.168399	83.807	165.4456
578.329060	83.784	165.7711
582.519870	83.761	166.1024
586.741049	83.738	166.4391
590.992817	83.714	166.7833
595.275394	83.692	167.1375
599.589005	83.670	167.5009
603.933874	83.649	167.8696
608.310228	83.630	168.2401
612.718295	83.610	168.6111
617.158304	83.591	168.9850
621.630488	83.571	169.3671
626.135079	83.551	169.7634
630.672311	83.533	170.1760
635.242423	83.517	170.6016
639.845651	83.503	171.0349
644.482237	83.491	171.4741
649.152421	83.481	171.9204
653.856447	83.474	172.3723
658.594560	83.470	172.8227
663.367008	83.469	173.2603
668.174039	83.469	173.6764
673.015903	83.469	174.0710
677.892854	83.468	174.4524
682.805145	83.464	174.8304
687.753032	83.459	175.2129
692.736774	83.451	175.6058
697.756631	83.443	176.0133
702.812863	83.435	176.4366
707.905735	83.427	176.8731
713.035511	83.422	177.3188
718.202461	83.417	177.7708
723.406852	83.413	178.2287
728.648956	83.411	178.6931
733.929047	83.409	179.1648
739.247399	83.409	179.6440
744.604290	83.409	-179.8689
750.000000	83.410	-179.3736
755.434809	83.413	-178.8698
760.909001	83.417	-178.3577
766.422861	83.422	-177.8383
771.976677	83.429	-177.3129
777.570739	83.438	-176.7828
783.205337	83.448	-176.2483
788.880766	83.461	-175.7078
794.597321	83.475	-175.1582
800.355301	83.493	-174.5967
806.155005	83.514	-174.0245
811.996736	83.538	-173.4477
817.880799	83.568	-172.8755
823.807501	83.601	-172.3178
829.777150	83.637	-171.7831
835.790057	83.674	-171.2742
841.846536	83.711	-170.7857
847.946903	83.747	-170.3080
854.091476	83.783	-169.8341
860.280575	83.818	-169.3600
866.514523	83.854	-168.8828
872.793644	83.890	-168.3989
879.118267	83.928	-167.9086
885.488720	83.967	-167.4164
891.905336	84.009	-166.9267
898.368450	84.052	-166.4407
904.878398	84.098	-165.9570
911.435520	84.145	-165.4754
918.040157	84.195	-164.9981
924.692655	84.247	-164.5283
931.393359	84.302	-164.0699
938.142619	84.359	-163.6268
944.940787	84.418	-163.2005
951.788218	84.477	-162.7894
958.685268	84.537	-162.3905
965.632296	84.597	-162.0005
972.629666	84.658	-161.6166
979.677741	84.719	-161.2383
986.776890	84.781	-160.8663
993.927482	84.843	-160.5000
1001.129891	84.905	-160.1352
1008.384491	84.968	-159.7678
1015.691660	85.033	-159.3975
1023.051781	85.101	-159.0285
1030.465236	85.172	-158.6677
1037.932411	85.246	-158.3256
1045.453698	85.323	-158.0132
1053.029486	85.401	-157.7346
1060.660172	85.477	-157.4852
1068.346153	85.552	-157.2556
1076.087829	85.625	-157.0358
1083.885605	85.697	-156.8195
1091.739887	85.769	-156.6066
1099.651084	85.841	-156.4003
1107.619609	85.913	-156.2053
1115.645878	85.985	-156.0252
1123.730308	86.056	-155.8605
1131.873321	86.125	-155.7086
1140.075341	86.192	-155.5642
1148.336797	86.258	-155.4225
1156.658119	86.322	-155.2803
1165.039741	86.386	-155.1356
1173.482099	86.449	-154.9876
1181.985634	86.513	-154.8381
1190.550789	86.579	-154.6936
1199.178011	86.645	-154.5640
1207.867749	86.711	-154.4566
1216.620457	86.774	-154.3690
1225.436590	86.833	-154.2862
1234.316609	86.888	-154.1904
1243.260976	86.941	-154.0710
1252.270157	86.995	-153.9285
1261.344623	87.049	-153.7715
1270.484846	87.105	-153.6096
1279.691303	87.161	-153.4475
1288.964474	87.218	-153.2856
1298.304842	87.275	-153.1237
1307.712894	87.333	-152.9621
1317.189120	87.391	-152.8020
1326.734016	87.449	-152.6432
1336.348077	87.507	-152.4835
1346.031806	87.566	-152.3195
1355.785708	87.626	-152.1471
1365.610290	87.686	-151.9627
1375.506065	87.749	-151.7616
1385.473549	87.813	-151.5387
1395.513261	87.881	-151.2926
1405.625726	87.954	-151.0288
1415.811469	88.031	-150.7596
1426.071023	88.113	-150.5000
1436.404921	88.197	-150.2596
1446.813703	88.283	-150.0388
1457.297912	88.368	-149.8321
1467.858093	88.451	-149.6329
1478.494798	88.533	-149.4367
1489.208581	88.613	-149.2401
1500.000000	88.690	-149.0399
1510.869618	88.765	-148.8333
1521.818002	88.836	-148.6176
1532.845723	88.904	-148.3909
1543.953355	88.970	-148.1513
1555.141477	89.035	-147.8983
1566.410674	89.102	-147.6360
1577.761531	89.172	-147.3748
1589.194642	89.245	-147.1286
1600.710601	89.319	-146.9070
1612.310010	89.395	-146.7111
1623.993473	89.469	-146.5359
1635.761599	89.543	-146.3742
1647.615002	89.616	-146.2197
1659.554299	89.688	-146.0677
1671.580114	89.761	-145.9149
1683.693072	89.834	-145.7606
1695.893807	89.908	-145.6068
1708.182952	89.982	-145.4556
1720.561150	90.056	-145.3070
1733.029045	90.129	-145.1582
1745.587288	90.200	-145.0041
1758.236533	90.271	-144.8382
1770.977440	90.343	-144.6552
1783.810673	90.418	-144.4561
1796.736900	90.497	-144.2506
1809.756796	90.582	-144.0534
1822.871040	90.670	-143.8759
1836.080315	90.761	-143.7224
1849.385310	90.853	-143.5917
1862.786718	90.947	-143.4804
1876.285239	91.042	-143.3839
1889.881575	91.139	-143.2969
1903.576436	91.238	-143.2137
1917.370535	91.342	-143.1291
1931.264593	91.451	-143.0397
1945.259332	91.567	-142.9467
1959.355483	91.690	-142.8589
1973.553781	91.819	-142.7902
1987.854965	91.953	-142.7511
2002.259781	92.088	-142.7449
2016.768981	92.224	-142.7683
2031.383320	92.360	-142.8149
2046.103561	92.494	-142.8775
2060.930471	92.627	-142.9501
2075.864823	92.760	-143.0295
2090.907395	92.892	-143.1139
2106.058972	93.023	-143.2005
2121.320344	93.154	-143.2842
2136.692305	93.285	-143.3588
2152.175658	93.418	-143.4197
2167.771210	93.555	-143.4700
2183.479774	93.697	-143.5231
2199.302169	93.846	-143.5985
2215.239219	94.000	-143.7131
2231.291755	94.158	-143.8778
2247.460615	94.318	-144.0971
2263.746641	94.478	-144.3698
2280.150683	94.638	-144.6898
2296.673595	94.796	-145.0488
2313.316238	94.954	-145.4385
2330.079481	95.113	-145.8565
2346.964198	95.273	-146.3092
2363.971268	95.436	-146.8087
2381.101578	95.600	-147.3662
2398.356022	95.763	-147.9884
2415.735498	95.924	-148.6778
2433.240913	96.082	-149.4340
2450.873180	96.236	-150.2563
2468.633217	96.384	-151.1446
2486.521951	96.526	-152.0975
2504.540314	96.660	-153.1100
2522.689246	96.785	-154.1735
2540.969692	96.902	-155.2779
2559.382606	97.011	-156.4179
2577.928947	97.112	-157.5940
2596.609683	97.204	-158.8085
2615.425787	97.286	-160.0609
2634.378241	97.358	-161.3460
2653.468031	97.418	-162.6544
2672.696154	97.465	-163.9729
2692.063613	97.500	-165.2871
2711.571415	97.525	-166.5855
2731.220579	97.540	-167.8642
2751.012130	97.547	-169.1250
2770.947098	97.546	-170.3707
2791.026522	97.536	-171.6008
2811.251451	97.516	-172.8110
2831.622938	97.486	-173.9948
2852.142045	97.446	-175.1447
2872.809842	97.396	-176.2524
2893.627406	97.337	-177.3063
2914.595823	97.268	-178.2922
2935.716186	97.192	-179.1977
2956.989596	97.111	179.9823
2978.417161	97.028	179.2447
3000.000000	96.944	178.5827
3021.739237	96.860	177.9892
3043.636005	96.775	177.4601
3065.691446	96.692	176.9950
3087.906710	96.610	176.5950
3110.282955	96.531	176.2562
3132.821347	96.457	175.9672
3155.523062	96.388	175.7122
3178.389283	96.323	175.4772
3201.421202	96.261	175.2532
3224.620020	96.200	175.0367
3247.986946	96.137	174.8294
3271.523198	96.072	174.6396
3295.230004	96.003	174.4829
3319.108599	95.930	174.3783
3343.160228	95.857	174.3398
3367.386145	95.784	174.3726
3391.787613	95.715	174.4747
3416.365904	95.650	174.6412
3441.122300	95.590	174.8689
3466.058091	95.537	175.1579
3491.174576	95.492	175.5078
3516.473066	95.456	175.9115
3541.954880	95.431	176.3553
3567.621345	95.416	176.8230
3593.473800	95.412	177.2992
3619.513592	95.418	177.7713
3645.742080	95.430	178.2309
3672.160630	95.449	178.6770
3698.770620	95.472	179.1168
3725.573436	95.499	179.5585
3752.570477	95.530	-179.9939
3779.763150	95.565	-179.5410
3807.152872	95.605	-179.0839
3834.741071	95.648	-178.6190
3862.529185	95.694	-178.1376
3890.518664	95.745	-177.6322
3918.710966	95.804	-177.1028
3947.107561	95.873	-176.5581
3975.709929	95.952	-176.0127
4004.519563	96.043	-175.4842
4033.537962	96.146	-174.9892
4062.766641	96.257	-174.5379
4092.207123	96.377	-174.1321
4121.860942	96.505	-173.7715
4151.729646	96.640	-173.4590
4181.814790	96.782	-173.2002
4212.117944	96.929	-172.9982
4242.640687	97.082	-172.8507
4273.384610	97.241	-172.7532
4304.351317	97.406	-172.7061
4335.542421	97.579	-172.7189
4366.959549	97.761	-172.8085
4398.604338	97.951	-172.9975
4430.478438	98.148	-173.3086
4462.583511	98.350	-173.7591
4494.921231	98.554	-174.3599
4527.493283	98.758	-175.1206
4560.301365	98.961	-176.0518
4593.347189	99.157	-177.1620
4626.632476	99.345	-178.4529
4660.158962	99.521	-179.9192
4693.928395	99.682	178.4462
4727.942535	99.827	176.6497
4762.203156	99.955	174.6953
4796.712043	100.061	172.5872
4831.470996	100.143	170.3339
4866.481826	100.196	167.9543
4901.746360	100.218	165.4766
4937.266434	100.207	162.9337
4973.043902	100.160	160.3622
5009.080628	100.076	157.8035
5045.378492	99.955	155.3041
5081.939384	99.799	152.9119
5118.765212	99.609	150.6698
5155.857894	99.391	148.6105
5193.219366	99.148	146.7547
5230.851574	98.886	145.1131
5268.756481	98.606	143.6915
5306.936062	98.314	142.4910
5345.392309	98.012	141.5068
5384.127225	97.703	140.7298
5423.142830	97.389	140.1530
5462.441159	97.071	139.7738
5502.024259	96.751	139.5919
5541.894195	96.433	139.6042
5582.053045	96.119	139.8008
5622.502902	95.812	140.1660
5663.245876	95.515	140.6833
5704.284090	95.229	141.3366
5745.619684	94.956	142.1089
5787.254813	94.694	142.9843
5829.191647	94.445	143.9525
5871.432373	94.207	145.0110
5913.979192	93.980	146.1618
5956.834323	93.766	147.4053
6000.000000	93.565	148.7369
6043.478473	93.379	150.1489
6087.272010	93.208	151.6320
6131.382892	93.054	153.1740
6175.813420	92.917	154.7618
6220.565910	92.795	156.3865
6265.642695	92.689	158.0467
6311.046124	92.597	159.7460
6356.778566	92.520	161.4878
6402.842404	92.460	163.2717
6449.240040	92.416	165.0939
6495.973891	92.392	166.9476
6543.046396	92.386	168.8220
6590.460007	92.401	170.7062
6638.217197	92.435	172.5938
6686.320456	92.489	174.4837
6734.772290	92.564	176.3766
6783.575226	92.661	178.2703
6832.731809	92.781	-179.8419
6882.244600	92.927	-177.9724
6932.116181	93.100	-176.1406
6982.349153	93.300	-174.3696
7032.946133	93.529	-172.6820
7083.909760	93.788	-171.0995
7135.242690	94.079	-169.6466
7186.947600	94.404	-168.3547
7239.027185	94.764	-167.2654
7291.484160	95.159	-166.4323
7344.321260	95.588	-165.9211
7397.541239	96.045	-165.8031
7451.146872	96.524	-166.1489
7505.140954	97.013	-167.0235
7559.526299	97.502	-168.4849
7614.305743	97.974	-170.5786
7669.482141	98.413	-173.3320
7725.058371	98.799	-176.7463
7781.037328	99.112	179.2134
7837.421932	99.332	174.6293
7894.215122	99.442	169.6356
7951.419859	99.432	164.4125
8009.039125	99.297	159.1707
8067.075924	99.040	154.1271
8125.533282	98.671	149.4779
8184.414245	98.204	145.3774
8243.721885	97.657	141.9306
8303.459292	97.049	139.1957
8363.629581	96.399	137.1907
8424.235888	95.726	135.9027
8485.281374	95.047	135.2938
8546.769221	94.379	135.3041
8608.702634	93.733	135.8588
8671.084842	93.120	136.8794
8733.919097	92.546	138.2932
8797.208675	92.014	140.0401
8860.956876	91.528	142.0723
8925.167022	91.089	144.3475
8989.842461	90.698	146.8229
9054.986566	90.357	149.4572
9120.602731	90.067	152.2152
9186.694378	89.826	155.0721
9253.264952	89.635	158.0128
9320.317925	89.497	161.0236
9387.856790	89.415	164.0823
9455.885071	89.392	167.1570
9524.406312	89.434	170.2081
9593.424086	89.543	173.1917
9662.941992	89.726	176.0588
9732.963653	89.987	178.7469
9803.492719	90.331	-178.8295
9874.532869	90.762	-176.7806
9946.087805	91.276	-175.2387
10018.161257	91.866	-174.3512
10090.756983	92.517	-174.2733
10163.878768	93.206	-175.1598
10237.530423	93.900	-177.1464
10311.715789	94.556	179.6754
10386.438732	95.127	175.2876
10461.703149	95.563	169.7722
10537.512962	95.820	163.3292
10613.872125	95.862	156.2774
10690.784618	95.669	149.0309
10768.254450	95.241	142.0386
10846.285661	94.593	135.7098
10924.882318	93.756	130.3572
11004.048518	92.766	126.1763
11083.788390	91.665	123.2541
11164.106090	90.492	121.5897
11245.005805	89.288	121.1203
11326.491752	88.084	121.7432
11408.568180	86.910	123.3301
11491.239368	85.791	125.7338
11574.509626	84.743	128.7928
11658.383294	83.777	132.3424
11742.864745	82.897	136.2319
11827.958384	82.100	140.3378
11913.668646	81.380	144.5730
12000.000000	80.726	148.8885
12086.956947	80.127	153.2715
12174.544019	79.576	157.7334
12262.765784	79.066	162.2918
12351.626840	78.596	166.9542
12441.131819	78.164	171.7155
12531.285389	77.768	176.5692
12622.092249	77.409	-178.4848
12713.557132	77.086	-173.4425
12805.684808	76.800	-168.3040
12898.480079	76.553	-163.0766
12991.947783	76.347	-157.7726
13086.092792	76.183	-152.4076
13180.920015	76.063	-147.0001
13276.434395	75.987	-141.5687
13372.640911	75.955	-136.1244
13469.544580	75.969	-130.6702
13567.150452	76.031	-125.2089
13665.463617	76.144	-119.7482
13764.489200	76.312	-114.2986
13864.232362	76.542	-108.8706
13964.698305	76.843	-103.4832
14065.892266	77.224	-98.1755
14167.819519	77.696	-93.0095
14270.485380	78.270	-88.0723
14373.895200	78.952	-83.4867
14478.054370	79.746	-79.4158
14582.968320	80.643	-76.0520
14688.642520	81.627	-73.5984
14795.082478	82.671	-72.2504
14902.293745	83.738	-72.1728
15010.281908	84.782	-73.4727
15119.052599	85.754	-76.1789
15228.611486	86.603	-80.2275
15338.964283	87.280	-85.4479
15450.116741	87.744	-91.5503
15562.074656	87.968	-98.1335
15674.843864	87.947	-104.7313
15788.430244	87.703	-110.8941
15902.839718	87.279	-116.2705
16018.078250	86.738	-120.6591
16134.151848	86.147	-124.0314
16251.066563	85.580	-126.5353
16368.828491	85.098	-128.4772
16487.443769	84.738	-130.2743
16606.918584	84.505	-132.3747
16727.259161	84.363	-135.1585
16848.471777	84.245	-138.8514
16970.562748	84.070	-143.4801
17093.538442	83.761	-148.8656
17217.405268	83.257	-154.6525
17342.169684	82.525	-160.3823
17467.838194	81.559	-165.5850
17594.417350	80.375	-169.8457
17721.913751	78.999	-172.8203
17850.334044	77.466	-174.2196
17979.684923	75.815	-173.7868
18109.973131	74.088	-171.3072
18241.205462	72.339	-166.6907
18373.388756	70.626	-160.1104
18506.529905	69.011	-152.0701
18640.635849	67.545	-143.2715
18775.713581	66.260	-134.3508
18911.770141	65.157	-125.6885
19048.812624	64.218	-117.4067
19186.848172	63.416	-109.4823
19325.883983	62.725	-101.8682
19465.927305	62.134	-94.5951
19606.985439	61.645	-87.8465
19749.065738	61.269	-81.9989
19892.175609	61.016	-77.5909
20036.322514	60.890	-75.1926
