* Measurement data measured by REW V5.31.3
* Source: EXCL: Microphone (USB Sound Device        ), MICROPHONE (Master Volume), R, volume: 0.390
* Format: 256k Log Swept Sine, 1 sweep at -12.0 dBFS with no timing reference
* Dated: Jul 10, 2025 12:02:24 AM
* REW Settings:
*  C-weighting compensation: Off
*  Target level: 75.0 dB
* Note: Plunge Audio Unity Dynamic R
* Measurement: R Jul 10
* Smoothing: 1/12 octave
* Frequency Step: 96 ppo
* Start Frequency: 0.36621094 Hz
*
* Freq(Hz) SPL(dB) Phase(degrees)
0.366211 93.600 159.5418
0.368865 93.594 159.5204
0.371538 93.585 159.4884
0.374230 93.575 159.4482
0.376942 93.563 159.4018
0.379673 93.550 159.3509
0.382424 93.537 159.2964
0.385196 93.523 159.2389
0.387987 93.509 159.1788
0.390798 93.495 159.1162
0.393630 93.481 159.0513
0.396483 93.467 158.9841
0.399356 93.452 158.9146
0.402250 93.438 158.8428
0.405165 93.423 158.7686
0.408101 93.408 158.6921
0.411058 93.393 158.6133
0.414037 93.378 158.5320
0.417037 93.363 158.4484
0.420059 93.348 158.3623
0.423103 93.333 158.2738
0.426169 93.317 158.1827
0.429257 93.302 158.0892
0.432368 93.286 157.9932
0.435501 93.270 157.8946
0.438656 93.254 157.7935
0.441835 93.238 157.6898
0.445037 93.222 157.5835
0.448262 93.206 157.4745
0.451510 93.190 157.3629
0.454782 93.173 157.2487
0.458077 93.157 157.1318
0.461397 93.140 157.0122
0.464740 93.123 156.8899
0.468108 93.106 156.7648
0.471500 93.089 156.6371
0.474917 93.072 156.5065
0.478358 93.055 156.3733
0.481825 93.037 156.2372
0.485316 93.020 156.0983
0.488833 93.002 155.9567
0.492375 92.984 155.8122
0.495943 92.966 155.6649
0.499537 92.948 155.5148
0.503157 92.930 155.3619
0.506803 92.911 155.2062
0.510475 92.893 155.0476
0.514175 92.874 154.8862
0.517900 92.856 154.7220
0.521653 92.837 154.5549
0.525434 92.818 154.3850
0.529241 92.798 154.2123
0.533076 92.779 154.0368
0.536939 92.760 153.8584
0.540830 92.740 153.6773
0.544749 92.720 153.4935
0.548696 92.700 153.3069
0.552673 92.680 153.1175
0.556677 92.660 152.9255
0.560711 92.640 152.7307
0.564774 92.620 152.5334
0.568867 92.599 152.3334
0.572989 92.578 152.1308
0.577141 92.557 151.9257
0.581324 92.536 151.7181
0.585536 92.515 151.5081
0.589779 92.494 151.2956
0.594053 92.472 151.0808
0.598358 92.450 150.8637
0.602694 92.429 150.6444
0.607061 92.407 150.4230
0.611460 92.385 150.1995
0.615891 92.362 149.9739
0.620354 92.340 149.7465
0.624849 92.317 149.5172
0.629377 92.294 149.2862
0.633938 92.271 149.0536
0.638532 92.248 148.8195
0.643159 92.225 148.5839
0.647819 92.201 148.3471
0.652514 92.178 148.1091
0.657242 92.154 147.8701
0.662005 92.130 147.6302
0.666802 92.106 147.3895
0.671634 92.082 147.1484
0.676501 92.057 146.9068
0.681403 92.032 146.6650
0.686341 92.007 146.4231
0.691314 91.982 146.1814
0.696324 91.957 145.9400
0.701370 91.931 145.6991
0.706452 91.905 145.4589
0.711571 91.879 145.2193
0.716728 91.852 144.9804
0.721921 91.823 144.7419
0.727153 91.794 144.5035
0.732422 91.762 144.2645
0.737729 91.728 144.0238
0.743075 91.692 143.7808
0.748460 91.655 143.5343
0.753883 91.616 143.2840
0.759346 91.577 143.0292
0.764849 91.536 142.7697
0.770391 91.495 142.5052
0.775974 91.453 142.2356
0.781597 91.411 141.9609
0.787261 91.369 141.6810
0.792966 91.325 141.3957
0.798712 91.282 141.1050
0.804500 91.237 140.8090
0.810329 91.192 140.5074
0.816201 91.147 140.2004
0.822116 91.100 139.8879
0.828073 91.053 139.5697
0.834074 91.006 139.2461
0.840118 90.957 138.9168
0.846206 90.908 138.5818
0.852338 90.858 138.2413
0.858514 90.808 137.8951
0.864735 90.756 137.5434
0.871001 90.703 137.1860
0.877313 90.650 136.8231
0.883670 90.595 136.4546
0.890074 90.540 136.0806
0.896524 90.484 135.7013
0.903020 90.426 135.3165
0.909564 90.367 134.9265
0.916155 90.307 134.5313
0.922794 90.246 134.1311
0.929481 90.184 133.7259
0.936216 90.120 133.3159
0.943000 90.055 132.9014
0.949834 89.989 132.4824
0.956717 89.921 132.0593
0.963649 89.852 131.6321
0.970632 89.781 131.2013
0.977666 89.708 130.7671
0.984750 89.634 130.3298
0.991886 89.558 129.8897
0.999074 89.481 129.4473
1.006314 89.401 129.0030
1.013606 89.319 128.5572
1.020951 89.236 128.1104
1.028349 89.150 127.6632
1.035801 89.063 127.2161
1.043307 88.973 126.7698
1.050867 88.881 126.3250
1.058482 88.786 125.8821
1.066152 88.690 125.4420
1.073878 88.591 125.0053
1.081660 88.490 124.5723
1.089498 88.387 124.1434
1.097393 88.282 123.7186
1.105345 88.176 123.2976
1.113355 88.069 122.8800
1.121423 87.962 122.4650
1.129549 87.854 122.0522
1.137734 87.746 121.6411
1.145979 87.638 121.2312
1.154283 87.530 120.8223
1.162647 87.421 120.4139
1.171072 87.311 120.0057
1.179558 87.200 119.5973
1.188106 87.088 119.1885
1.196715 86.975 118.7789
1.205387 86.860 118.3681
1.214122 86.742 117.9558
1.222920 86.623 117.5415
1.231782 86.500 117.1247
1.240708 86.375 116.7052
1.249699 86.246 116.2823
1.258754 86.114 115.8556
1.267876 85.977 115.4245
1.277063 85.836 114.9885
1.286318 85.690 114.5470
1.295639 85.539 114.0993
1.305027 85.382 113.6448
1.314484 85.219 113.1828
1.324009 85.049 112.7125
1.333604 84.873 112.2332
1.343268 84.688 111.7439
1.353002 84.496 111.2438
1.362806 84.296 110.7321
1.372681 84.086 110.2077
1.382628 83.866 109.6696
1.392647 83.636 109.1169
1.402739 83.396 108.5486
1.412904 83.143 107.9636
1.423142 82.878 107.3613
1.433455 82.600 106.7408
1.443843 82.306 106.1019
1.454305 81.994 105.4446
1.464844 81.662 104.7691
1.475459 81.307 104.0761
1.486150 80.925 103.3660
1.496920 80.515 102.6385
1.507767 80.075 101.8926
1.518693 79.604 101.1268
1.529698 79.104 100.3387
1.540783 78.575 99.5253
1.551948 78.020 98.6828
1.563194 77.439 97.8067
1.574521 76.836 96.8919
1.585931 76.213 95.9318
1.597423 75.573 94.9191
1.608999 74.918 93.8444
1.620658 74.252 92.6968
1.632402 73.577 91.4629
1.644232 72.899 90.1258
1.656146 72.220 88.6651
1.668147 71.544 87.0546
1.680235 70.876 85.2616
1.692411 70.221 83.2436
1.704675 69.583 80.9460
1.717028 68.969 78.2972
1.729470 68.384 75.2028
1.742003 67.835 71.5380
1.754626 67.328 67.1387
1.767341 66.872 61.7937
1.780147 66.473 55.2456
1.793047 66.140 47.2190
1.806040 65.881 37.5095
1.819128 65.703 26.1574
1.832310 65.612 13.6445
1.845587 65.611 0.8877
1.858961 65.701 -11.1114
1.872432 65.880 -21.6920
1.886001 66.144 -30.6570
1.899667 66.487 -38.1215
1.913433 66.904 -44.3233
1.927299 67.385 -49.5088
1.941265 67.924 -53.8892
1.955332 68.512 -57.6324
1.969501 69.143 -60.8672
1.983773 69.807 -63.6918
1.998148 70.496 -66.1807
2.012627 71.204 -68.3911
2.027212 71.922 -70.3669
2.041902 72.641 -72.1424
2.056698 73.356 -73.7444
2.071602 74.058 -75.1941
2.086614 74.740 -76.5087
2.101734 75.396 -77.7022
2.116964 76.019 -78.7863
2.132304 76.603 -79.7717
2.147756 77.145 -80.6683
2.163320 77.641 -81.4866
2.178996 78.090 -82.2382
2.194786 78.495 -82.9361
2.210690 78.858 -83.5941
2.226710 79.185 -84.2250
2.242845 79.480 -84.8386
2.259098 79.747 -85.4411
2.275468 79.988 -86.0359
2.291957 80.206 -86.6238
2.308566 80.403 -87.2042
2.325295 80.580 -87.7757
2.342145 80.741 -88.3360
2.359117 80.885 -88.8828
2.376212 81.015 -89.4132
2.393431 81.134 -89.9243
2.410775 81.242 -90.4131
2.428244 81.342 -90.8765
2.445840 81.436 -91.3112
2.463564 81.526 -91.7144
2.481416 81.614 -92.0830
2.499397 81.702 -92.4147
2.517509 81.790 -92.7079
2.535752 81.879 -92.9622
2.554127 81.970 -93.1787
2.572635 82.059 -93.3601
2.591277 82.146 -93.5101
2.610055 82.229 -93.6322
2.628968 82.306 -93.7296
2.648019 82.376 -93.8041
2.667208 82.440 -93.8569
2.686535 82.498 -93.8887
2.706003 82.550 -93.8993
2.725612 82.597 -93.8886
2.745363 82.641 -93.8562
2.765257 82.682 -93.8013
2.785295 82.720 -93.7234
2.805478 82.758 -93.6217
2.825808 82.797 -93.4954
2.846285 82.836 -93.3435
2.866910 82.878 -93.1651
2.887685 82.923 -92.9591
2.908611 82.970 -92.7240
2.929688 83.021 -92.4585
2.950917 83.073 -92.1611
2.972301 83.127 -91.8314
2.993839 83.183 -91.4695
3.015534 83.239 -91.0771
3.037386 83.296 -90.6565
3.059396 83.354 -90.2109
3.081565 83.412 -89.7441
3.103896 83.473 -89.2603
3.126388 83.535 -88.7637
3.149043 83.600 -88.2589
3.171862 83.668 -87.7504
3.194847 83.739 -87.2424
3.217998 83.814 -86.7385
3.241317 83.894 -86.2413
3.264805 83.979 -85.7521
3.288463 84.069 -85.2705
3.312293 84.165 -84.7949
3.336295 84.266 -84.3233
3.360471 84.373 -83.8547
3.384822 84.485 -83.3899
3.409350 84.601 -82.9314
3.434056 84.722 -82.4828
3.458940 84.846 -82.0485
3.484005 84.973 -81.6333
3.509252 85.102 -81.2420
3.534681 85.233 -80.8793
3.560295 85.364 -80.5493
3.586094 85.496 -80.2555
3.612081 85.627 -80.0004
3.638255 85.758 -79.7851
3.664620 85.889 -79.6095
3.691175 86.020 -79.4719
3.717923 86.152 -79.3699
3.744864 86.284 -79.3014
3.772001 86.416 -79.2639
3.799335 86.549 -79.2558
3.826866 86.681 -79.2756
3.854597 86.812 -79.3219
3.882529 86.941 -79.3940
3.910664 87.068 -79.4909
3.939002 87.192 -79.6124
3.967546 87.313 -79.7585
3.996296 87.430 -79.9294
4.025255 87.543 -80.1259
4.054423 87.652 -80.3484
4.083804 87.758 -80.5970
4.113396 87.859 -80.8708
4.143204 87.957 -81.1679
4.173227 88.051 -81.4856
4.203468 88.141 -81.8207
4.233928 88.228 -82.1699
4.264609 88.310 -82.5301
4.295512 88.389 -82.8987
4.326639 88.463 -83.2738
4.357992 88.533 -83.6546
4.389572 88.599 -84.0414
4.421380 88.659 -84.4354
4.453419 88.715 -84.8380
4.485691 88.766 -85.2493
4.518196 88.813 -85.6685
4.550936 88.855 -86.0932
4.583914 88.892 -86.5204
4.617131 88.926 -86.9463
4.650589 88.955 -87.3674
4.684289 88.980 -87.7803
4.718233 89.001 -88.1827
4.752424 89.017 -88.5735
4.786862 89.030 -88.9528
4.821549 89.039 -89.3217
4.856488 89.045 -89.6808
4.891680 89.049 -90.0303
4.927127 89.052 -90.3696
4.962831 89.055 -90.6974
4.998794 89.056 -91.0120
5.035017 89.057 -91.3118
5.071503 89.057 -91.5949
5.108253 89.056 -91.8600
5.145270 89.053 -92.1061
5.182555 89.050 -92.3331
5.220110 89.045 -92.5417
5.257937 89.039 -92.7332
5.296038 89.033 -92.9096
5.334415 89.028 -93.0732
5.373071 89.023 -93.2261
5.412006 89.020 -93.3701
5.451224 89.020 -93.5064
5.490725 89.021 -93.6355
5.530514 89.026 -93.7575
5.570590 89.033 -93.8729
5.610957 89.042 -93.9831
5.651616 89.055 -94.0908
5.692570 89.069 -94.1998
5.733821 89.087 -94.3141
5.775370 89.107 -94.4377
5.817221 89.130 -94.5740
5.859375 89.155 -94.7248
5.901834 89.184 -94.8913
5.944602 89.215 -95.0740
5.987679 89.248 -95.2734
6.031068 89.284 -95.4910
6.074771 89.322 -95.7285
6.118792 89.360 -95.9880
6.163131 89.400 -96.2716
6.207792 89.440 -96.5811
6.252776 89.480 -96.9173
6.298086 89.521 -97.2802
6.343725 89.561 -97.6690
6.389694 89.601 -98.0823
6.435996 89.641 -98.5182
6.482634 89.679 -98.9752
6.529610 89.716 -99.4521
6.576926 89.752 -99.9482
6.624585 89.785 -100.4631
6.672590 89.816 -100.9961
6.720942 89.845 -101.5456
6.769645 89.873 -102.1091
6.818700 89.898 -102.6835
6.868111 89.921 -103.2653
6.917881 89.941 -103.8520
6.968010 89.960 -104.4415
7.018504 89.976 -105.0329
7.069362 89.991 -105.6251
7.120590 90.003 -106.2164
7.172189 90.014 -106.8046
7.224161 90.024 -107.3871
7.276511 90.034 -107.9613
7.329239 90.042 -108.5252
7.382350 90.050 -109.0778
7.435845 90.058 -109.6186
7.489729 90.067 -110.1476
7.544002 90.075 -110.6647
7.598669 90.085 -111.1697
7.653732 90.097 -111.6623
7.709194 90.110 -112.1423
7.765058 90.126 -112.6099
7.821327 90.143 -113.0659
7.878004 90.163 -113.5119
7.935091 90.186 -113.9498
7.992592 90.212 -114.3815
8.050510 90.240 -114.8086
8.108847 90.272 -115.2321
8.167607 90.307 -115.6533
8.226793 90.344 -116.0733
8.286408 90.385 -116.4941
8.346454 90.427 -116.9173
8.406936 90.472 -117.3446
8.467856 90.519 -117.7769
8.529218 90.568 -118.2145
8.591024 90.619 -118.6575
8.653278 90.670 -119.1058
8.715983 90.723 -119.5592
8.779143 90.775 -120.0174
8.842760 90.828 -120.4802
8.906839 90.881 -120.9464
8.971381 90.934 -121.4148
9.036392 90.986 -121.8836
9.101873 91.037 -122.3510
9.167829 91.088 -122.8155
9.234263 91.137 -123.2758
9.301178 91.185 -123.7304
9.368578 91.232 -124.1777
9.436467 91.278 -124.6158
9.504847 91.324 -125.0431
9.573723 91.368 -125.4586
9.643099 91.411 -125.8612
9.712976 91.454 -126.2505
9.783361 91.496 -126.6260
9.854255 91.538 -126.9873
9.925663 91.580 -127.3342
9.997588 91.621 -127.6670
10.070035 91.663 -127.9862
10.143007 91.704 -128.2926
10.216507 91.746 -128.5872
10.290540 91.788 -128.8710
10.365109 91.830 -129.1447
10.440219 91.873 -129.4095
10.515873 91.915 -129.6665
10.592076 91.957 -129.9169
10.668830 92.000 -130.1616
10.746141 92.041 -130.4014
10.824012 92.083 -130.6369
10.902447 92.124 -130.8687
10.981451 92.164 -131.0971
11.061027 92.203 -131.3225
11.141180 92.241 -131.5449
11.221913 92.278 -131.7644
11.303232 92.314 -131.9807
11.385140 92.348 -132.1939
11.467641 92.381 -132.4038
11.550741 92.412 -132.6103
11.634442 92.442 -132.8134
11.718750 92.471 -133.0131
11.803669 92.498 -133.2095
11.889203 92.524 -133.4029
11.975357 92.549 -133.5935
12.062136 92.573 -133.7819
12.149543 92.595 -133.9685
12.237583 92.616 -134.1539
12.326262 92.635 -134.3387
12.415583 92.654 -134.5234
12.505552 92.671 -134.7087
12.596172 92.687 -134.8950
12.687449 92.702 -135.0827
12.779387 92.715 -135.2721
12.871992 92.727 -135.4636
12.965268 92.738 -135.6571
13.059220 92.747 -135.8529
13.153852 92.755 -136.0509
13.249170 92.762 -136.2512
13.345179 92.768 -136.4538
13.441884 92.772 -136.6588
13.539289 92.776 -136.8665
13.637401 92.779 -137.0772
13.736223 92.782 -137.2914
13.835761 92.784 -137.5097
13.936021 92.786 -137.7328
14.037007 92.787 -137.9615
14.138725 92.789 -138.1966
14.241180 92.790 -138.4391
14.344377 92.792 -138.6897
14.448323 92.793 -138.9490
14.553021 92.795 -139.2176
14.658478 92.796 -139.4956
14.764700 92.798 -139.7832
14.871691 92.799 -140.0799
14.979457 92.800 -140.3852
15.088005 92.800 -140.6984
15.197339 92.801 -141.0185
15.307465 92.802 -141.3444
15.418389 92.802 -141.6749
15.530117 92.803 -142.0090
15.642655 92.804 -142.3454
15.756008 92.806 -142.6834
15.870182 92.808 -143.0222
15.985184 92.811 -143.3613
16.101019 92.815 -143.7002
16.217694 92.820 -144.0389
16.335214 92.827 -144.3772
16.453586 92.835 -144.7152
16.572815 92.844 -145.0527
16.692909 92.854 -145.3898
16.813872 92.866 -145.7262
16.935713 92.879 -146.0616
17.058436 92.893 -146.3953
17.182048 92.908 -146.7267
17.306556 92.924 -147.0550
17.431967 92.941 -147.3792
17.558286 92.958 -147.6985
17.685521 92.976 -148.0119
17.813677 92.994 -148.3187
17.942762 93.013 -148.6183
18.072783 93.032 -148.9103
18.203746 93.052 -149.1942
18.335658 93.072 -149.4701
18.468526 93.092 -149.7377
18.602356 93.112 -149.9971
18.737156 93.132 -150.2484
18.872934 93.152 -150.4915
19.009695 93.172 -150.7265
19.147447 93.191 -150.9533
19.286197 93.210 -151.1719
19.425953 93.227 -151.3825
19.566721 93.245 -151.5851
19.708510 93.261 -151.7802
19.851326 93.276 -151.9682
19.995177 93.291 -152.1497
20.140070 93.305 -152.3257
20.286013 93.318 -152.4970
20.433014 93.329 -152.6646
20.581080 93.340 -152.8296
20.730219 93.350 -152.9926
20.880439 93.358 -153.1546
21.031747 93.365 -153.3161
21.184152 93.370 -153.4775
21.337661 93.374 -153.6391
21.492282 93.377 -153.8015
21.648024 93.379 -153.9649
21.804895 93.379 -154.1299
21.962902 93.379 -154.2973
22.122054 93.378 -154.4679
22.282360 93.376 -154.6426
22.443827 93.373 -154.8224
22.606464 93.370 -155.0083
22.770280 93.367 -155.2008
22.935283 93.363 -155.4004
23.101481 93.359 -155.6072
23.268884 93.354 -155.8208
23.437500 93.349 -156.0408
23.607338 93.344 -156.2665
23.778406 93.340 -156.4971
23.950714 93.335 -156.7320
24.124271 93.331 -156.9706
24.299086 93.328 -157.2125
24.475167 93.325 -157.4575
24.652524 93.324 -157.7053
24.831166 93.323 -157.9559
25.011103 93.324 -158.2089
25.192344 93.326 -158.4636
25.374898 93.329 -158.7194
25.558775 93.332 -158.9752
25.743984 93.337 -159.2298
25.930536 93.342 -159.4819
26.118439 93.348 -159.7305
26.307704 93.355 -159.9744
26.498341 93.362 -160.2129
26.690359 93.370 -160.4454
26.883768 93.379 -160.6715
27.078579 93.388 -160.8911
27.274801 93.397 -161.1042
27.472446 93.407 -161.3109
27.671522 93.416 -161.5114
27.872042 93.426 -161.7058
28.074014 93.435 -161.8944
28.277450 93.443 -162.0774
28.482360 93.451 -162.2549
28.688755 93.458 -162.4271
28.896645 93.464 -162.5944
29.106042 93.469 -162.7571
29.316957 93.473 -162.9158
29.529400 93.476 -163.0714
29.743382 93.478 -163.2249
29.958915 93.480 -163.3773
30.176009 93.481 -163.5300
30.394677 93.481 -163.6841
30.614929 93.480 -163.8409
30.836778 93.478 -164.0012
31.060234 93.476 -164.1654
31.285309 93.473 -164.3341
31.512015 93.470 -164.5074
31.740364 93.466 -164.6854
31.970368 93.463 -164.8684
32.202039 93.459 -165.0566
32.435388 93.455 -165.2501
32.670428 93.451 -165.4490
32.907171 93.448 -165.6529
33.145630 93.444 -165.8611
33.385817 93.441 -166.0725
33.627745 93.438 -166.2859
33.871425 93.435 -166.4999
34.116871 93.433 -166.7131
34.364096 93.431 -166.9243
34.613113 93.430 -167.1326
34.863934 93.429 -167.3374
35.116572 93.428 -167.5379
35.371041 93.428 -167.7338
35.627354 93.429 -167.9247
35.885525 93.430 -168.1107
36.145566 93.431 -168.2923
36.407492 93.432 -168.4700
36.671316 93.434 -168.6449
36.937051 93.435 -168.8176
37.204712 93.437 -168.9889
37.474313 93.437 -169.1589
37.745867 93.437 -169.3273
38.019389 93.436 -169.4937
38.294893 93.434 -169.6576
38.572394 93.431 -169.8189
38.851905 93.428 -169.9782
39.133442 93.424 -170.1363
39.417019 93.420 -170.2941
39.702651 93.416 -170.4527
39.990353 93.411 -170.6126
40.280140 93.406 -170.7739
40.572026 93.401 -170.9366
40.866028 93.395 -171.1003
41.162160 93.390 -171.2648
41.460438 93.385 -171.4303
41.760877 93.380 -171.5968
42.063494 93.376 -171.7646
42.368303 93.371 -171.9335
42.675322 93.367 -172.1032
42.984565 93.363 -172.2731
43.296048 93.360 -172.4423
43.609789 93.356 -172.6101
43.925804 93.352 -172.7758
44.244108 93.348 -172.9392
44.564719 93.344 -173.1002
44.887654 93.340 -173.2589
45.212928 93.336 -173.4155
45.540560 93.333 -173.5705
45.870565 93.329 -173.7243
46.202962 93.324 -173.8776
46.537768 93.320 -174.0308
46.875000 93.316 -174.1845
47.214676 93.311 -174.3387
47.556813 93.306 -174.4933
47.901429 93.301 -174.6478
48.248542 93.296 -174.8019
48.598171 93.291 -174.9557
48.950334 93.286 -175.1093
49.305048 93.281 -175.2630
49.662333 93.276 -175.4169
50.022206 93.271 -175.5709
50.384688 93.266 -175.7244
50.749796 93.262 -175.8768
51.117550 93.256 -176.0275
51.487969 93.251 -176.1758
51.861072 93.246 -176.3216
52.236879 93.240 -176.4648
52.615409 93.235 -176.6056
52.996681 93.229 -176.7442
53.380717 93.223 -176.8810
53.767536 93.218 -177.0163
54.157158 93.212 -177.1507
54.549603 93.206 -177.2851
54.944892 93.201 -177.4207
55.343045 93.196 -177.5585
55.744084 93.191 -177.6997
56.148028 93.187 -177.8451
56.554900 93.183 -177.9954
56.964720 93.179 -178.1509
57.377510 93.175 -178.3114
57.793291 93.171 -178.4761
58.212085 93.166 -178.6435
58.633914 93.161 -178.8115
59.058799 93.155 -178.9779
59.486764 93.148 -179.1409
59.917829 93.142 -179.2996
60.352019 93.135 -179.4540
60.789354 93.128 -179.6051
61.229859 93.120 -179.7539
61.673556 93.113 -179.9013
62.120468 93.105 179.9520
62.570618 93.097 179.8057
63.024031 93.088 179.6597
63.480729 93.079 179.5138
63.940736 93.070 179.3685
64.404077 93.060 179.2240
64.870776 93.051 179.0803
65.340856 93.041 178.9369
65.814343 93.032 178.7933
66.291261 93.023 178.6494
66.771635 93.014 178.5053
67.255489 93.005 178.3615
67.742850 92.997 178.2184
68.233743 92.988 178.0767
68.728193 92.979 177.9368
69.226226 92.970 177.7989
69.727867 92.961 177.6630
70.233144 92.952 177.5287
70.742083 92.943 177.3954
71.254709 92.933 177.2620
71.771050 92.924 177.1278
72.291132 92.915 176.9924
72.814984 92.906 176.8560
73.342631 92.896 176.7192
73.874102 92.887 176.5825
74.409424 92.878 176.4462
74.948626 92.868 176.3104
75.491734 92.859 176.1749
76.038779 92.850 176.0398
76.589787 92.842 175.9048
77.144788 92.833 175.7693
77.703811 92.826 175.6322
78.266885 92.818 175.4921
78.834039 92.811 175.3474
79.405303 92.804 175.1965
79.980706 92.796 175.0387
80.560280 92.788 174.8736
81.144053 92.779 174.7018
81.732056 92.769 174.5242
82.324320 92.757 174.3425
82.920876 92.744 174.1586
83.521755 92.730 173.9749
84.126988 92.713 173.7938
84.736607 92.696 173.6177
85.350643 92.677 173.4485
85.969129 92.657 173.2876
86.592097 92.637 173.1353
87.219579 92.617 172.9911
87.851608 92.597 172.8539
88.488217 92.577 172.7226
89.129439 92.558 172.5966
89.775308 92.539 172.4756
90.425856 92.521 172.3589
91.081119 92.503 172.2458
91.741131 92.485 172.1350
92.405925 92.467 172.0255
93.075536 92.450 171.9159
93.750000 92.432 171.8047
94.429351 92.415 171.6908
95.113625 92.397 171.5731
95.802858 92.379 171.4510
96.497085 92.362 171.3252
97.196342 92.343 171.1970
97.900667 92.325 171.0685
98.610096 92.306 170.9418
99.324665 92.287 170.8187
100.044413 92.268 170.7007
100.769376 92.249 170.5884
101.499592 92.230 170.4818
102.235100 92.210 170.3800
102.975938 92.191 170.2814
103.722144 92.173 170.1837
104.473757 92.154 170.0844
105.230817 92.136 169.9815
105.993363 92.118 169.8738
106.761435 92.100 169.7605
107.535072 92.082 169.6414
108.314315 92.065 169.5165
109.099206 92.047 169.3865
109.889783 92.028 169.2521
110.686090 92.008 169.1142
111.488167 91.987 168.9735
112.296056 91.963 168.8307
113.109800 91.937 168.6868
113.929440 91.909 168.5441
114.755020 91.877 168.4064
115.586582 91.843 168.2784
116.424170 91.807 168.1650
117.267827 91.771 168.0691
118.117598 91.735 167.9915
118.973527 91.700 167.9318
119.835658 91.668 167.8882
120.704037 91.638 167.8574
121.578708 91.610 167.8347
122.459718 91.584 167.8171
123.347111 91.559 167.8045
124.240935 91.533 167.7986
125.141236 91.507 167.8008
126.048061 91.481 167.8121
126.961458 91.455 167.8322
127.881473 91.430 167.8603
128.808154 91.406 167.8945
129.741551 91.385 167.9318
130.681712 91.367 167.9681
131.628686 91.351 167.9997
132.582521 91.338 168.0236
133.543269 91.326 168.0380
134.510979 91.316 168.0413
135.485701 91.306 168.0327
136.467486 91.296 168.0121
137.456386 91.286 167.9804
138.452451 91.276 167.9387
139.455735 91.264 167.8881
140.466288 91.252 167.8293
141.484165 91.239 167.7634
142.509418 91.226 167.6906
143.542100 91.211 167.6117
144.582265 91.195 167.5284
145.629968 91.178 167.4425
146.685262 91.160 167.3564
147.748204 91.141 167.2725
148.818849 91.121 167.1925
149.897251 91.100 167.1182
150.983469 91.077 167.0507
152.077557 91.054 166.9907
153.179574 91.031 166.9387
154.289576 91.008 166.8943
155.407622 90.986 166.8558
156.533770 90.966 166.8193
157.668078 90.948 166.7801
158.810606 90.931 166.7340
159.961413 90.914 166.6786
161.120559 90.898 166.6131
162.288105 90.881 166.5377
163.464112 90.863 166.4539
164.648640 90.843 166.3648
165.841752 90.820 166.2745
167.043510 90.796 166.1874
168.253976 90.770 166.1077
169.473213 90.743 166.0381
170.701286 90.715 165.9796
171.938258 90.687 165.9305
173.184194 90.660 165.8876
174.439158 90.633 165.8472
175.703216 90.607 165.8068
176.976434 90.582 165.7646
178.258878 90.557 165.7205
179.550615 90.531 165.6740
180.851713 90.506 165.6254
182.162239 90.481 165.5749
183.482262 90.455 165.5224
184.811850 90.429 165.4679
186.151073 90.402 165.4129
187.500000 90.373 165.3617
188.858702 90.343 165.3186
190.227250 90.312 165.2850
191.605715 90.280 165.2585
192.994169 90.247 165.2360
194.392685 90.214 165.2155
195.801334 90.181 165.1974
197.220191 90.147 165.1833
198.649330 90.113 165.1748
200.088825 90.080 165.1729
201.538751 90.047 165.1776
202.999184 90.016 165.1870
204.470200 89.986 165.1978
205.951875 89.957 165.2058
207.444287 89.928 165.2079
208.947514 89.899 165.2036
210.461634 89.869 165.1952
211.986726 89.837 165.1869
213.522869 89.803 165.1836
215.070144 89.767 165.1901
216.628631 89.731 165.2100
218.198411 89.695 165.2445
219.779567 89.659 165.2909
221.372180 89.626 165.3437
222.976334 89.594 165.3974
224.592112 89.563 165.4480
226.219600 89.534 165.4940
227.858880 89.504 165.5356
229.510039 89.474 165.5737
231.173164 89.444 165.6100
232.848340 89.414 165.6459
234.535655 89.384 165.6819
236.235197 89.353 165.7178
237.947054 89.322 165.7528
239.671317 89.290 165.7867
241.408074 89.257 165.8204
243.157416 89.223 165.8560
244.919435 89.187 165.8968
246.694223 89.151 165.9467
248.481871 89.114 166.0092
250.282473 89.076 166.0873
252.096123 89.039 166.1824
253.922915 89.003 166.2928
255.762945 88.970 166.4124
257.616309 88.940 166.5312
259.483103 88.911 166.6389
261.363424 88.884 166.7299
263.257372 88.855 166.8053
265.165043 88.826 166.8717
267.086538 88.794 166.9373
269.021957 88.760 167.0092
270.971401 88.726 167.0922
272.934972 88.692 167.1876
274.912771 88.658 167.2944
276.904902 88.625 167.4106
278.911469 88.594 167.5341
280.932577 88.564 167.6622
282.968330 88.536 167.7906
285.018835 88.510 167.9131
287.084199 88.485 168.0225
289.164530 88.461 168.1125
291.259935 88.435 168.1820
293.370525 88.408 168.2361
295.496408 88.377 168.2844
297.637697 88.343 168.3367
299.794503 88.307 168.3998
301.966937 88.269 168.4763
304.155114 88.231 168.5655
306.359147 88.193 168.6647
308.579152 88.155 168.7705
310.815244 88.117 168.8801
313.067539 88.078 168.9920
315.336156 88.038 169.1074
317.621211 87.997 169.2302
319.922826 87.955 169.3653
322.241118 87.912 169.5161
324.576210 87.869 169.6826
326.928223 87.826 169.8634
329.297280 87.784 170.0561
331.683504 87.742 170.2588
334.087019 87.701 170.4705
336.507952 87.660 170.6913
338.946427 87.619 170.9222
341.402572 87.579 171.1665
343.876516 87.539 171.4289
346.368387 87.500 171.7139
348.878315 87.464 172.0235
351.406431 87.431 172.3559
353.952867 87.403 172.7050
356.517756 87.381 173.0612
359.101230 87.365 173.4123
361.703426 87.355 173.7456
364.324478 87.349 174.0497
366.964523 87.347 174.3168
369.623699 87.347 174.5432
372.302145 87.346 174.7299
375.000000 87.344 174.8811
377.717405 87.340 175.0027
380.454501 87.333 175.1008
383.211431 87.322 175.1801
385.988339 87.307 175.2441
388.785369 87.289 175.2969
391.602668 87.266 175.3435
394.440383 87.238 175.3903
397.298660 87.205 175.4449
400.177650 87.169 175.5151
403.077502 87.128 175.6074
405.998368 87.085 175.7267
408.940400 87.040 175.8760
411.903750 86.994 176.0565
414.888575 86.948 176.2677
417.895028 86.903 176.5072
420.923268 86.861 176.7709
423.973452 86.822 177.0534
427.045738 86.785 177.3491
430.140287 86.752 177.6518
433.257261 86.721 177.9563
436.396822 86.693 178.2592
439.559133 86.667 178.5600
442.744360 86.642 178.8583
445.952668 86.619 179.1517
449.184225 86.598 179.4350
452.439199 86.578 179.7017
455.717760 86.558 179.9483
459.020079 86.536 -179.8219
462.346327 86.511 -179.5986
465.696680 86.483 -179.3700
469.071310 86.454 -179.1282
472.470394 86.423 -178.8710
475.894109 86.393 -178.6007
479.342634 86.363 -178.3228
482.816148 86.333 -178.0431
486.314833 86.303 -177.7634
489.838871 86.272 -177.4790
493.388445 86.241 -177.1819
496.963741 86.209 -176.8679
500.564945 86.179 -176.5407
504.192245 86.150 -176.2086
507.845830 86.123 -175.8787
511.525890 86.097 -175.5540
515.232618 86.071 -175.2334
518.966206 86.044 -174.9126
522.726849 86.017 -174.5863
526.514743 85.989 -174.2494
530.330086 85.962 -173.8996
534.173076 85.935 -173.5395
538.043915 85.910 -173.1741
541.942803 85.885 -172.8065
545.869944 85.861 -172.4362
549.825542 85.838 -172.0623
553.809805 85.816 -171.6863
557.822939 85.794 -171.3110
561.865154 85.773 -170.9382
565.936660 85.752 -170.5672
570.037671 85.731 -170.1954
574.168399 85.708 -169.8193
578.329060 85.686 -169.4367
582.519870 85.663 -169.0479
586.741049 85.641 -168.6536
590.992817 85.618 -168.2516
595.275394 85.596 -167.8392
599.589005 85.575 -167.4168
603.933874 85.556 -166.9885
608.310228 85.537 -166.5584
612.718295 85.518 -166.1279
617.158304 85.500 -165.6949
621.630488 85.481 -165.2538
626.135079 85.462 -164.7985
630.672311 85.444 -164.3265
635.242423 85.428 -163.8417
639.845651 85.414 -163.3504
644.482237 85.402 -162.8546
649.152421 85.393 -162.3537
653.856447 85.386 -161.8489
658.594560 85.381 -161.3468
663.367008 85.380 -160.8576
668.174039 85.380 -160.3894
673.015903 85.380 -159.9417
677.892854 85.378 -159.5066
682.805145 85.374 -159.0756
687.753032 85.369 -158.6418
692.736774 85.361 -158.1998
697.756631 85.353 -157.7451
702.812863 85.345 -157.2757
707.905735 85.337 -156.7941
713.035511 85.331 -156.3045
718.202461 85.326 -155.8099
723.406852 85.322 -155.3111
728.648956 85.318 -154.8071
733.929047 85.315 -154.2970
739.247399 85.312 -153.7801
744.604290 85.310 -153.2558
750.000000 85.309 -152.7234
755.434809 85.309 -152.1830
760.909001 85.311 -151.6355
766.422861 85.313 -151.0823
771.976677 85.317 -150.5242
777.570739 85.322 -149.9620
783.205337 85.329 -149.3957
788.880766 85.337 -148.8238
794.597321 85.347 -148.2431
800.355301 85.358 -147.6509
806.155005 85.373 -147.0485
811.996736 85.391 -146.4423
817.880799 85.413 -145.8415
823.807501 85.438 -145.2560
829.777150 85.466 -144.6937
835.790057 85.494 -144.1560
841.846536 85.520 -143.6356
847.946903 85.545 -143.1214
854.091476 85.569 -142.6056
860.280575 85.592 -142.0842
866.514523 85.615 -141.5545
872.793644 85.637 -141.0132
879.118267 85.661 -140.4609
885.488720 85.686 -139.9024
891.905336 85.713 -139.3420
898.368450 85.740 -138.7804
904.878398 85.769 -138.2151
911.435520 85.800 -137.6450
918.040157 85.833 -137.0717
924.692655 85.868 -136.4980
931.393359 85.905 -135.9270
938.142619 85.945 -135.3623
944.940787 85.985 -134.8055
951.788218 86.027 -134.2554
958.685268 86.069 -133.7093
965.632296 86.112 -133.1644
972.629666 86.155 -132.6186
979.677741 86.199 -132.0717
986.776890 86.244 -131.5247
993.927482 86.290 -130.9763
1001.129891 86.338 -130.4218
1008.384491 86.387 -129.8573
1015.691660 86.439 -129.2840
1023.051781 86.495 -128.7075
1030.465236 86.555 -128.1361
1037.932411 86.620 -127.5817
1045.453698 86.688 -127.0566
1053.029486 86.758 -126.5663
1060.660172 86.827 -126.1071
1068.346153 86.894 -125.6700
1076.087829 86.960 -125.2454
1083.885605 87.025 -124.8267
1091.739887 87.089 -124.4118
1099.651084 87.152 -124.0006
1107.619609 87.215 -123.5928
1115.645878 87.278 -123.1874
1123.730308 87.340 -122.7833
1131.873321 87.403 -122.3794
1140.075341 87.465 -121.9749
1148.336797 87.528 -121.5694
1156.658119 87.591 -121.1627
1165.039741 87.655 -120.7537
1173.482099 87.721 -120.3411
1181.985634 87.788 -119.9250
1190.550789 87.859 -119.5112
1199.178011 87.933 -119.1106
1207.867749 88.009 -118.7352
1216.620457 88.086 -118.3909
1225.436590 88.161 -118.0739
1234.316609 88.233 -117.7754
1243.260976 88.303 -117.4865
1252.270157 88.371 -117.1994
1261.344623 88.437 -116.9097
1270.484846 88.501 -116.6163
1279.691303 88.564 -116.3177
1288.964474 88.627 -116.0123
1298.304842 88.690 -115.7005
1307.712894 88.753 -115.3849
1317.189120 88.817 -115.0687
1326.734016 88.881 -114.7542
1336.348077 88.944 -114.4404
1346.031806 89.007 -114.1243
1355.785708 89.068 -113.8020
1365.610290 89.130 -113.4698
1375.506065 89.191 -113.1230
1385.473549 89.253 -112.7565
1395.513261 89.318 -112.3694
1405.625726 89.386 -111.9671
1415.811469 89.459 -111.5620
1426.071023 89.536 -111.1689
1436.404921 89.615 -110.7975
1446.813703 89.696 -110.4481
1457.297912 89.776 -110.1151
1467.858093 89.855 -109.7921
1478.494798 89.934 -109.4743
1489.208581 90.012 -109.1579
1500.000000 90.090 -108.8393
1510.869618 90.167 -108.5148
1521.818002 90.245 -108.1810
1532.845723 90.323 -107.8344
1543.953355 90.403 -107.4727
1555.141477 90.486 -107.0946
1566.410674 90.572 -106.7036
1577.761531 90.664 -106.3096
1589.194642 90.760 -105.9258
1600.710601 90.860 -105.5609
1612.310010 90.962 -105.2153
1623.993473 91.066 -104.8849
1635.761599 91.171 -104.5646
1647.615002 91.279 -104.2525
1659.554299 91.388 -103.9492
1671.580114 91.501 -103.6576
1683.693072 91.617 -103.3831
1695.893807 91.734 -103.1321
1708.182952 91.854 -102.9090
1720.561150 91.973 -102.7135
1733.029045 92.092 -102.5405
1745.587288 92.209 -102.3813
1758.236533 92.325 -102.2257
1770.977440 92.441 -102.0651
1783.810673 92.560 -101.8978
1796.736900 92.682 -101.7315
1809.756796 92.809 -101.5794
1822.871040 92.939 -101.4522
1836.080315 93.071 -101.3539
1849.385310 93.204 -101.2836
1862.786718 93.337 -101.2385
1876.285239 93.470 -101.2148
1889.881575 93.604 -101.2080
1903.576436 93.737 -101.2137
1917.370535 93.873 -101.2283
1931.264593 94.010 -101.2504
1945.259332 94.151 -101.2832
1959.355483 94.297 -101.3378
1973.553781 94.447 -101.4295
1987.854965 94.600 -101.5704
2002.259781 94.754 -101.7656
2016.768981 94.908 -102.0144
2031.383320 95.061 -102.3134
2046.103561 95.212 -102.6588
2060.930471 95.362 -103.0479
2075.864823 95.509 -103.4806
2090.907395 95.655 -103.9576
2106.058972 95.797 -104.4784
2121.320344 95.936 -105.0394
2136.692305 96.071 -105.6344
2152.175658 96.204 -106.2573
2167.771210 96.334 -106.9070
2183.479774 96.464 -107.5909
2199.302169 96.592 -108.3206
2215.239219 96.718 -109.1053
2231.291755 96.840 -109.9490
2247.460615 96.957 -110.8513
2263.746641 97.067 -111.8080
2280.150683 97.169 -112.8117
2296.673595 97.263 -113.8536
2313.316238 97.349 -114.9256
2330.079481 97.430 -116.0236
2346.964198 97.504 -117.1509
2363.971268 97.572 -118.3146
2381.101578 97.633 -119.5193
2398.356022 97.684 -120.7645
2415.735498 97.726 -122.0455
2433.240913 97.756 -123.3542
2450.873180 97.775 -124.6816
2468.633217 97.782 -126.0192
2486.521951 97.777 -127.3580
2504.540314 97.759 -128.6860
2522.689246 97.728 -129.9886
2540.969692 97.686 -131.2509
2559.382606 97.635 -132.4638
2577.928947 97.575 -133.6263
2596.609683 97.509 -134.7408
2615.425787 97.437 -135.8094
2634.378241 97.357 -136.8309
2653.468031 97.270 -137.8006
2672.696154 97.176 -138.7095
2692.063613 97.077 -139.5472
2711.571415 96.973 -140.3057
2731.220579 96.868 -140.9856
2751.012130 96.763 -141.5948
2770.947098 96.658 -142.1435
2791.026522 96.555 -142.6399
2811.251451 96.452 -143.0889
2831.622938 96.349 -143.4930
2852.142045 96.247 -143.8531
2872.809842 96.144 -144.1685
2893.627406 96.041 -144.4341
2914.595823 95.938 -144.6411
2935.716186 95.836 -144.7814
2956.989596 95.737 -144.8546
2978.417161 95.644 -144.8679
3000.000000 95.558 -144.8329
3021.739237 95.478 -144.7611
3043.636005 95.405 -144.6614
3065.691446 95.338 -144.5383
3087.906710 95.277 -144.3938
3110.282955 95.223 -144.2327
3132.821347 95.176 -144.0643
3155.523062 95.135 -143.8997
3178.389283 95.100 -143.7463
3201.421202 95.069 -143.6067
3224.620020 95.040 -143.4798
3247.986946 95.014 -143.3622
3271.523198 94.988 -143.2477
3295.230004 94.963 -143.1261
3319.108599 94.939 -142.9870
3343.160228 94.919 -142.8265
3367.386145 94.903 -142.6490
3391.787613 94.891 -142.4636
3416.365904 94.884 -142.2781
3441.122300 94.881 -142.0943
3466.058091 94.880 -141.9066
3491.174576 94.884 -141.7072
3516.473066 94.892 -141.4933
3541.954880 94.906 -141.2688
3567.621345 94.927 -141.0414
3593.473800 94.956 -140.8204
3619.513592 94.993 -140.6152
3645.742080 95.035 -140.4333
3672.160630 95.084 -140.2773
3698.770620 95.138 -140.1442
3725.573436 95.198 -140.0317
3752.570477 95.265 -139.9434
3779.763150 95.339 -139.8882
3807.152872 95.420 -139.8759
3834.741071 95.507 -139.9118
3862.529185 95.600 -139.9959
3890.518664 95.699 -140.1286
3918.710966 95.806 -140.3169
3947.107561 95.920 -140.5745
3975.709929 96.043 -140.9190
4004.519563 96.171 -141.3698
4033.537962 96.304 -141.9444
4062.766641 96.438 -142.6535
4092.207123 96.570 -143.5001
4121.860942 96.699 -144.4845
4151.729646 96.822 -145.6082
4181.814790 96.937 -146.8734
4212.117944 97.041 -148.2778
4242.640687 97.131 -149.8119
4273.384610 97.205 -151.4608
4304.351317 97.262 -153.2110
4335.542421 97.302 -155.0520
4366.959549 97.323 -156.9760
4398.604338 97.323 -158.9760
4430.478438 97.301 -161.0421
4462.583511 97.253 -163.1563
4494.921231 97.179 -165.2931
4527.493283 97.077 -167.4251
4560.301365 96.947 -169.5264
4593.347189 96.789 -171.5723
4626.632476 96.604 -173.5358
4660.158962 96.392 -175.3873
4693.928395 96.157 -177.1000
4727.942535 95.902 -178.6549
4762.203156 95.631 179.9577
4796.712043 95.348 178.7370
4831.470996 95.056 177.6766
4866.481826 94.756 176.7707
4901.746360 94.451 176.0146
4937.266434 94.141 175.4023
4973.043902 93.830 174.9254
5009.080628 93.516 174.5790
5045.378492 93.201 174.3648
5081.939384 92.884 174.2886
5118.765212 92.569 174.3546
5155.857894 92.257 174.5614
5193.219366 91.952 174.8993
5230.851574 91.654 175.3544
5268.756481 91.364 175.9143
5306.936062 91.085 176.5680
5345.392309 90.815 177.3030
5384.127225 90.555 178.1074
5423.142830 90.303 178.9755
5462.441159 90.059 179.9098
5502.024259 89.823 -179.0841
5541.894195 89.596 -178.0024
5582.053045 89.379 -176.8484
5622.502902 89.173 -175.6305
5663.245876 88.979 -174.3578
5704.284090 88.797 -173.0391
5745.619684 88.626 -171.6840
5787.254813 88.466 -170.3005
5829.191647 88.316 -168.8888
5871.432373 88.174 -167.4408
5913.979192 88.041 -165.9442
5956.834323 87.918 -164.3894
6000.000000 87.808 -162.7744
6043.478473 87.712 -161.1052
6087.272010 87.633 -159.3968
6131.382892 87.572 -157.6736
6175.813420 87.527 -155.9621
6220.565910 87.496 -154.2742
6265.642695 87.475 -152.6015
6311.046124 87.464 -150.9241
6356.778566 87.463 -149.2251
6402.842404 87.476 -147.4970
6449.240040 87.503 -145.7410
6495.973891 87.547 -143.9647
6543.046396 87.610 -142.1810
6590.460007 87.691 -140.4028
6638.217197 87.792 -138.6387
6686.320456 87.911 -136.8923
6734.772290 88.050 -135.1658
6783.575226 88.210 -133.4629
6832.731809 88.392 -131.7905
6882.244600 88.599 -130.1590
6932.116181 88.830 -128.5841
6982.349153 89.087 -127.0831
7032.946133 89.371 -125.6703
7083.909760 89.683 -124.3564
7135.242690 90.024 -123.1528
7186.947600 90.397 -122.0775
7239.027185 90.805 -121.1575
7291.484160 91.252 -120.4335
7344.321260 91.738 -119.9610
7397.541239 92.262 -119.8079
7451.146872 92.822 -120.0489
7505.140954 93.411 -120.7637
7559.526299 94.018 -122.0344
7614.305743 94.630 -123.9402
7669.482141 95.228 -126.5490
7725.058371 95.789 -129.9072
7781.037328 96.287 -134.0226
7837.421932 96.695 -138.8475
7894.215122 96.988 -144.2714
7951.419859 97.150 -150.1251
8009.039125 97.167 -156.1925
8067.075924 97.038 -162.2317
8125.533282 96.770 -168.0045
8184.414245 96.377 -173.3049
8243.721885 95.879 -177.9767
8303.459292 95.298 178.0802
8363.629581 94.658 174.9131
8424.235888 93.983 172.5258
8485.281374 93.295 170.8860
8546.769221 92.615 169.9316
8608.702634 91.958 169.5804
8671.084842 91.338 169.7438
8733.919097 90.761 170.3376
8797.208675 90.232 171.2900
8860.956876 89.755 172.5426
8925.167022 89.329 174.0435
8989.842461 88.958 175.7426
9054.986566 88.640 177.5933
9120.602731 88.375 179.5566
9186.694378 88.162 -178.3955
9253.264952 88.001 -176.2806
9320.317925 87.892 -174.1144
9387.856790 87.837 -171.9190
9455.885071 87.841 -169.7234
9524.406312 87.904 -167.5605
9593.424086 88.030 -165.4640
9662.941992 88.224 -163.4695
9732.963653 88.490 -161.6259
9803.492719 88.835 -160.0040
9874.532869 89.261 -158.6994
9946.087805 89.769 -157.8277
10018.161257 90.353 -157.5167
10090.756983 91.002 -157.9001
10163.878768 91.696 -159.1135
10237.530423 92.409 -161.2822
10311.715789 93.107 -164.5021
10386.438732 93.749 -168.8164
10461.703149 94.292 -174.1957
10537.512962 94.697 179.4762
10613.872125 94.927 172.4071
10690.784618 94.957 164.8928
10768.254450 94.775 157.2914
10846.285661 94.383 149.9787
10924.882318 93.798 143.2920
11004.048518 93.049 137.4875
11083.788390 92.173 132.7227
11164.106090 91.209 129.0599
11245.005805 90.194 126.4863
11326.491752 89.167 124.9340
11408.568180 88.159 124.2966
11491.239368 87.197 124.4406
11574.509626 86.301 125.2178
11658.383294 85.483 126.4813
11742.864745 84.751 128.1004
11827.958384 84.103 129.9658
11913.668646 83.538 131.9855
12000.000000 83.051 134.0804
12086.956947 82.636 136.1863
12174.544019 82.286 138.2539
12262.765784 81.994 140.2443
12351.626840 81.754 142.1217
12441.131819 81.560 143.8533
12531.285389 81.406 145.4147
12622.092249 81.285 146.7927
12713.557132 81.192 147.9813
12805.684808 81.121 148.9777
12898.480079 81.068 149.7840
12991.947783 81.029 150.4095
13086.092792 81.002 150.8663
13180.920015 80.988 151.1586
13276.434395 80.986 151.2779
13372.640911 80.998 151.2036
13469.544580 81.022 150.9049
13567.150452 81.054 150.3418
13665.463617 81.088 149.4749
13764.489200 81.112 148.2832
13864.232362 81.113 146.7806
13964.698305 81.079 145.0149
14065.892266 81.002 143.0548
14167.819519 80.879 140.9747
14270.485380 80.710 138.8439
14373.895200 80.496 136.7201
14478.054370 80.240 134.6508
14582.968320 79.944 132.6826
14688.642520 79.612 130.8729
14795.082478 79.248 129.2861
14902.293745 78.862 127.9815
15010.281908 78.467 127.0033
15119.052599 78.082 126.3722
15228.611486 77.726 126.0750
15338.964283 77.423 126.0566
15450.116741 77.195 126.2183
15562.074656 77.066 126.4164
15674.843864 77.051 126.4609
15788.430244 77.158 126.1219
15902.839718 77.379 125.1520
16018.078250 77.690 123.3177
16134.151848 78.051 120.4344
16251.066563 78.408 116.3964
16368.828491 78.700 111.2026
16487.443769 78.867 104.9711
16606.918584 78.854 97.9424
16727.259161 78.621 90.4699
16848.471777 78.147 82.9800
16970.562748 77.435 75.8997
17093.538442 76.508 69.5887
17217.405268 75.403 64.3055
17342.169684 74.164 60.2015
17467.838194 72.838 57.3281
17594.417350 71.473 55.6475
17721.913751 70.117 55.0448
17850.334044 68.818 55.3370
17979.684923 67.620 56.2811
18109.973131 66.566 57.5735
18241.205462 65.688 58.8442
18373.388756 65.009 59.6712
18506.529905 64.523 59.6315
18640.635849 64.193 58.3740
18775.713581 63.946 55.6879
18911.770141 63.692 51.5501
19048.812624 63.333 46.1424
19186.848172 62.788 39.8387
19325.883983 62.008 33.1447
19465.927305 60.983 26.5907
19606.985439 59.753 20.6355
19749.065738 58.425 15.6500
19892.175609 57.209 11.9785
20036.322514 56.443 9.9943
