* Measurement data measured by REW V5.30 beta 5
* Source: EXCL: Microphone (Realtek(R) Audio), MICROPHONE (Master Volume), L, volume: 1.000
* Format: 256k Log Swept Sine, 1 sweep at -12.0 dBFS with no timing reference
* Dated: Dec 29, 2023 1:04:32 AM
* REW Settings:
*  C-weighting compensation: Off
*  Target level: 75.0 dB
* Note: Shortbus God Mod R
* Measurement: R Shortbus God Mod
* Smoothing: 1/12 octave
* Frequency Step: 96 ppo
* Start Frequency: 0.36621094 Hz
*
* Freq(Hz) SPL(dB) Phase(degrees)
0.366211 57.985 76.6891
0.368865 58.034 76.0623
0.371538 58.106 75.1211
0.374230 58.194 73.9361
0.376942 58.292 72.5693
0.379673 58.398 71.0677
0.382424 58.508 69.4637
0.385196 58.620 67.7787
0.387987 58.735 66.0269
0.390798 58.850 64.2184
0.393630 58.967 62.3607
0.396483 59.085 60.4602
0.399356 59.203 58.5233
0.402250 59.323 56.5561
0.405165 59.443 54.5649
0.408101 59.565 52.5564
0.411058 59.687 50.5371
0.414037 59.810 48.5141
0.417037 59.934 46.4939
0.420059 60.059 44.4833
0.423103 60.185 42.4887
0.426169 60.311 40.5160
0.429257 60.439 38.5708
0.432367 60.567 36.6583
0.435501 60.697 34.7828
0.438656 60.827 32.9483
0.441835 60.959 31.1581
0.445037 61.091 29.4148
0.448262 61.224 27.7205
0.451510 61.358 26.0767
0.454782 61.494 24.4845
0.458077 61.630 22.9444
0.461397 61.767 21.4565
0.464740 61.905 20.0204
0.468108 62.044 18.6357
0.471500 62.185 17.3014
0.474917 62.326 16.0165
0.478358 62.468 14.7797
0.481825 62.611 13.5896
0.485316 62.756 12.4446
0.488833 62.901 11.3433
0.492375 63.048 10.2839
0.495943 63.195 9.2647
0.499537 63.344 8.2842
0.503157 63.493 7.3404
0.506803 63.644 6.4319
0.510475 63.796 5.5570
0.514174 63.949 4.7140
0.517900 64.103 3.9014
0.521653 64.258 3.1177
0.525433 64.414 2.3614
0.529241 64.572 1.6311
0.533076 64.730 0.9255
0.536939 64.890 0.2431
0.540830 65.051 -0.4171
0.544749 65.213 -1.0565
0.548696 65.376 -1.6762
0.552673 65.540 -2.2773
0.556677 65.706 -2.8608
0.560711 65.873 -3.4277
0.564774 66.041 -3.9790
0.568867 66.210 -4.5156
0.572989 66.380 -5.0384
0.577141 66.552 -5.5483
0.581324 66.725 -6.0459
0.585536 66.899 -6.5322
0.589779 67.075 -7.0077
0.594053 67.251 -7.4732
0.598358 67.429 -7.9295
0.602694 67.609 -8.3770
0.607061 67.789 -8.8164
0.611460 67.971 -9.2484
0.615891 68.155 -9.6734
0.620354 68.339 -10.0921
0.624849 68.525 -10.5049
0.629377 68.712 -10.9123
0.633938 68.901 -11.3149
0.638532 69.091 -11.7130
0.643159 69.282 -12.1073
0.647819 69.475 -12.4980
0.652514 69.669 -12.8856
0.657242 69.865 -13.2705
0.662005 70.062 -13.6532
0.666802 70.260 -14.0340
0.671634 70.460 -14.4133
0.676501 70.662 -14.7915
0.681403 70.864 -15.1689
0.686341 71.068 -15.5460
0.691314 71.274 -15.9229
0.696324 71.480 -16.3002
0.701369 71.687 -16.6781
0.706452 71.895 -17.0569
0.711571 72.101 -17.4369
0.716727 72.306 -17.8183
0.721921 72.508 -18.2010
0.727153 72.704 -18.5852
0.732422 72.893 -18.9706
0.737729 73.073 -19.3567
0.743075 73.247 -19.7433
0.748460 73.414 -20.1297
0.753883 73.577 -20.5156
0.759346 73.737 -20.9007
0.764849 73.894 -21.2844
0.770391 74.050 -21.6667
0.775974 74.203 -22.0473
0.781597 74.356 -22.4260
0.787261 74.507 -22.8027
0.792965 74.657 -23.1771
0.798712 74.806 -23.5492
0.804499 74.953 -23.9188
0.810329 75.099 -24.2859
0.816201 75.244 -24.6504
0.822116 75.388 -25.0121
0.828073 75.530 -25.3712
0.834073 75.671 -25.7274
0.840118 75.812 -26.0808
0.846205 75.950 -26.4313
0.852337 76.088 -26.7790
0.858514 76.225 -27.1238
0.864735 76.360 -27.4657
0.871001 76.494 -27.8049
0.877313 76.628 -28.1412
0.883670 76.760 -28.4748
0.890074 76.891 -28.8056
0.896523 77.021 -29.1338
0.903020 77.150 -29.4593
0.909564 77.278 -29.7823
0.916155 77.405 -30.1028
0.922793 77.531 -30.4210
0.929480 77.656 -30.7368
0.936216 77.780 -31.0504
0.943000 77.904 -31.3618
0.949833 78.027 -31.6712
0.956716 78.149 -31.9787
0.963649 78.270 -32.2844
0.970632 78.391 -32.5883
0.977666 78.511 -32.8907
0.984750 78.631 -33.1916
0.991886 78.750 -33.4912
0.999074 78.869 -33.7896
1.006313 78.988 -34.0870
1.013605 79.106 -34.3834
1.020950 79.224 -34.6791
1.028349 79.342 -34.9743
1.035801 79.460 -35.2690
1.043306 79.578 -35.5634
1.050867 79.697 -35.8579
1.058482 79.815 -36.1526
1.066152 79.934 -36.4479
1.073878 80.052 -36.7442
1.081659 80.171 -37.0420
1.089498 80.290 -37.3420
1.097393 80.408 -37.6451
1.105345 80.526 -37.9523
1.113355 80.643 -38.2643
1.121422 80.759 -38.5818
1.129549 80.873 -38.9050
1.137734 80.986 -39.2339
1.145978 81.097 -39.5684
1.154283 81.206 -39.9080
1.162647 81.314 -40.2523
1.171072 81.419 -40.6010
1.179558 81.524 -40.9534
1.188106 81.626 -41.3092
1.196715 81.727 -41.6678
1.205387 81.827 -42.0288
1.214122 81.924 -42.3915
1.222920 82.021 -42.7556
1.231781 82.116 -43.1205
1.240708 82.209 -43.4857
1.249698 82.301 -43.8508
1.258754 82.392 -44.2152
1.267875 82.481 -44.5785
1.277063 82.569 -44.9402
1.286317 82.656 -45.2998
1.295638 82.742 -45.6568
1.305027 82.827 -46.0108
1.314484 82.911 -46.3612
1.324009 82.994 -46.7076
1.333603 83.076 -47.0495
1.343267 83.158 -47.3865
1.353001 83.238 -47.7180
1.362805 83.319 -48.0436
1.372681 83.399 -48.3629
1.382628 83.478 -48.6753
1.392647 83.557 -48.9804
1.402739 83.636 -49.2779
1.412904 83.715 -49.5675
1.423142 83.794 -49.8490
1.433455 83.873 -50.1225
1.443842 83.952 -50.3883
1.454305 84.030 -50.6473
1.464843 84.109 -50.9007
1.475458 84.186 -51.1501
1.486150 84.262 -51.3972
1.496919 84.337 -51.6432
1.507766 84.411 -51.8889
1.518692 84.483 -52.1346
1.529697 84.553 -52.3805
1.540782 84.622 -52.6263
1.551947 84.689 -52.8719
1.563193 84.755 -53.1166
1.574521 84.820 -53.3603
1.585931 84.883 -53.6022
1.597423 84.944 -53.8419
1.608998 85.005 -54.0789
1.620658 85.065 -54.3125
1.632402 85.123 -54.5422
1.644231 85.180 -54.7674
1.656146 85.237 -54.9874
1.668147 85.293 -55.2015
1.680235 85.348 -55.4092
1.692410 85.403 -55.6096
1.704674 85.457 -55.8022
1.717027 85.511 -55.9861
1.729469 85.565 -56.1607
1.742002 85.619 -56.3252
1.754625 85.673 -56.4789
1.767340 85.727 -56.6210
1.780147 85.782 -56.7511
1.793046 85.837 -56.8686
1.806040 85.892 -56.9734
1.819127 85.947 -57.0654
1.832309 86.002 -57.1453
1.845587 86.056 -57.2137
1.858961 86.110 -57.2714
1.872431 86.163 -57.3191
1.886000 86.215 -57.3574
1.899666 86.266 -57.3867
1.913432 86.316 -57.4070
1.927298 86.364 -57.4185
1.941264 86.413 -57.4212
1.955331 86.460 -57.4151
1.969500 86.507 -57.4001
1.983772 86.554 -57.3762
1.998147 86.601 -57.3432
2.012626 86.648 -57.3011
2.027211 86.695 -57.2498
2.041901 86.744 -57.1893
2.056697 86.793 -57.1195
2.071601 86.843 -57.0403
2.086613 86.895 -56.9517
2.101733 86.949 -56.8536
2.116963 87.004 -56.7459
2.132303 87.062 -56.6283
2.147755 87.122 -56.5006
2.163318 87.185 -56.3623
2.178995 87.251 -56.2126
2.194785 87.319 -56.0503
2.210689 87.390 -55.8745
2.226709 87.463 -55.6843
2.242844 87.539 -55.4793
2.259097 87.616 -55.2600
2.275467 87.696 -55.0274
2.291956 87.777 -54.7829
2.308565 87.861 -54.5285
2.325294 87.947 -54.2661
2.342144 88.034 -53.9981
2.359116 88.124 -53.7265
2.376211 88.216 -53.4539
2.393430 88.310 -53.1825
2.410774 88.406 -52.9148
2.428243 88.505 -52.6531
2.445839 88.606 -52.3997
2.463562 88.709 -52.1566
2.481415 88.814 -51.9258
2.499396 88.923 -51.7085
2.517508 89.034 -51.5055
2.535750 89.147 -51.3166
2.554126 89.264 -51.1404
2.572634 89.384 -50.9748
2.591276 89.508 -50.8171
2.610054 89.635 -50.6656
2.628967 89.766 -50.5194
2.648018 89.901 -50.3790
2.667206 90.039 -50.2457
2.686534 90.180 -50.1214
2.706002 90.323 -50.0083
2.725610 90.469 -49.9089
2.745361 90.617 -49.8256
2.765255 90.766 -49.7608
2.785294 90.917 -49.7170
2.805477 91.068 -49.6963
2.825807 91.220 -49.7006
2.846284 91.372 -49.7318
2.866909 91.523 -49.7910
2.887684 91.675 -49.8789
2.908609 91.825 -49.9952
2.929686 91.976 -50.1389
2.950916 92.126 -50.3080
2.972299 92.276 -50.5004
2.993838 92.427 -50.7139
3.015532 92.579 -50.9470
3.037384 92.730 -51.1986
3.059394 92.882 -51.4679
3.081564 93.034 -51.7545
3.103894 93.185 -52.0583
3.126386 93.336 -52.3791
3.149041 93.485 -52.7172
3.171861 93.633 -53.0728
3.194845 93.780 -53.4465
3.217996 93.924 -53.8389
3.241315 94.065 -54.2508
3.264803 94.205 -54.6832
3.288461 94.341 -55.1370
3.312291 94.476 -55.6130
3.336293 94.607 -56.1112
3.360469 94.736 -56.6311
3.384820 94.863 -57.1713
3.409348 94.987 -57.7295
3.434054 95.109 -58.3034
3.458938 95.228 -58.8904
3.484003 95.345 -59.4880
3.509250 95.458 -60.0939
3.534679 95.569 -60.7061
3.560293 95.676 -61.3232
3.586092 95.780 -61.9445
3.612079 95.881 -62.5702
3.638253 95.978 -63.2015
3.664618 96.071 -63.8406
3.691173 96.161 -64.4901
3.717921 96.246 -65.1519
3.744862 96.328 -65.8263
3.771999 96.406 -66.5121
3.799332 96.479 -67.2065
3.826864 96.549 -67.9061
3.854595 96.615 -68.6066
3.882527 96.677 -69.3037
3.910661 96.735 -69.9934
3.938999 96.790 -70.6723
3.967543 96.841 -71.3381
3.996294 96.887 -71.9899
4.025252 96.929 -72.6285
4.054421 96.967 -73.2563
4.083801 97.001 -73.8756
4.113394 97.029 -74.4880
4.143201 97.054 -75.0931
4.173225 97.074 -75.6890
4.203466 97.090 -76.2723
4.233926 97.103 -76.8387
4.264606 97.113 -77.3834
4.295509 97.120 -77.9014
4.326636 97.125 -78.3882
4.357989 97.128 -78.8402
4.389569 97.128 -79.2553
4.421378 97.125 -79.6328
4.453417 97.120 -79.9734
4.485688 97.112 -80.2779
4.518193 97.101 -80.5471
4.550934 97.090 -80.7813
4.583912 97.078 -80.9799
4.617129 97.067 -81.1422
4.650587 97.058 -81.2666
4.684287 97.053 -81.3512
4.718231 97.051 -81.3935
4.752421 97.054 -81.3912
4.786859 97.062 -81.3421
4.821547 97.075 -81.2461
4.856485 97.092 -81.1052
4.891677 97.115 -80.9245
4.927125 97.143 -80.7113
4.962829 97.178 -80.4743
4.998791 97.221 -80.2225
5.035015 97.272 -79.9642
5.071500 97.333 -79.7061
5.108251 97.405 -79.4522
5.145267 97.488 -79.2043
5.182552 97.581 -78.9635
5.220107 97.686 -78.7329
5.257934 97.800 -78.5186
5.296035 97.924 -78.3300
5.334412 98.055 -78.1779
5.373067 98.193 -78.0733
5.412003 98.337 -78.0258
5.451221 98.485 -78.0421
5.490722 98.638 -78.1254
5.530510 98.796 -78.2753
5.570587 98.958 -78.4897
5.610953 99.124 -78.7664
5.651613 99.292 -79.1042
5.692567 99.461 -79.5036
5.733818 99.629 -79.9659
5.775367 99.795 -80.4932
5.817218 99.957 -81.0876
5.859372 100.115 -81.7503
5.901831 100.268 -82.4806
5.944598 100.416 -83.2753
5.987675 100.559 -84.1288
6.031065 100.695 -85.0340
6.074768 100.825 -85.9839
6.118788 100.946 -86.9732
6.163127 101.059 -87.9985
6.207788 101.163 -89.0594
6.252772 101.256 -90.1566
6.298082 101.339 -91.2903
6.343721 101.412 -92.4569
6.389690 101.474 -93.6490
6.435992 101.525 -94.8563
6.482630 101.564 -96.0681
6.529606 101.590 -97.2760
6.576922 101.605 -98.4751
6.624581 101.606 -99.6639
6.672585 101.594 -100.8420
6.720938 101.568 -102.0056
6.769640 101.530 -103.1459
6.818696 101.478 -104.2503
6.868107 101.413 -105.3039
6.917876 101.336 -106.2929
6.968006 101.244 -107.2067
7.018499 101.140 -108.0382
7.069358 101.023 -108.7808
7.120586 100.896 -109.4259
7.172184 100.760 -109.9612
7.224157 100.617 -110.3709
7.276506 100.471 -110.6378
7.329235 100.322 -110.7456
7.382345 100.173 -110.6818
7.435841 100.027 -110.4398
7.489724 99.888 -110.0189
7.543997 99.762 -109.4240
7.598664 99.656 -108.6643
7.653728 99.577 -107.7519
7.709189 99.528 -106.7027
7.765053 99.514 -105.5387
7.821322 99.536 -104.2933
7.877998 99.594 -103.0124
7.935086 99.688 -101.7485
7.992587 99.819 -100.5534
8.050504 99.984 -99.4706
8.108841 100.183 -98.5316
8.167601 100.411 -97.7592
8.226787 100.662 -97.1721
8.286402 100.930 -96.7863
8.346449 101.208 -96.6129
8.406931 101.489 -96.6562
8.467851 101.769 -96.9115
8.529212 102.045 -97.3670
8.591018 102.315 -98.0067
8.653272 102.574 -98.8145
8.715977 102.819 -99.7761
8.779137 103.049 -100.8798
8.842754 103.260 -102.1145
8.906833 103.452 -103.4666
8.971375 103.624 -104.9185
9.036386 103.775 -106.4514
9.101867 103.903 -108.0492
9.167823 104.009 -109.7000
9.234257 104.091 -111.3948
9.301172 104.150 -113.1222
9.368572 104.185 -114.8664
9.436460 104.195 -116.6089
9.504841 104.181 -118.3332
9.573717 104.142 -120.0264
9.643092 104.079 -121.6773
9.712970 103.991 -123.2714
9.783354 103.880 -124.7894
9.854248 103.745 -126.2095
9.925656 103.588 -127.5112
9.997581 103.409 -128.6766
10.070028 103.211 -129.6875
10.143000 102.997 -130.5229
10.216500 102.769 -131.1590
10.290533 102.531 -131.5726
10.365103 102.287 -131.7440
10.440212 102.045 -131.6599
10.515866 101.810 -131.3136
10.592069 101.591 -130.7051
10.668823 101.395 -129.8420
10.746134 101.230 -128.7441
10.824005 101.103 -127.4479
10.902440 101.018 -126.0056
10.981443 100.980 -124.4784
11.061020 100.992 -122.9290
11.141172 101.050 -121.4189
11.221906 101.151 -120.0056
11.303225 101.288 -118.7384
11.385133 101.454 -117.6531
11.467634 101.643 -116.7692
11.550734 101.847 -116.0932
11.634435 102.059 -115.6217
11.718742 102.274 -115.3448
11.803661 102.486 -115.2472
11.889195 102.693 -115.3098
11.975349 102.891 -115.5107
12.062128 103.079 -115.8283
12.149535 103.257 -116.2429
12.237576 103.423 -116.7369
12.326254 103.578 -117.2936
12.415575 103.722 -117.8981
12.505544 103.857 -118.5384
12.596164 103.983 -119.2055
12.687441 104.102 -119.8925
12.779379 104.214 -120.5944
12.871984 104.320 -121.3079
12.965260 104.421 -122.0315
13.059211 104.518 -122.7654
13.153843 104.611 -123.5103
13.249161 104.701 -124.2673
13.345170 104.786 -125.0375
13.441875 104.868 -125.8217
13.539280 104.945 -126.6200
13.637391 105.017 -127.4320
13.736214 105.083 -128.2558
13.835752 105.144 -129.0884
13.936011 105.198 -129.9259
14.036998 105.245 -130.7637
14.138716 105.285 -131.5961
14.241171 105.318 -132.4169
14.344368 105.344 -133.2196
14.448313 105.363 -133.9984
14.553011 105.377 -134.7476
14.658468 105.385 -135.4618
14.764689 105.389 -136.1372
14.871680 105.389 -136.7712
14.979446 105.387 -137.3626
15.087994 105.384 -137.9114
15.197328 105.380 -138.4193
15.307454 105.377 -138.8891
15.418378 105.375 -139.3246
15.530106 105.375 -139.7302
15.642643 105.375 -140.1104
15.755996 105.378 -140.4699
15.870171 105.381 -140.8125
15.985172 105.385 -141.1410
16.101007 105.389 -141.4574
16.217682 105.393 -141.7624
16.335201 105.395 -142.0555
16.453573 105.397 -142.3355
16.572803 105.397 -142.6000
16.692898 105.395 -142.8468
16.813862 105.391 -143.0731
16.935701 105.387 -143.2769
17.058424 105.381 -143.4565
17.182035 105.375 -143.6115
17.306543 105.369 -143.7425
17.431953 105.364 -143.8510
17.558273 105.360 -143.9400
17.685509 105.357 -144.0135
17.813665 105.356 -144.0757
17.942751 105.357 -144.1317
18.072771 105.360 -144.1865
18.203733 105.364 -144.2444
18.335646 105.368 -144.3097
18.468513 105.373 -144.3851
18.602345 105.377 -144.4727
18.737144 105.380 -144.5733
18.872921 105.382 -144.6867
19.009682 105.381 -144.8115
19.147434 105.378 -144.9455
19.286184 105.371 -145.0862
19.425940 105.362 -145.2305
19.566708 105.351 -145.3756
19.708496 105.337 -145.5188
19.851313 105.321 -145.6585
19.995163 105.305 -145.7938
20.140057 105.288 -145.9256
20.285999 105.272 -146.0557
20.433001 105.257 -146.1881
20.581066 105.245 -146.3276
20.730206 105.234 -146.4806
20.880424 105.227 -146.6536
21.031733 105.222 -146.8534
21.184137 105.219 -147.0859
21.337646 105.217 -147.3556
21.492268 105.216 -147.6646
21.648010 105.213 -148.0127
21.804880 105.208 -148.3968
21.962887 105.201 -148.8111
22.122040 105.189 -149.2476
22.282345 105.174 -149.6965
22.443811 105.155 -150.1474
22.606449 105.133 -150.5903
22.770266 105.110 -151.0162
22.935268 105.087 -151.4188
23.101467 105.066 -151.7945
23.268869 105.048 -152.1435
23.437485 105.036 -152.4693
23.607323 105.031 -152.7784
23.778391 105.033 -153.0790
23.950699 105.042 -153.3804
24.124256 105.059 -153.6908
24.299070 105.081 -154.0169
24.475151 105.108 -154.3622
24.652508 105.137 -154.7271
24.831150 105.169 -155.1090
25.011087 105.200 -155.5025
25.192327 105.230 -155.9009
25.374882 105.259 -156.2969
25.558758 105.287 -156.6839
25.743967 105.314 -157.0569
25.930519 105.339 -157.4127
26.118422 105.364 -157.7504
26.307686 105.388 -158.0704
26.498322 105.411 -158.3741
26.690340 105.433 -158.6626
26.883749 105.452 -158.9357
27.078560 105.469 -159.1915
27.274782 105.482 -159.4261
27.472427 105.491 -159.6346
27.671503 105.498 -159.8116
27.872023 105.501 -159.9532
28.073996 105.504 -160.0583
28.277431 105.507 -160.1299
28.482342 105.512 -160.1753
28.688736 105.520 -160.2057
28.896626 105.531 -160.2343
29.106022 105.545 -160.2744
29.316936 105.561 -160.3368
29.529379 105.576 -160.4282
29.743361 105.591 -160.5503
29.958893 105.602 -160.7006
30.175987 105.611 -160.8737
30.394655 105.616 -161.0641
30.614908 105.619 -161.2679
30.836756 105.622 -161.4848
31.060211 105.624 -161.7178
31.285286 105.626 -161.9724
31.511992 105.628 -162.2538
31.740341 105.630 -162.5646
31.970345 105.629 -162.9023
32.202015 105.625 -163.2591
32.435364 105.617 -163.6225
32.670403 105.607 -163.9785
32.907146 105.594 -164.3145
33.145607 105.583 -164.6235
33.385796 105.575 -164.9058
33.627724 105.573 -165.1692
33.871403 105.577 -165.4270
34.116848 105.587 -165.6936
34.364071 105.601 -165.9803
34.613087 105.616 -166.2910
34.863907 105.630 -166.6208
35.116547 105.640 -166.9566
35.371017 105.644 -167.2800
35.627331 105.644 -167.5721
35.885502 105.640 -167.8175
36.145542 105.636 -168.0091
36.407467 105.634 -168.1498
36.671291 105.636 -168.2525
36.937027 105.645 -168.3374
37.204689 105.658 -168.4274
37.474289 105.675 -168.5422
37.745842 105.691 -168.6939
38.019363 105.704 -168.8844
38.294868 105.711 -169.1048
38.572369 105.710 -169.3388
38.851879 105.700 -169.5675
39.133415 105.685 -169.7747
39.416992 105.667 -169.9525
39.702625 105.649 -170.1030
39.990326 105.634 -170.2389
40.280113 105.624 -170.3788
40.571999 105.620 -170.5424
40.866001 105.619 -170.7444
41.162132 105.620 -170.9911
41.460411 105.620 -171.2799
41.760849 105.618 -171.6009
42.063465 105.613 -171.9401
42.368275 105.605 -172.2820
42.675293 105.596 -172.6117
42.984535 105.586 -172.9162
43.296021 105.577 -173.1854
43.609760 105.570 -173.4132
43.925774 105.569 -173.5991
44.244080 105.574 -173.7491
44.564690 105.586 -173.8744
44.887623 105.605 -173.9879
45.212898 105.629 -174.0998
45.540531 105.656 -174.2139
45.870537 105.682 -174.3275
46.202934 105.707 -174.4343
46.537739 105.731 -174.5291
46.874969 105.753 -174.6111
47.214645 105.772 -174.6832
47.556782 105.788 -174.7484
47.901398 105.800 -174.8051
48.248512 105.808 -174.8458
48.598141 105.812 -174.8628
48.950302 105.815 -174.8573
49.305016 105.823 -174.8473
49.662300 105.835 -174.8674
50.022175 105.851 -174.9580
50.384655 105.866 -175.1473
50.749763 105.872 -175.4364
51.117516 105.864 -175.7956
51.487934 105.841 -176.1758
51.861038 105.805 -176.5291
52.236843 105.766 -176.8299
52.615372 105.730 -177.0857
52.996643 105.703 -177.3309
53.380680 105.685 -177.6065
53.767498 105.673 -177.9368
54.157120 105.660 -178.3167
54.549564 105.642 -178.7159
54.944855 105.620 -179.0945
55.343006 105.596 -179.4216
55.744045 105.576 -179.6863
56.147991 105.564 -179.8969
56.554863 105.561 179.9279
56.964684 105.566 179.7689
57.377472 105.579 179.6100
57.793251 105.597 179.4390
58.212044 105.617 179.2462
58.633873 105.636 179.0286
59.058758 105.651 178.7930
59.486721 105.660 178.5572
59.917786 105.661 178.3424
60.351974 105.658 178.1635
60.789310 105.654 178.0213
61.229816 105.651 177.9030
61.673512 105.649 177.7902
62.120422 105.649 177.6675
62.570572 105.648 177.5276
63.023983 105.644 177.3724
63.480682 105.637 177.2104
63.940689 105.626 177.0539
64.404030 105.612 176.9141
64.870728 105.597 176.7965
65.340805 105.583 176.6995
65.814293 105.570 176.6180
66.291214 105.559 176.5463
66.771591 105.550 176.4772
67.255447 105.543 176.3970
67.742805 105.537 176.2878
68.233696 105.529 176.1408
68.728142 105.514 175.9704
69.226173 105.490 175.8108
69.727814 105.463 175.6907
70.233093 105.439 175.6066
70.742035 105.423 175.5199
71.254662 105.414 175.3853
71.771004 105.406 175.1836
72.291084 105.396 174.9279
72.814934 105.384 174.6432
73.342583 105.371 174.3424
73.874054 105.360 174.0239
74.409378 105.349 173.6862
74.948578 105.337 173.3417
75.491684 105.325 173.0128
76.038727 105.314 172.7171
76.589737 105.308 172.4531
77.144737 105.306 172.2028
77.703758 105.308 171.9481
78.266830 105.308 171.6877
78.833984 105.303 171.4380
79.405251 105.293 171.2175
79.980652 105.279 171.0320
80.560226 105.262 170.8741
81.143997 105.242 170.7357
81.732002 105.216 170.6181
82.324265 105.186 170.5354
82.920822 105.155 170.5046
83.521698 105.129 170.5238
84.126930 105.115 170.5554
84.736549 105.113 170.5360
85.350586 105.119 170.4157
85.969070 105.124 170.1868
86.592041 105.124 169.8778
87.219521 105.116 169.5265
87.851547 105.101 169.1625
88.488159 105.081 168.8077
89.129379 105.059 168.4821
89.775246 105.038 168.2015
90.425797 105.023 167.9640
91.081062 105.017 167.7427
91.741074 105.018 167.5048
92.405869 105.022 167.2400
93.075478 105.023 166.9662
93.749939 105.020 166.7079
94.429291 105.010 166.4798
95.113564 104.994 166.2913
95.802795 104.970 166.1508
96.497025 104.941 166.0609
97.196281 104.909 166.0098
97.900604 104.877 165.9753
98.610031 104.846 165.9367
99.324600 104.817 165.8849
100.044350 104.795 165.8195
100.769310 104.781 165.7344
101.499527 104.778 165.6065
102.235031 104.781 165.4102
102.975868 104.782 165.1503
103.722076 104.774 164.8717
104.473686 104.753 164.6292
105.230743 104.724 164.4506
105.993286 104.692 164.3228
106.761360 104.661 164.2012
107.534996 104.636 164.0308
108.314240 104.615 163.7701
109.099129 104.597 163.4091
109.889709 104.578 162.9777
110.686012 104.553 162.5411
111.488091 104.521 162.1757
112.295982 104.480 161.9377
113.109726 104.424 161.8464
113.929367 104.348 161.8938
114.754944 104.242 162.0645
115.586502 104.100 162.3585
116.424088 103.928 162.8107
117.267746 103.739 163.4903
118.117516 103.566 164.4624
118.973442 103.454 165.6580
119.835571 103.439 166.6928
120.703949 103.513 167.0270
121.578621 103.627 166.4811
122.459633 103.740 165.3629
123.347023 103.836 164.1109
124.240845 103.916 163.0258
125.141144 103.981 162.2263
126.047966 104.030 161.6868
126.961365 104.058 161.3040
127.881378 104.062 160.9669
128.808060 104.041 160.6035
129.741455 103.999 160.1926
130.681610 103.949 159.7512
131.628586 103.902 159.3159
132.582428 103.866 158.9234
133.543182 103.844 158.5985
134.510895 103.831 158.3536
135.485611 103.820 158.1958
136.467392 103.805 158.1238
137.456284 103.785 158.1132
138.452347 103.760 158.1164
139.455627 103.733 158.0866
140.466187 103.703 158.0032
141.484070 103.673 157.8770
142.509323 103.644 157.7329
143.542007 103.619 157.5873
144.582169 103.598 157.4395
145.629868 103.578 157.2816
146.685165 103.556 157.1120
147.748108 103.527 156.9376
148.818756 103.490 156.7685
149.897156 103.446 156.6074
150.983368 103.395 156.4492
152.077454 103.337 156.2973
153.179474 103.273 156.1802
154.289474 103.212 156.1416
155.407516 103.163 156.1909
156.533661 103.138 156.2731
157.667969 103.136 156.3107
158.810501 103.151 156.2617
159.961304 103.172 156.1363
161.120453 103.190 155.9844
162.287994 103.204 155.8660
163.464005 103.216 155.8164
164.648529 103.228 155.8288
165.841644 103.241 155.8644
167.043396 103.253 155.8730
168.253860 103.259 155.8107
169.473099 103.255 155.6544
170.701172 103.236 155.4152
171.938141 103.204 155.1371
173.184082 103.163 154.8717
174.439041 103.118 154.6516
175.703094 103.074 154.4836
176.976318 103.036 154.3555
178.258759 103.004 154.2431
179.550491 102.980 154.1223
180.851593 102.965 153.9808
182.162125 102.959 153.8214
183.482147 102.958 153.6532
184.811737 102.958 153.4839
186.150955 102.948 153.3204
187.499878 102.921 153.1760
188.858582 102.876 153.0654
190.227127 102.818 152.9807
191.605591 102.756 152.8984
192.994049 102.697 152.8010
194.392563 102.645 152.6879
195.801208 102.601 152.5721
197.220062 102.565 152.4716
198.649200 102.536 152.3986
200.088699 102.510 152.3522
201.538620 102.484 152.3171
202.999054 102.456 152.2694
204.470062 102.420 152.1924
205.951736 102.374 152.0868
207.444153 102.321 151.9612
208.947372 102.264 151.8205
210.461487 102.207 151.6693
211.986572 102.154 151.5162
213.522720 102.104 151.3715
215.069992 102.057 151.2426
216.628479 102.013 151.1334
218.198257 101.971 151.0447
219.779419 101.932 150.9763
221.372025 101.897 150.9273
222.976181 101.864 150.8961
224.591965 101.832 150.8788
226.219452 101.799 150.8685
227.858734 101.765 150.8570
229.509888 101.728 150.8372
231.173004 101.689 150.8064
232.848175 101.650 150.7676
234.535492 101.611 150.7262
236.235031 101.571 150.6845
237.946884 101.531 150.6395
239.671143 101.491 150.5853
241.407898 101.450 150.5181
243.157242 101.410 150.4417
244.919266 101.369 150.3675
246.694046 101.329 150.3072
248.481689 101.288 150.2673
250.282288 101.247 150.2481
252.095932 101.207 150.2470
253.922729 101.168 150.2610
255.762756 101.132 150.2855
257.616119 101.098 150.3116
259.482910 101.067 150.3286
261.363220 101.036 150.3282
263.257172 101.005 150.3108
265.164856 100.972 150.2842
267.086365 100.938 150.2582
269.021790 100.902 150.2388
270.971222 100.863 150.2257
272.934784 100.824 150.2157
274.912567 100.783 150.2081
276.904694 100.741 150.2076
278.911255 100.701 150.2194
280.932373 100.663 150.2432
282.968140 100.627 150.2728
285.018646 100.595 150.2978
287.084015 100.565 150.3079
289.164337 100.535 150.2967
291.259735 100.505 150.2640
293.370331 100.472 150.2158
295.496216 100.436 150.1618
297.637512 100.398 150.1126
299.794312 100.358 150.0764
301.966736 100.317 150.0564
304.154907 100.275 150.0493
306.358948 100.233 150.0477
308.578949 100.192 150.0451
310.815033 100.151 150.0403
313.067322 100.111 150.0376
315.335938 100.070 150.0441
317.621002 100.028 150.0644
319.922607 99.986 150.0997
322.240906 99.943 150.1476
324.575989 99.901 150.2034
326.928009 99.859 150.2632
329.297058 99.817 150.3242
331.683289 99.775 150.3858
334.086792 99.733 150.4481
336.507721 99.691 150.5099
338.946198 99.650 150.5677
341.402344 99.608 150.6165
343.876282 99.567 150.6556
346.368164 99.526 150.6904
348.878082 99.486 150.7283
351.406189 99.447 150.7737
353.952637 99.408 150.8273
356.517517 99.369 150.8887
359.100983 99.331 150.9578
361.703186 99.292 151.0356
364.324249 99.253 151.1210
366.964294 99.214 151.2112
369.623474 99.175 151.3026
372.301910 99.135 151.3936
374.999756 99.095 151.4842
377.717163 99.055 151.5753
380.454254 99.015 151.6677
383.211182 98.975 151.7628
385.988098 98.935 151.8619
388.785126 98.896 151.9658
391.602417 98.858 152.0737
394.440125 98.819 152.1844
397.298401 98.781 152.2966
400.177399 98.742 152.4091
403.077240 98.704 152.5214
405.998108 98.666 152.6340
408.940125 98.627 152.7486
411.903473 98.588 152.8672
414.888306 98.549 152.9927
417.894745 98.509 153.1265
420.922974 98.469 153.2685
423.973145 98.431 153.4170
427.045441 98.395 153.5698
430.139984 98.360 153.7245
433.256958 98.326 153.8785
436.396515 98.294 154.0305
439.558838 98.262 154.1798
442.744049 98.232 154.3267
445.952362 98.203 154.4706
449.183929 98.175 154.6080
452.438904 98.148 154.7328
455.717468 98.119 154.8403
459.019775 98.088 154.9325
462.346008 98.054 155.0194
465.696350 98.017 155.1119
469.070984 97.977 155.2168
472.470062 97.937 155.3359
475.893768 97.897 155.4674
479.342285 97.857 155.6074
482.815796 97.818 155.7515
486.314484 97.779 155.8983
489.838531 97.739 156.0513
493.388092 97.699 156.2170
496.963379 97.660 156.3990
500.564575 97.622 156.5942
504.191864 97.586 156.7949
507.845459 97.551 156.9933
511.525513 97.517 157.1854
515.232239 97.482 157.3720
518.965820 97.445 157.5576
522.726440 97.408 157.7477
526.514343 97.370 157.9474
530.329712 97.333 158.1595
534.172729 97.296 158.3817
538.043579 97.261 158.6090
541.942444 97.227 158.8388
545.869568 97.195 159.0724
549.825134 97.164 159.3108
553.809387 97.134 159.5508
557.822510 97.105 159.7869
561.864746 97.076 160.0164
565.936279 97.046 160.2410
570.037292 97.015 160.4654
574.168030 96.984 160.6951
578.328674 96.953 160.9332
582.519470 96.922 161.1793
586.740662 96.891 161.4328
590.992432 96.861 161.6943
595.275024 96.831 161.9645
599.588623 96.801 162.2412
603.933472 96.773 162.5192
608.309814 96.745 162.7952
612.717896 96.716 163.0703
617.157898 96.688 163.3494
621.630066 96.659 163.6396
626.134644 96.631 163.9463
630.671875 96.604 164.2695
635.242004 96.580 164.6035
639.845215 96.557 164.9409
644.481812 96.536 165.2796
649.151978 96.517 165.6208
653.856018 96.500 165.9637
658.594116 96.487 166.3022
663.366577 96.476 166.6260
668.173584 96.467 166.9277
673.015442 96.458 167.2083
677.892395 96.447 167.4768
682.804688 96.433 167.7422
687.752563 96.418 168.0106
692.736328 96.402 168.2856
697.756165 96.385 168.5708
702.812378 96.368 168.8674
707.905273 96.352 169.1742
713.035034 96.336 169.4881
718.201965 96.321 169.8067
723.406372 96.307 170.1291
728.648499 96.292 170.4561
733.928589 96.278 170.7883
739.246948 96.265 171.1259
744.603821 96.252 171.4686
749.999512 96.241 171.8161
755.434326 96.230 172.1677
760.908508 96.220 172.5234
766.422363 96.211 172.8835
771.976196 96.203 173.2484
777.570251 96.197 173.6175
783.204834 96.192 173.9902
788.880249 96.189 174.3665
794.596802 96.186 174.7481
800.354797 96.186 175.1362
806.154480 96.189 175.5296
811.996216 96.196 175.9236
817.880249 96.206 176.3123
823.806946 96.219 176.6880
829.776611 96.234 177.0424
835.789490 96.249 177.3717
841.845947 96.263 177.6815
847.946289 96.275 177.9832
854.090881 96.286 178.2853
860.279968 96.295 178.5925
866.513916 96.304 178.9078
872.793030 96.313 179.2332
879.117676 96.322 179.5669
885.488098 96.332 179.9041
891.904724 96.343 -179.7582
898.367859 96.354 -179.4186
904.877808 96.365 -179.0750
911.434937 96.378 -178.7279
918.039551 96.393 -178.3811
924.692017 96.411 -178.0381
931.392700 96.430 -177.7009
938.141968 96.450 -177.3708
944.940125 96.472 -177.0479
951.787537 96.494 -176.7303
958.684570 96.516 -176.4154
965.631592 96.538 -176.1009
972.628967 96.560 -175.7841
979.677063 96.583 -175.4634
986.776184 96.606 -175.1384
993.926758 96.629 -174.8091
1001.129150 96.652 -174.4736
1008.383728 96.677 -174.1305
1015.690918 96.705 -173.7811
1023.051025 96.736 -173.4290
1030.464478 96.772 -173.0792
1037.931641 96.813 -172.7410
1045.452881 96.857 -172.4253
1053.028687 96.903 -172.1371
1060.659424 96.949 -171.8727
1068.345459 96.994 -171.6249
1076.087158 97.039 -171.3871
1083.884888 97.083 -171.1575
1091.739136 97.128 -170.9378
1099.650269 97.173 -170.7303
1107.618774 97.218 -170.5356
1115.645020 97.263 -170.3528
1123.729492 97.308 -170.1806
1131.872559 97.352 -170.0168
1140.074585 97.395 -169.8591
1148.336060 97.437 -169.7052
1156.657349 97.479 -169.5535
1165.038940 97.520 -169.4025
1173.481323 97.560 -169.2504
1181.984863 97.602 -169.0962
1190.550049 97.646 -168.9434
1199.177246 97.692 -168.8008
1207.866943 97.740 -168.6796
1216.619629 97.789 -168.5858
1225.435791 97.835 -168.5170
1234.315796 97.880 -168.4662
1243.260132 97.921 -168.4257
1252.269287 97.960 -168.3884
1261.343750 97.996 -168.3497
1270.484009 98.030 -168.3075
1279.690430 98.063 -168.2594
1288.963623 98.095 -168.2034
1298.303955 98.127 -168.1400
1307.712036 98.159 -168.0717
1317.188232 98.192 -168.0025
1326.733154 98.224 -167.9347
1336.347168 98.256 -167.8679
1346.030884 98.286 -167.7996
1355.784790 98.316 -167.7269
1365.609375 98.344 -167.6463
1375.505127 98.372 -167.5533
1385.472656 98.400 -167.4431
1395.512329 98.430 -167.3152
1405.624756 98.463 -167.1751
1415.810547 98.500 -167.0346
1426.070068 98.542 -166.9078
1436.403931 98.586 -166.8046
1446.812744 98.631 -166.7256
1457.296997 98.675 -166.6653
1467.857178 98.717 -166.6166
1478.493896 98.758 -166.5744
1489.207642 98.798 -166.5355
1499.999023 98.836 -166.4967
1510.868652 98.874 -166.4548
1521.817017 98.911 -166.4072
1532.844727 98.948 -166.3518
1543.952393 98.986 -166.2871
1555.140503 99.026 -166.2131
1566.409668 99.069 -166.1340
1577.760498 99.116 -166.0611
1589.193604 99.167 -166.0081
1600.709595 99.220 -165.9842
1612.308960 99.272 -165.9898
1623.992432 99.323 -166.0198
1635.760498 99.372 -166.0668
1647.613892 99.419 -166.1250
1659.553223 99.465 -166.1903
1671.578979 99.509 -166.2595
1683.691895 99.551 -166.3313
1695.892578 99.593 -166.4070
1708.181763 99.634 -166.4888
1720.559937 99.673 -166.5764
1733.027832 99.710 -166.6664
1745.586060 99.744 -166.7532
1758.235352 99.776 -166.8309
1770.976196 99.808 -166.8948
1783.809448 99.841 -166.9455
1796.735718 99.877 -166.9917
1809.755615 99.916 -167.0462
1822.869873 99.956 -167.1186
1836.079102 99.997 -167.2108
1849.384033 100.037 -167.3204
1862.785400 100.076 -167.4438
1876.283936 100.111 -167.5763
1889.880249 100.144 -167.7124
1903.575073 100.174 -167.8456
1917.369141 100.202 -167.9688
1931.263184 100.229 -168.0758
1945.257935 100.256 -168.1645
1959.354126 100.285 -168.2397
1973.552368 100.315 -168.3109
1987.853516 100.346 -168.3849
2002.258301 100.377 -168.4604
2016.767456 100.407 -168.5307
2031.381836 100.439 -168.5886
2046.102051 100.471 -168.6301
2060.928955 100.507 -168.6562
2075.863281 100.548 -168.6750
2090.905762 100.594 -168.7007
2106.057373 100.647 -168.7481
2121.318848 100.706 -168.8298
2136.690918 100.768 -168.9532
2152.174316 100.833 -169.1224
2167.769775 100.899 -169.3411
2183.478271 100.965 -169.6152
2199.300537 101.028 -169.9496
2215.237549 101.087 -170.3425
2231.290039 101.138 -170.7856
2247.458984 101.180 -171.2653
2263.745117 101.212 -171.7649
2280.149170 101.233 -172.2652
2296.672119 101.246 -172.7471
2313.314697 101.250 -173.1943
2330.077881 101.250 -173.5974
2346.962646 101.247 -173.9570
2363.969727 101.244 -174.2810
2381.100098 101.241 -174.5774
2398.354492 101.241 -174.8521
2415.733887 101.243 -175.1101
2433.239258 101.247 -175.3582
2450.871582 101.256 -175.6072
2468.631592 101.269 -175.8716
2486.520264 101.284 -176.1646
2504.538574 101.300 -176.4937
2522.687500 101.314 -176.8574
2540.968018 101.324 -177.2485
2559.380859 101.330 -177.6604
2577.927246 101.332 -178.0909
2596.607910 101.328 -178.5385
2615.424072 101.319 -178.9985
2634.376465 101.302 -179.4627
2653.466309 101.278 -179.9194
2672.694336 101.246 179.6457
2692.061768 101.208 179.2471
2711.569580 101.167 178.8945
2731.218750 101.124 178.5879
2751.010254 101.082 178.3180
2770.945312 101.043 178.0720
2791.024658 101.006 177.8379
2811.249512 100.971 177.6071
2831.621094 100.936 177.3731
2852.140137 100.900 177.1313
2872.807861 100.862 176.8797
2893.625488 100.821 176.6224
2914.593994 100.774 176.3701
2935.714355 100.723 176.1347
2956.987793 100.669 175.9226
2978.415283 100.613 175.7342
2999.998047 100.556 175.5678
3021.737305 100.497 175.4232
3043.634033 100.436 175.3033
3065.689453 100.374 175.2140
3087.904785 100.310 175.1619
3110.281006 100.248 175.1480
3132.819336 100.187 175.1654
3155.520996 100.129 175.2040
3178.387207 100.074 175.2550
3201.419189 100.021 175.3132
3224.617920 99.969 175.3765
3247.984863 99.917 175.4451
3271.520996 99.865 175.5228
3295.227783 99.813 175.6172
3319.106445 99.760 175.7360
3343.157959 99.710 175.8798
3367.383789 99.663 176.0418
3391.785156 99.618 176.2117
3416.363525 99.576 176.3818
3441.119873 99.534 176.5514
3466.055664 99.491 176.7290
3491.172119 99.447 176.9263
3516.470703 99.403 177.1505
3541.952393 99.362 177.4018
3567.618896 99.323 177.6752
3593.471436 99.289 177.9631
3619.511230 99.259 178.2566
3645.739746 99.232 178.5477
3672.158203 99.209 178.8339
3698.768066 99.189 179.1190
3725.570801 99.170 179.4070
3752.567871 99.154 179.6967
3779.760498 99.140 179.9821
3807.150146 99.128 -179.7419
3834.738281 99.117 -179.4741
3862.526367 99.106 -179.2062
3890.515869 99.096 -178.9305
3918.708252 99.090 -178.6459
3947.104736 99.086 -178.3581
3975.707031 99.088 -178.0772
4004.516602 99.092 -177.8147
4033.534912 99.100 -177.5807
4062.763672 99.109 -177.3787
4092.204102 99.117 -177.2037
4121.857910 99.124 -177.0486
4151.726562 99.130 -176.9103
4181.811523 99.134 -176.7888
4212.114746 99.136 -176.6827
4242.637695 99.135 -176.5844
4273.381836 99.131 -176.4828
4304.348633 99.124 -176.3708
4335.539551 99.117 -176.2475
4366.956543 99.110 -176.1177
4398.601074 99.102 -175.9891
4430.475098 99.093 -175.8679
4462.580078 99.081 -175.7531
4494.917969 99.066 -175.6365
4527.490234 99.048 -175.5081
4560.298340 99.027 -175.3613
4593.344238 99.005 -175.1914
4626.629395 98.981 -174.9921
4660.155762 98.957 -174.7547
4693.925293 98.934 -174.4736
4727.939453 98.915 -174.1515
4762.200195 98.902 -173.8001
4796.708984 98.896 -173.4377
4831.467773 98.897 -173.0826
4866.478516 98.902 -172.7457
4901.743164 98.911 -172.4323
4937.263184 98.923 -172.1460
4973.040527 98.935 -171.8896
5009.077148 98.946 -171.6610
5045.375000 98.954 -171.4503
5081.936035 98.960 -171.2443
5118.761719 98.963 -171.0326
5155.854492 98.967 -170.8111
5193.215820 98.970 -170.5834
5230.848145 98.975 -170.3558
5268.752930 98.981 -170.1322
5306.932617 98.987 -169.9150
5345.388672 98.992 -169.7073
5384.123535 98.996 -169.5116
5423.139160 98.997 -169.3231
5462.437500 98.993 -169.1307
5502.020508 98.987 -168.9206
5541.890625 98.978 -168.6823
5582.049316 98.969 -168.4134
5622.499023 98.960 -168.1174
5663.242188 98.953 -167.7991
5704.280273 98.948 -167.4632
5745.615723 98.944 -167.1153
5787.250977 98.942 -166.7597
5829.187988 98.941 -166.3947
5871.428711 98.938 -166.0126
5913.975586 98.936 -165.6041
5956.830566 98.935 -165.1638
5999.996094 98.936 -164.6929
6043.474609 98.939 -164.1956
6087.268066 98.945 -163.6761
6131.378906 98.955 -163.1370
6175.809570 98.968 -162.5789
6220.562012 98.983 -161.9962
6265.638672 99.001 -161.3775
6311.041992 99.023 -160.7088
6356.774414 99.050 -159.9802
6402.838379 99.087 -159.1903
6449.235840 99.136 -158.3457
6495.969727 99.200 -157.4607
6543.041992 99.281 -156.5571
6590.455566 99.380 -155.6586
6638.212891 99.495 -154.7838
6686.315918 99.627 -153.9438
6734.767578 99.774 -153.1445
6783.570312 99.936 -152.3921
6832.727051 100.113 -151.6954
6882.239746 100.306 -151.0666
6932.111328 100.514 -150.5222
6982.344238 100.736 -150.0784
7032.941406 100.970 -149.7471
7083.904785 101.215 -149.5342
7135.237793 101.469 -149.4436
7186.942871 101.733 -149.4807
7239.022461 102.005 -149.6542
7291.479492 102.285 -149.9783
7344.316406 102.571 -150.4720
7397.536133 102.860 -151.1538
7451.141602 103.148 -152.0354
7505.135742 103.431 -153.1210
7559.520996 103.704 -154.4098
7614.300293 103.965 -155.8970
7669.476562 104.209 -157.5761
7725.052734 104.433 -159.4404
7781.031738 104.633 -161.4808
7837.416504 104.803 -163.6806
7894.209473 104.940 -166.0128
7951.414062 105.039 -168.4422
8009.033203 105.100 -170.9280
8067.069824 105.123 -173.4287
8125.527344 105.109 -175.9079
8184.408203 105.060 -178.3352
8243.715820 104.980 179.3178
8303.453125 104.870 177.0803
8363.623047 104.735 174.9815
8424.229492 104.579 173.0477
8485.275391 104.413 171.2947
8546.763672 104.243 169.7186
8608.697266 104.080 168.2940
8671.079102 103.930 166.9794
8733.913086 103.800 165.7216
8797.202148 103.693 164.4594
8860.950195 103.609 163.1245
8925.160156 103.548 161.6404
8989.835938 103.502 159.9300
9054.980469 103.460 157.9279
9120.596680 103.407 155.5935
9186.688477 103.323 152.9202
9253.258789 103.190 149.9387
9320.311523 102.989 146.7168
9387.850586 102.703 143.3600
9455.878906 102.315 140.0187
9524.400391 101.815 136.8967
9593.417969 101.200 134.2499
9662.935547 100.480 132.3588
9732.957031 99.687 131.4608
9803.486328 98.869 131.6547
9874.526367 98.085 132.8264
9946.081055 97.388 134.6569
10018.154297 96.805 136.7367
10090.750000 96.336 138.7161
10163.872070 95.959 140.3886
10237.523438 95.641 141.6847
10311.708984 95.352 142.6221
10386.431641 95.067 143.2608
10461.696289 94.767 143.6827
10537.505859 94.436 143.9850
10613.865234 94.065 144.2805
10690.777344 93.649 144.6963
10768.247070 93.190 145.3647
10846.278320 92.695 146.4112
10924.875000 92.177 147.9407
11004.041016 91.655 150.0240
11083.781250 91.153 152.6797
11164.098633 90.694 155.8540
11244.998047 90.300 159.4124
11326.484375 89.984 163.1583
11408.560547 89.746 166.8790
11491.231445 89.573 170.4135
11574.501953 89.443 173.7095
11658.375977 89.337 176.8418
11742.857422 89.247 179.9624
11827.951172 89.181 -176.7951
11913.661133 89.154 -173.3951
11999.992188 89.182 -169.9121
12086.949219 89.276 -166.4846
12174.536133 89.436 -163.2552
12262.757812 89.654 -160.3350
12351.619141 89.919 -157.8051
12441.124023 90.218 -155.7262
12531.277344 90.535 -154.1407
12622.083984 90.851 -153.0674
12713.548828 91.149 -152.4918
12805.676758 91.408 -152.3530
12898.471680 91.612 -152.5303
12991.939453 91.754 -152.8517
13086.083984 91.838 -153.1277
13180.911133 91.881 -153.2045
13276.425781 91.910 -153.0096
13372.631836 91.947 -152.5676
13469.535156 92.012 -151.9764
13567.140625 92.111 -151.3648
13665.454102 92.242 -150.8531
13764.479492 92.398 -150.5308
13864.222656 92.568 -150.4480
13964.688477 92.739 -150.6153
14065.882812 92.903 -151.0072
14167.809570 93.052 -151.5714
14270.475586 93.189 -152.2502
14373.885742 93.319 -153.0087
14478.044922 93.450 -153.8561
14582.958984 93.587 -154.8386
14688.632812 93.727 -156.0103
14795.072266 93.866 -157.4041
14902.283203 94.000 -159.0263
15010.271484 94.131 -160.8778
15119.041992 94.261 -162.9904
15228.600586 94.387 -165.4431
15338.953125 94.490 -168.3222
15450.105469 94.541 -171.6402
15562.063477 94.511 -175.2860
15674.833008 94.393 -179.0611
15788.418945 94.207 177.2112
15902.828125 93.994 173.5658
16018.066406 93.793 169.8455
16134.139648 93.614 165.7662
16251.054688 93.420 161.0805
16368.816406 93.138 155.7493
16487.431641 92.687 150.0265
16606.906250 92.008 144.4213
16727.246094 91.080 139.5704
16848.458984 89.919 136.0932
16970.550781 88.572 134.4838
17093.527344 87.109 135.0175
17217.394531 85.615 137.6307
17342.158203 84.188 141.8346
17467.826172 82.918 146.8161
17594.404297 81.860 151.7551
17721.900391 81.026 156.1069
17850.320312 80.381 159.6535
17979.671875 79.868 162.4046
18109.960938 79.426 164.4859
18241.193359 79.008 166.0532
18373.376953 78.583 167.2433
18506.517578 78.136 168.1662
18640.623047 77.663 168.8988
18775.701172 77.159 169.4777
18911.757812 76.620 169.9191
19048.800781 76.038 170.2603
19186.835938 75.397 170.5955
19325.871094 74.689 171.0930
19465.914062 73.915 171.9737
19606.972656 73.102 173.4209
19749.052734 72.320 175.4042
19892.162109 71.680 177.4876
20036.308594 71.314 178.8730
