* Measurement data measured by REW V5.30.9
* Source: EXCL: Microphone (USB Sound Device        ), MICROPHONE (Master Volume), L, volume: 0.560
* Format: 256k Log Swept Sine, 1 sweep at -10.0 dBFS with no timing reference
* Dated: Mar 3, 2024 1:52:20 AM
* REW Settings:
*  C-weighting compensation: Off
*  Target level: 75.0 dB
* Note: Shortbus Audio Raptor Toes R
* Measurement: R Raptor Toes
* Smoothing: 1/12 octave
* Frequency Step: 96 ppo
* Start Frequency: 0.36621094 Hz
*
* Freq(Hz) SPL(dB) Phase(degrees)
0.366211 95.978 -51.4507
0.368865 95.982 -51.5068
0.371538 95.988 -51.5906
0.374230 95.996 -51.6956
0.376942 96.005 -51.8161
0.379673 96.014 -51.9481
0.382424 96.023 -52.0888
0.385196 96.033 -52.2364
0.387987 96.043 -52.3902
0.390798 96.053 -52.5495
0.393630 96.064 -52.7140
0.396483 96.074 -52.8837
0.399356 96.084 -53.0584
0.402250 96.095 -53.2383
0.405165 96.105 -53.4232
0.408101 96.116 -53.6132
0.411058 96.127 -53.8083
0.414037 96.138 -54.0085
0.417037 96.149 -54.2139
0.420059 96.160 -54.4245
0.423103 96.171 -54.6402
0.426169 96.182 -54.8611
0.429257 96.193 -55.0872
0.432367 96.204 -55.3186
0.435501 96.216 -55.5551
0.438656 96.227 -55.7968
0.441835 96.238 -56.0438
0.445037 96.250 -56.2960
0.448262 96.262 -56.5534
0.451510 96.274 -56.8160
0.454782 96.285 -57.0837
0.458077 96.297 -57.3567
0.461397 96.309 -57.6348
0.464740 96.322 -57.9180
0.468108 96.334 -58.2063
0.471500 96.346 -58.4997
0.474917 96.359 -58.7981
0.478358 96.371 -59.1016
0.481825 96.384 -59.4100
0.485316 96.396 -59.7233
0.488833 96.409 -60.0416
0.492375 96.422 -60.3646
0.495943 96.435 -60.6924
0.499537 96.448 -61.0249
0.503157 96.461 -61.3621
0.506803 96.474 -61.7039
0.510475 96.487 -62.0501
0.514174 96.501 -62.4008
0.517900 96.514 -62.7559
0.521653 96.528 -63.1152
0.525433 96.542 -63.4787
0.529241 96.556 -63.8463
0.533076 96.569 -64.2178
0.536939 96.584 -64.5933
0.540830 96.598 -64.9726
0.544749 96.612 -65.3556
0.548696 96.626 -65.7421
0.552673 96.641 -66.1321
0.556677 96.655 -66.5254
0.560711 96.670 -66.9219
0.564774 96.684 -67.3216
0.568867 96.699 -67.7242
0.572989 96.714 -68.1296
0.577141 96.729 -68.5377
0.581324 96.745 -68.9483
0.585536 96.760 -69.3614
0.589779 96.775 -69.7767
0.594053 96.791 -70.1942
0.598358 96.806 -70.6136
0.602694 96.822 -71.0349
0.607061 96.838 -71.4578
0.611460 96.854 -71.8822
0.615891 96.870 -72.3080
0.620354 96.886 -72.7350
0.624849 96.902 -73.1630
0.629377 96.919 -73.5919
0.633938 96.935 -74.0215
0.638532 96.952 -74.4517
0.643159 96.969 -74.8822
0.647819 96.986 -75.3130
0.652514 97.003 -75.7438
0.657242 97.020 -76.1745
0.662005 97.037 -76.6050
0.666802 97.055 -77.0351
0.671634 97.072 -77.4645
0.676501 97.090 -77.8933
0.681403 97.108 -78.3211
0.686341 97.125 -78.7479
0.691314 97.143 -79.1734
0.696324 97.162 -79.5977
0.701369 97.180 -80.0206
0.706452 97.198 -80.4420
0.711571 97.216 -80.8621
0.716727 97.234 -81.2810
0.721921 97.252 -81.6991
0.727153 97.269 -82.1172
0.732422 97.286 -82.5361
0.737729 97.302 -82.9572
0.743075 97.317 -83.3816
0.748460 97.332 -83.8103
0.753883 97.346 -84.2439
0.759346 97.360 -84.6829
0.764849 97.374 -85.1276
0.770391 97.388 -85.5778
0.775974 97.402 -86.0338
0.781597 97.416 -86.4953
0.787261 97.429 -86.9622
0.792965 97.443 -87.4344
0.798712 97.456 -87.9118
0.804499 97.470 -88.3942
0.810329 97.483 -88.8814
0.816201 97.497 -89.3732
0.822116 97.510 -89.8695
0.828073 97.523 -90.3700
0.834073 97.536 -90.8745
0.840118 97.550 -91.3828
0.846205 97.562 -91.8947
0.852337 97.575 -92.4099
0.858514 97.588 -92.9283
0.864735 97.601 -93.4495
0.871001 97.613 -93.9734
0.877313 97.625 -94.4996
0.883670 97.638 -95.0279
0.890074 97.650 -95.5581
0.896523 97.661 -96.0898
0.903020 97.673 -96.6227
0.909564 97.684 -97.1566
0.916155 97.696 -97.6913
0.922793 97.707 -98.2263
0.929480 97.717 -98.7614
0.936216 97.728 -99.2962
0.943000 97.738 -99.8306
0.949833 97.748 -100.3641
0.956716 97.758 -100.8964
0.963649 97.767 -101.4273
0.970632 97.776 -101.9564
0.977666 97.785 -102.4833
0.984750 97.794 -103.0077
0.991886 97.802 -103.5294
0.999074 97.809 -104.0479
1.006313 97.817 -104.5629
1.013605 97.824 -105.0741
1.020950 97.830 -105.5812
1.028349 97.836 -106.0838
1.035801 97.842 -106.5815
1.043306 97.847 -107.0741
1.050867 97.851 -107.5613
1.058482 97.855 -108.0428
1.066152 97.859 -108.5184
1.073878 97.862 -108.9883
1.081659 97.864 -109.4525
1.089498 97.866 -109.9118
1.097393 97.867 -110.3669
1.105345 97.867 -110.8193
1.113355 97.867 -111.2701
1.121422 97.867 -111.7207
1.129549 97.866 -112.1719
1.137734 97.864 -112.6246
1.145978 97.861 -113.0791
1.154283 97.858 -113.5358
1.162647 97.855 -113.9948
1.171072 97.850 -114.4562
1.179558 97.846 -114.9202
1.188106 97.840 -115.3867
1.196715 97.834 -115.8558
1.205387 97.827 -116.3273
1.214122 97.819 -116.8014
1.222920 97.811 -117.2778
1.231781 97.802 -117.7564
1.240708 97.793 -118.2372
1.249698 97.782 -118.7199
1.258754 97.771 -119.2044
1.267875 97.759 -119.6904
1.277063 97.747 -120.1776
1.286317 97.734 -120.6658
1.295638 97.720 -121.1545
1.305027 97.705 -121.6433
1.314484 97.689 -122.1319
1.324009 97.673 -122.6197
1.333603 97.656 -123.1062
1.343267 97.638 -123.5907
1.353001 97.619 -124.0727
1.362805 97.600 -124.5513
1.372681 97.579 -125.0258
1.382628 97.558 -125.4954
1.392647 97.536 -125.9593
1.402739 97.513 -126.4164
1.412904 97.489 -126.8659
1.423142 97.464 -127.3069
1.433455 97.439 -127.7386
1.443842 97.412 -128.1606
1.454305 97.384 -128.5725
1.464843 97.355 -128.9745
1.475458 97.324 -129.3673
1.486150 97.293 -129.7515
1.496919 97.259 -130.1280
1.507766 97.224 -130.4974
1.518692 97.187 -130.8599
1.529697 97.149 -131.2159
1.540782 97.109 -131.5655
1.551947 97.068 -131.9087
1.563193 97.025 -132.2453
1.574521 96.980 -132.5753
1.585931 96.934 -132.8986
1.597423 96.887 -133.2148
1.608998 96.839 -133.5239
1.620658 96.790 -133.8255
1.632402 96.740 -134.1194
1.644231 96.688 -134.4052
1.656146 96.636 -134.6825
1.668147 96.583 -134.9510
1.680235 96.530 -135.2103
1.692410 96.476 -135.4598
1.704674 96.421 -135.6991
1.717027 96.367 -135.9275
1.729469 96.312 -136.1446
1.742002 96.257 -136.3495
1.754625 96.202 -136.5417
1.767340 96.147 -136.7203
1.780147 96.093 -136.8843
1.793046 96.038 -137.0328
1.806040 95.984 -137.1644
1.819127 95.930 -137.2778
1.832309 95.876 -137.3713
1.845587 95.820 -137.4432
1.858961 95.764 -137.4920
1.872431 95.707 -137.5165
1.886000 95.648 -137.5159
1.899666 95.587 -137.4898
1.913432 95.526 -137.4380
1.927298 95.463 -137.3605
1.941264 95.399 -137.2574
1.955331 95.335 -137.1290
1.969500 95.271 -136.9757
1.983772 95.207 -136.7978
1.998147 95.143 -136.5961
2.012626 95.081 -136.3710
2.027211 95.020 -136.1236
2.041901 94.960 -135.8546
2.056697 94.903 -135.5652
2.071601 94.848 -135.2567
2.086613 94.797 -134.9303
2.101733 94.749 -134.5877
2.116963 94.705 -134.2302
2.132303 94.666 -133.8592
2.147755 94.633 -133.4756
2.163318 94.604 -133.0797
2.178995 94.581 -132.6707
2.194785 94.565 -132.2466
2.210689 94.554 -131.8044
2.226709 94.549 -131.3412
2.242844 94.550 -130.8547
2.259097 94.557 -130.3444
2.275467 94.569 -129.8112
2.291956 94.586 -129.2572
2.308565 94.608 -128.6853
2.325294 94.635 -128.0993
2.342144 94.667 -127.5030
2.359116 94.703 -126.9009
2.376211 94.744 -126.2976
2.393430 94.788 -125.6976
2.410774 94.837 -125.1057
2.428243 94.889 -124.5265
2.445839 94.944 -123.9647
2.463562 95.003 -123.4247
2.481415 95.065 -122.9103
2.499396 95.129 -122.4251
2.517508 95.197 -121.9717
2.535750 95.268 -121.5515
2.554126 95.343 -121.1643
2.572634 95.421 -120.8090
2.591276 95.505 -120.4830
2.610054 95.593 -120.1842
2.628967 95.687 -119.9109
2.648018 95.786 -119.6624
2.667206 95.890 -119.4382
2.686534 95.998 -119.2387
2.706002 96.110 -119.0641
2.725610 96.225 -118.9151
2.745361 96.342 -118.7920
2.765255 96.461 -118.6956
2.785294 96.581 -118.6262
2.805477 96.701 -118.5844
2.825807 96.820 -118.5707
2.846284 96.938 -118.5858
2.866909 97.053 -118.6303
2.887684 97.166 -118.7049
2.908609 97.277 -118.8104
2.929686 97.385 -118.9473
2.950916 97.490 -119.1162
2.972299 97.594 -119.3167
2.993838 97.696 -119.5479
3.015532 97.796 -119.8083
3.037384 97.896 -120.0956
3.059394 97.994 -120.4075
3.081564 98.090 -120.7414
3.103894 98.185 -121.0947
3.126386 98.278 -121.4647
3.149041 98.369 -121.8491
3.171861 98.457 -122.2457
3.194845 98.543 -122.6527
3.217996 98.625 -123.0688
3.241315 98.705 -123.4937
3.264803 98.781 -123.9277
3.288461 98.853 -124.3724
3.312291 98.922 -124.8301
3.336293 98.987 -125.3031
3.360469 99.048 -125.7928
3.384820 99.106 -126.2993
3.409348 99.160 -126.8210
3.434054 99.210 -127.3558
3.458938 99.258 -127.9006
3.484003 99.301 -128.4520
3.509250 99.342 -129.0063
3.534679 99.379 -129.5601
3.560293 99.413 -130.1100
3.586092 99.444 -130.6534
3.612079 99.472 -131.1887
3.638253 99.497 -131.7153
3.664618 99.517 -132.2344
3.691173 99.535 -132.7481
3.717921 99.548 -133.2587
3.744862 99.557 -133.7676
3.771999 99.563 -134.2751
3.799332 99.565 -134.7803
3.826864 99.564 -135.2814
3.854595 99.559 -135.7757
3.882527 99.552 -136.2601
3.910661 99.542 -136.7312
3.938999 99.531 -137.1859
3.967543 99.517 -137.6209
3.996294 99.501 -138.0340
4.025252 99.484 -138.4236
4.054421 99.464 -138.7895
4.083801 99.442 -139.1321
4.113394 99.417 -139.4524
4.143201 99.391 -139.7510
4.173225 99.362 -140.0287
4.203466 99.332 -140.2858
4.233926 99.302 -140.5224
4.264606 99.271 -140.7381
4.295509 99.241 -140.9324
4.326636 99.212 -141.1044
4.357989 99.185 -141.2527
4.389569 99.159 -141.3757
4.421378 99.135 -141.4719
4.453417 99.113 -141.5404
4.485688 99.092 -141.5815
4.518193 99.074 -141.5970
4.550934 99.057 -141.5899
4.583912 99.042 -141.5637
4.617129 99.030 -141.5228
4.650587 99.022 -141.4711
4.684287 99.017 -141.4123
4.718231 99.017 -141.3488
4.752421 99.021 -141.2817
4.786859 99.030 -141.2113
4.821547 99.044 -141.1370
4.856485 99.062 -141.0595
4.891677 99.085 -140.9809
4.927125 99.112 -140.9045
4.962829 99.143 -140.8347
4.998791 99.176 -140.7765
5.035015 99.213 -140.7344
5.071500 99.252 -140.7125
5.108251 99.293 -140.7135
5.145267 99.337 -140.7389
5.182552 99.384 -140.7885
5.220107 99.433 -140.8620
5.257934 99.484 -140.9586
5.296035 99.537 -141.0781
5.334412 99.590 -141.2204
5.373067 99.643 -141.3860
5.412003 99.696 -141.5755
5.451221 99.747 -141.7896
5.490722 99.797 -142.0294
5.530510 99.844 -142.2951
5.570587 99.890 -142.5862
5.610953 99.934 -142.9010
5.651613 99.976 -143.2368
5.692567 100.016 -143.5901
5.733818 100.052 -143.9574
5.775367 100.086 -144.3356
5.817218 100.116 -144.7225
5.859372 100.142 -145.1170
5.901831 100.164 -145.5187
5.944598 100.182 -145.9273
5.987675 100.197 -146.3412
6.031065 100.207 -146.7576
6.074768 100.214 -147.1727
6.118788 100.218 -147.5825
6.163127 100.219 -147.9831
6.207788 100.216 -148.3717
6.252772 100.210 -148.7466
6.298082 100.201 -149.1071
6.343721 100.190 -149.4528
6.389690 100.176 -149.7829
6.435992 100.160 -150.0961
6.482630 100.142 -150.3905
6.529606 100.124 -150.6642
6.576922 100.106 -150.9156
6.624581 100.087 -151.1434
6.672585 100.069 -151.3475
6.720938 100.051 -151.5289
6.769640 100.035 -151.6895
6.818696 100.019 -151.8316
6.868107 100.006 -151.9575
6.917876 99.995 -152.0690
6.968006 99.987 -152.1675
7.018499 99.982 -152.2544
7.069358 99.980 -152.3313
7.120586 99.982 -152.4012
7.172184 99.987 -152.4680
7.224157 99.994 -152.5359
7.276506 100.005 -152.6090
7.329235 100.019 -152.6901
7.382345 100.036 -152.7814
7.435841 100.055 -152.8842
7.489724 100.077 -152.9999
7.543997 100.101 -153.1304
7.598664 100.125 -153.2775
7.653728 100.151 -153.4429
7.709189 100.176 -153.6278
7.765053 100.202 -153.8324
7.821322 100.227 -154.0560
7.877998 100.252 -154.2972
7.935086 100.275 -154.5540
7.992587 100.297 -154.8249
8.050504 100.316 -155.1081
8.108841 100.333 -155.4025
8.167601 100.348 -155.7062
8.226787 100.360 -156.0168
8.286402 100.369 -156.3313
8.346449 100.376 -156.6463
8.406931 100.380 -156.9589
8.467851 100.382 -157.2669
8.529212 100.381 -157.5686
8.591018 100.378 -157.8625
8.653272 100.373 -158.1466
8.715977 100.367 -158.4191
8.779137 100.359 -158.6785
8.842754 100.351 -158.9237
8.906833 100.343 -159.1545
8.971375 100.335 -159.3714
9.036386 100.327 -159.5751
9.101867 100.319 -159.7668
9.167823 100.313 -159.9474
9.234257 100.308 -160.1182
9.301172 100.305 -160.2807
9.368572 100.303 -160.4374
9.436460 100.303 -160.5906
9.504841 100.305 -160.7429
9.573717 100.308 -160.8963
9.643092 100.313 -161.0524
9.712970 100.319 -161.2128
9.783354 100.326 -161.3791
9.854248 100.334 -161.5526
9.925656 100.343 -161.7342
9.997581 100.351 -161.9244
10.070028 100.360 -162.1229
10.143000 100.368 -162.3293
10.216500 100.376 -162.5428
10.290533 100.383 -162.7626
10.365103 100.388 -162.9875
10.440212 100.393 -163.2164
10.515866 100.396 -163.4476
10.592069 100.398 -163.6794
10.668823 100.399 -163.9105
10.746134 100.399 -164.1398
10.824005 100.398 -164.3662
10.902440 100.396 -164.5890
10.981443 100.394 -164.8074
11.061020 100.391 -165.0210
11.141172 100.388 -165.2300
11.221906 100.384 -165.4347
11.303225 100.381 -165.6356
11.385133 100.378 -165.8334
11.467634 100.376 -166.0289
11.550734 100.374 -166.2229
11.634435 100.372 -166.4164
11.718742 100.370 -166.6101
11.803661 100.368 -166.8049
11.889195 100.367 -167.0012
11.975349 100.365 -167.1991
12.062128 100.364 -167.3989
12.149535 100.362 -167.6004
12.237576 100.359 -167.8032
12.326254 100.356 -168.0070
12.415575 100.353 -168.2110
12.505544 100.350 -168.4146
12.596164 100.345 -168.6173
12.687441 100.341 -168.8187
12.779379 100.336 -169.0184
12.871984 100.332 -169.2163
12.965260 100.327 -169.4124
13.059211 100.322 -169.6073
13.153843 100.318 -169.8014
13.249161 100.314 -169.9956
13.345170 100.310 -170.1906
13.441875 100.307 -170.3872
13.539280 100.304 -170.5865
13.637391 100.301 -170.7891
13.736214 100.298 -170.9955
13.835752 100.295 -171.2059
13.936011 100.292 -171.4203
14.036998 100.288 -171.6382
14.138716 100.284 -171.8589
14.241171 100.279 -172.0815
14.344368 100.273 -172.3048
14.448313 100.266 -172.5276
14.553011 100.259 -172.7489
14.658468 100.251 -172.9674
14.764689 100.243 -173.1824
14.871680 100.234 -173.3935
14.979446 100.226 -173.6006
15.087994 100.218 -173.8039
15.197328 100.210 -174.0043
15.307454 100.203 -174.2027
15.418378 100.197 -174.4003
15.530106 100.191 -174.5986
15.642643 100.186 -174.7986
15.755996 100.182 -175.0016
15.870171 100.178 -175.2084
15.985172 100.174 -175.4193
16.101007 100.170 -175.6344
16.217682 100.165 -175.8531
16.335201 100.160 -176.0747
16.453573 100.155 -176.2980
16.572803 100.149 -176.5218
16.692898 100.142 -176.7447
16.813862 100.135 -176.9657
16.935701 100.127 -177.1837
17.058424 100.119 -177.3984
17.182035 100.112 -177.6095
17.306543 100.104 -177.8174
17.431953 100.097 -178.0227
17.558273 100.090 -178.2262
17.685509 100.083 -178.4291
17.813665 100.077 -178.6321
17.942751 100.072 -178.8362
18.072771 100.066 -179.0420
18.203733 100.060 -179.2496
18.335646 100.055 -179.4590
18.468513 100.048 -179.6699
18.602345 100.042 -179.8816
18.737144 100.035 179.9066
18.872921 100.028 179.6954
19.009682 100.020 179.4852
19.147434 100.012 179.2766
19.286184 100.004 179.0694
19.425940 99.996 178.8636
19.566708 99.988 178.6590
19.708496 99.980 178.4551
19.851313 99.971 178.2515
19.995163 99.963 178.0480
20.140057 99.954 177.8443
20.285999 99.945 177.6406
20.433001 99.936 177.4369
20.581066 99.927 177.2336
20.730206 99.917 177.0308
20.880424 99.907 176.8287
21.031733 99.897 176.6273
21.184137 99.887 176.4261
21.337646 99.877 176.2249
21.492268 99.867 176.0229
21.648010 99.857 175.8197
21.804880 99.847 175.6149
21.962887 99.837 175.4081
22.122040 99.827 175.1998
22.282345 99.816 174.9901
22.443811 99.805 174.7799
22.606449 99.793 174.5700
22.770266 99.781 174.3611
22.935268 99.769 174.1537
23.101467 99.756 173.9481
23.268869 99.744 173.7439
23.437485 99.732 173.5406
23.607323 99.720 173.3375
23.778391 99.709 173.1335
23.950699 99.698 172.9278
24.124256 99.687 172.7199
24.299070 99.676 172.5098
24.475151 99.665 172.2977
24.652508 99.653 172.0843
24.831150 99.641 171.8705
25.011087 99.629 171.6571
25.192327 99.617 171.4449
25.374882 99.604 171.2342
25.558758 99.592 171.0252
25.743967 99.579 170.8177
25.930519 99.567 170.6114
26.118422 99.555 170.4059
26.307686 99.542 170.2009
26.498322 99.530 169.9962
26.690340 99.518 169.7918
26.883749 99.506 169.5878
27.078560 99.493 169.3842
27.274782 99.481 169.1809
27.472427 99.468 168.9780
27.671503 99.455 168.7753
27.872023 99.443 168.5727
28.073996 99.430 168.3701
28.277431 99.416 168.1675
28.482342 99.403 167.9653
28.688736 99.389 167.7637
28.896626 99.375 167.5627
29.106022 99.361 167.3626
29.316936 99.346 167.1631
29.529379 99.332 166.9642
29.743361 99.317 166.7654
29.958893 99.302 166.5665
30.175987 99.287 166.3674
30.394655 99.272 166.1683
30.614908 99.257 165.9694
30.836756 99.241 165.7710
31.060211 99.226 165.5732
31.285286 99.210 165.3757
31.511992 99.194 165.1783
31.740341 99.179 164.9800
31.970345 99.164 164.7805
32.202015 99.148 164.5790
32.435364 99.133 164.3757
32.670403 99.117 164.1707
32.907146 99.101 163.9649
33.145607 99.085 163.7588
33.385796 99.068 163.5529
33.627724 99.052 163.3475
33.871403 99.035 163.1423
34.116848 99.018 162.9369
34.364071 99.001 162.7311
34.613087 98.984 162.5245
34.863907 98.967 162.3174
35.116547 98.949 162.1103
35.371017 98.931 161.9038
35.627331 98.913 161.6989
35.885502 98.894 161.4958
36.145542 98.874 161.2949
36.407467 98.855 161.0961
36.671291 98.836 160.8987
36.937027 98.816 160.7024
37.204689 98.797 160.5065
37.474289 98.777 160.3110
37.745842 98.757 160.1160
38.019363 98.737 159.9219
38.294868 98.716 159.7292
38.572369 98.695 159.5381
38.851879 98.675 159.3485
39.133415 98.654 159.1597
39.416992 98.634 158.9707
39.702625 98.613 158.7805
39.990326 98.593 158.5886
40.280113 98.572 158.3953
40.571999 98.550 158.2015
40.866001 98.529 158.0085
41.162132 98.507 157.8176
41.460411 98.484 157.6294
41.760849 98.462 157.4436
42.063465 98.440 157.2594
42.368275 98.418 157.0756
42.675293 98.396 156.8912
42.984535 98.375 156.7055
43.296021 98.353 156.5188
43.609760 98.330 156.3317
43.925774 98.307 156.1453
44.244080 98.284 155.9608
44.564690 98.260 155.7787
44.887623 98.236 155.5992
45.212898 98.212 155.4221
45.540531 98.189 155.2463
45.870537 98.165 155.0707
46.202934 98.141 154.8945
46.537739 98.118 154.7172
46.874969 98.094 154.5388
47.214645 98.069 154.3597
47.556782 98.044 154.1809
47.901398 98.019 154.0031
48.248512 97.993 153.8268
48.598141 97.967 153.6529
48.950302 97.941 153.4816
49.305016 97.915 153.3133
49.662300 97.888 153.1480
50.022175 97.862 152.9855
50.384655 97.836 152.8255
50.749763 97.809 152.6676
51.117516 97.783 152.5112
51.487934 97.758 152.3559
51.861038 97.732 152.2009
52.236843 97.706 152.0460
52.615372 97.681 151.8907
52.996643 97.655 151.7350
53.380680 97.629 151.5792
53.767498 97.603 151.4234
54.157120 97.577 151.2675
54.549564 97.551 151.1115
54.944855 97.525 150.9550
55.343006 97.499 150.7973
55.744045 97.473 150.6381
56.147991 97.447 150.4768
56.554863 97.422 150.3129
56.964684 97.396 150.1460
57.377472 97.370 149.9760
57.793251 97.344 149.8032
58.212044 97.318 149.6284
58.633873 97.291 149.4529
59.058758 97.263 149.2782
59.486721 97.234 149.1058
59.917786 97.206 148.9366
60.351974 97.176 148.7717
60.789310 97.146 148.6111
61.229816 97.116 148.4549
61.673512 97.086 148.3024
62.120422 97.056 148.1529
62.570572 97.025 148.0056
63.023983 96.994 147.8602
63.480682 96.962 147.7164
63.940689 96.930 147.5745
64.404030 96.897 147.4346
64.870728 96.864 147.2967
65.340805 96.831 147.1607
65.814293 96.798 147.0262
66.291214 96.764 146.8929
66.771591 96.730 146.7603
67.255447 96.697 146.6279
67.742805 96.663 146.4953
68.233696 96.630 146.3623
68.728142 96.597 146.2291
69.226173 96.564 146.0959
69.727814 96.531 145.9630
70.233093 96.499 145.8301
70.742035 96.466 145.6970
71.254662 96.434 145.5641
71.771004 96.400 145.4324
72.291084 96.367 145.3041
72.814934 96.333 145.1814
73.342583 96.299 145.0654
73.874054 96.266 144.9555
74.409378 96.232 144.8499
74.948578 96.200 144.7460
75.491684 96.167 144.6422
76.038727 96.135 144.5372
76.589737 96.103 144.4309
77.144737 96.071 144.3230
77.703758 96.039 144.2129
78.266830 96.007 144.0992
78.833984 95.976 143.9811
79.405251 95.944 143.8578
79.980652 95.912 143.7295
80.560226 95.880 143.5968
81.143997 95.847 143.4597
81.732002 95.814 143.3180
82.324265 95.780 143.1710
82.920822 95.744 143.0192
83.521698 95.707 142.8649
84.126930 95.668 142.7119
84.736549 95.626 142.5642
85.350586 95.583 142.4249
85.969070 95.538 142.2955
86.592041 95.493 142.1760
87.219521 95.447 142.0652
87.851547 95.401 141.9619
88.488159 95.356 141.8647
89.129379 95.311 141.7737
89.775246 95.267 141.6889
90.425797 95.224 141.6104
91.081062 95.181 141.5385
91.741074 95.139 141.4728
92.405869 95.098 141.4127
93.075478 95.057 141.3562
93.749939 95.016 141.3006
94.429291 94.975 141.2438
95.113564 94.932 141.1842
95.802795 94.889 141.1219
96.497025 94.844 141.0595
97.196281 94.798 141.0018
97.900604 94.751 140.9523
98.610031 94.706 140.9117
99.324600 94.661 140.8788
100.044350 94.619 140.8532
100.769310 94.577 140.8357
101.499527 94.537 140.8266
102.235031 94.498 140.8247
102.975868 94.460 140.8272
103.722076 94.422 140.8304
104.473686 94.384 140.8323
105.230743 94.345 140.8347
105.993286 94.307 140.8412
106.761360 94.270 140.8521
107.534996 94.235 140.8630
108.314240 94.204 140.8694
109.099129 94.174 140.8699
109.889709 94.147 140.8640
110.686012 94.120 140.8494
111.488091 94.092 140.8206
112.295982 94.063 140.7706
113.109726 94.031 140.6914
113.929367 93.995 140.5753
114.754944 93.954 140.4170
115.586502 93.909 140.2156
116.424088 93.860 139.9772
117.267746 93.807 139.7192
118.117516 93.750 139.4755
118.973442 93.691 139.2969
119.835571 93.635 139.2336
120.703949 93.589 139.2948
121.578621 93.558 139.4336
122.459633 93.539 139.5869
123.347023 93.525 139.7159
124.240845 93.510 139.8079
125.141144 93.488 139.8632
126.047966 93.459 139.8869
126.961365 93.422 139.8843
127.881378 93.381 139.8605
128.808060 93.336 139.8228
129.741455 93.290 139.7795
130.681610 93.244 139.7361
131.628586 93.199 139.6961
132.582428 93.154 139.6634
133.543182 93.109 139.6408
134.510895 93.064 139.6269
135.485611 93.019 139.6153
136.467392 92.974 139.5987
137.456284 92.929 139.5739
138.452347 92.884 139.5426
139.455627 92.839 139.5094
140.466187 92.795 139.4796
141.484070 92.751 139.4570
142.509323 92.707 139.4433
143.542007 92.663 139.4372
144.582169 92.619 139.4369
145.629868 92.574 139.4405
146.685165 92.528 139.4470
147.748108 92.481 139.4555
148.818756 92.434 139.4662
149.897156 92.386 139.4803
150.983368 92.338 139.5000
152.077454 92.290 139.5284
153.179474 92.241 139.5677
154.289474 92.194 139.6191
155.407516 92.148 139.6807
156.533661 92.104 139.7479
157.667969 92.061 139.8146
158.810501 92.020 139.8756
159.961304 91.980 139.9279
161.120453 91.940 139.9716
162.287994 91.899 140.0087
163.464005 91.858 140.0418
164.648529 91.815 140.0728
165.841644 91.770 140.1038
167.043396 91.723 140.1381
168.253860 91.674 140.1796
169.473099 91.625 140.2313
170.701172 91.576 140.2938
171.938141 91.529 140.3647
173.184082 91.483 140.4401
174.439041 91.440 140.5176
175.703094 91.398 140.5960
176.976318 91.357 140.6747
178.258759 91.315 140.7523
179.550491 91.274 140.8274
180.851593 91.232 140.8994
182.162125 91.190 140.9685
183.482147 91.147 141.0359
184.811737 91.105 141.1031
186.150955 91.061 141.1709
187.499878 91.016 141.2391
188.858582 90.970 141.3065
190.227127 90.922 141.3716
191.605591 90.874 141.4348
192.994049 90.825 141.4993
194.392563 90.777 141.5704
195.801208 90.731 141.6515
197.220062 90.688 141.7424
198.649200 90.645 141.8418
200.088699 90.604 141.9493
201.538620 90.562 142.0641
202.999054 90.520 142.1831
204.470062 90.479 142.3018
205.951736 90.438 142.4160
207.444153 90.398 142.5232
208.947372 90.357 142.6234
210.461487 90.315 142.7185
211.986572 90.271 142.8113
213.522720 90.225 142.9059
215.069992 90.178 143.0072
216.628479 90.130 143.1208
218.198257 90.083 143.2503
219.779419 90.037 143.3951
221.372025 89.993 143.5496
222.976181 89.952 143.7062
224.591965 89.911 143.8593
226.219452 89.872 144.0066
227.858734 89.832 144.1487
229.509888 89.793 144.2875
231.173004 89.753 144.4248
232.848175 89.712 144.5616
234.535492 89.672 144.6981
236.235031 89.632 144.8337
237.946884 89.591 144.9677
239.671143 89.550 145.1002
241.407898 89.508 145.2327
243.157242 89.465 145.3671
244.919266 89.422 145.5062
246.694046 89.377 145.6526
248.481689 89.332 145.8093
250.282288 89.286 145.9796
252.095932 89.242 146.1652
253.922729 89.200 146.3646
255.762756 89.160 146.5719
257.616119 89.123 146.7776
259.482910 89.089 146.9715
261.363220 89.055 147.1481
263.257172 89.020 147.3088
265.164856 88.984 147.4602
267.086365 88.946 147.6113
269.021790 88.907 147.7697
270.971222 88.867 147.9403
272.934784 88.826 148.1235
274.912567 88.787 148.3173
276.904694 88.749 148.5185
278.911255 88.712 148.7243
280.932373 88.677 148.9324
282.968140 88.643 149.1393
285.018646 88.612 149.3395
287.084015 88.583 149.5259
289.164337 88.554 149.6928
291.259735 88.524 149.8394
293.370331 88.493 149.9706
295.496216 88.458 150.0964
297.637512 88.421 150.2265
299.794312 88.382 150.3676
301.966736 88.342 150.5221
304.154907 88.301 150.6887
306.358948 88.261 150.8640
308.578949 88.221 151.0436
310.815033 88.181 151.2241
313.067322 88.141 151.4044
315.335938 88.101 151.5865
317.621002 88.060 151.7750
319.922607 88.018 151.9743
322.240906 87.976 152.1864
324.575989 87.936 152.4099
326.928009 87.896 152.6414
329.297058 87.858 152.8771
331.683289 87.821 153.1138
334.086792 87.785 153.3486
336.507721 87.749 153.5795
338.946198 87.714 153.8060
341.402344 87.678 154.0295
343.876282 87.642 154.2525
346.368164 87.606 154.4777
348.878082 87.569 154.7066
351.406189 87.532 154.9402
353.952637 87.496 155.1784
356.517517 87.460 155.4204
359.100983 87.424 155.6652
361.703186 87.389 155.9120
364.324249 87.354 156.1606
366.964294 87.320 156.4107
369.623474 87.285 156.6628
372.301910 87.251 156.9174
374.999756 87.217 157.1751
377.717163 87.183 157.4363
380.454254 87.149 157.7009
383.211182 87.115 157.9684
385.988098 87.082 158.2382
388.785126 87.049 158.5101
391.602417 87.016 158.7842
394.440125 86.984 159.0602
397.298401 86.952 159.3376
400.177399 86.922 159.6157
403.077240 86.891 159.8933
405.998108 86.861 160.1694
408.940125 86.832 160.4437
411.903473 86.801 160.7183
414.888306 86.771 160.9968
417.894745 86.740 161.2831
420.922974 86.709 161.5797
423.973145 86.678 161.8867
427.045441 86.649 162.2024
430.139984 86.621 162.5227
433.256958 86.596 162.8428
436.396515 86.572 163.1592
439.558838 86.549 163.4709
442.744049 86.527 163.7781
445.952362 86.507 164.0790
449.183929 86.488 164.3689
452.438904 86.469 164.6421
455.717468 86.450 164.8956
459.019775 86.429 165.1335
462.346008 86.404 165.3669
465.696350 86.377 165.6078
469.070984 86.348 165.8634
472.470062 86.318 166.1349
475.893768 86.288 166.4191
479.342285 86.259 166.7100
482.815796 86.230 167.0017
486.314484 86.202 167.2923
489.838531 86.172 167.5864
493.388092 86.143 167.8922
496.963379 86.113 168.2137
500.564575 86.085 168.5471
504.191864 86.060 168.8844
507.845459 86.035 169.2182
511.525513 86.012 169.5457
515.232239 85.989 169.8677
518.965820 85.965 170.1873
522.726440 85.941 170.5085
526.514343 85.917 170.8348
530.329712 85.893 171.1675
534.172729 85.870 171.5030
538.043579 85.849 171.8354
541.942444 85.828 172.1608
545.869568 85.808 172.4775
549.825134 85.787 172.7839
553.809387 85.766 173.0757
557.822510 85.742 173.3491
561.864746 85.714 173.6054
565.936279 85.680 173.8556
570.037292 85.639 174.1210
574.168030 85.590 174.4294
578.328674 85.535 174.8067
582.519470 85.480 175.2679
586.740662 85.429 175.8123
590.992432 85.386 176.4230
595.275024 85.353 177.0710
599.588623 85.332 177.7213
603.933472 85.320 178.3438
608.309814 85.314 178.9215
612.717896 85.311 179.4512
617.157898 85.309 179.9402
621.630066 85.306 -179.5980
626.134644 85.301 -179.1496
630.671875 85.296 -178.7057
635.242004 85.291 -178.2652
639.845215 85.288 -177.8287
644.481812 85.286 -177.3934
649.151978 85.287 -176.9545
653.856018 85.290 -176.5105
658.594116 85.296 -176.0671
663.366577 85.305 -175.6350
668.173584 85.314 -175.2232
673.015442 85.322 -174.8330
677.892395 85.328 -174.4579
682.804688 85.332 -174.0896
687.752563 85.332 -173.7208
692.736328 85.331 -173.3457
697.756165 85.329 -172.9595
702.812378 85.326 -172.5610
707.905273 85.324 -172.1523
713.035034 85.322 -171.7372
718.201965 85.322 -171.3185
723.406372 85.321 -170.8967
728.648499 85.321 -170.4709
733.928589 85.321 -170.0406
739.246948 85.322 -169.6049
744.603821 85.323 -169.1636
749.999512 85.325 -168.7159
755.434326 85.328 -168.2620
760.908508 85.332 -167.8023
766.422363 85.337 -167.3374
771.976196 85.343 -166.8679
777.570251 85.350 -166.3953
783.204834 85.358 -165.9205
788.880249 85.368 -165.4423
794.596802 85.378 -164.9579
800.354797 85.391 -164.4651
806.154480 85.406 -163.9649
811.996216 85.425 -163.4630
817.880249 85.447 -162.9678
823.806946 85.473 -162.4882
829.776611 85.501 -162.0322
835.789490 85.529 -161.6021
841.845947 85.556 -161.1918
847.946289 85.581 -160.7910
854.090881 85.604 -160.3921
860.279968 85.627 -159.9916
866.513916 85.649 -159.5864
872.793030 85.670 -159.1729
879.117676 85.693 -158.7509
885.488098 85.717 -158.3242
891.904724 85.741 -157.8967
898.367859 85.767 -157.4685
904.877808 85.793 -157.0374
911.434937 85.821 -156.6025
918.039551 85.850 -156.1658
924.692017 85.882 -155.7302
931.392700 85.915 -155.2992
938.141968 85.950 -154.8765
944.940125 85.986 -154.4641
951.787537 86.022 -154.0610
958.684570 86.058 -153.6650
965.631592 86.094 -153.2732
972.628967 86.131 -152.8830
979.677063 86.168 -152.4933
986.776184 86.206 -152.1044
993.926758 86.243 -151.7149
1001.129150 86.282 -151.3202
1008.383728 86.322 -150.9165
1015.690918 86.364 -150.5052
1023.051025 86.409 -150.0916
1030.464478 86.459 -149.6834
1037.931641 86.512 -149.2915
1045.452881 86.568 -148.9279
1053.028687 86.624 -148.5975
1060.659424 86.680 -148.2964
1068.345459 86.734 -148.0150
1076.087158 86.785 -147.7428
1083.884888 86.835 -147.4725
1091.739136 86.883 -147.2008
1099.650269 86.932 -146.9273
1107.618774 86.980 -146.6514
1115.645020 87.028 -146.3724
1123.729492 87.076 -146.0902
1131.872559 87.125 -145.8048
1140.074585 87.176 -145.5170
1148.336060 87.228 -145.2280
1156.657349 87.282 -144.9402
1165.038940 87.338 -144.6562
1173.481323 87.397 -144.3786
1181.984863 87.460 -144.1115
1190.550049 87.525 -143.8629
1199.177246 87.594 -143.6450
1207.866943 87.664 -143.4689
1216.619629 87.733 -143.3382
1225.435791 87.799 -143.2463
1234.315796 87.861 -143.1812
1243.260132 87.918 -143.1309
1252.269287 87.971 -143.0852
1261.343750 88.020 -143.0379
1270.484009 88.067 -142.9861
1279.690430 88.111 -142.9272
1288.963623 88.153 -142.8591
1298.303955 88.195 -142.7821
1307.712036 88.236 -142.6994
1317.188232 88.277 -142.6151
1326.733154 88.317 -142.5324
1336.347168 88.357 -142.4511
1346.030884 88.395 -142.3686
1355.784790 88.432 -142.2811
1365.609375 88.467 -142.1848
1375.505127 88.502 -142.0752
1385.472656 88.538 -141.9477
1395.512329 88.574 -141.8012
1405.624756 88.614 -141.6414
1415.810547 88.658 -141.4800
1426.070068 88.705 -141.3321
1436.403931 88.754 -141.2076
1446.812744 88.803 -141.1072
1457.296997 88.851 -141.0260
1467.857178 88.898 -140.9575
1478.493896 88.943 -140.8969
1489.207642 88.987 -140.8406
1499.999023 89.029 -140.7851
1510.868652 89.070 -140.7273
1521.817017 89.111 -140.6645
1532.844727 89.151 -140.5945
1543.952393 89.192 -140.5154
1555.140503 89.234 -140.4271
1566.409668 89.279 -140.3338
1577.760498 89.327 -140.2462
1589.193604 89.379 -140.1782
1600.709595 89.431 -140.1393
1612.308960 89.483 -140.1301
1623.992432 89.533 -140.1456
1635.760498 89.581 -140.1782
1647.613892 89.626 -140.2215
1659.553223 89.669 -140.2705
1671.578979 89.710 -140.3217
1683.691895 89.749 -140.3738
1695.892578 89.787 -140.4285
1708.181763 89.824 -140.4874
1720.559937 89.859 -140.5503
1733.027832 89.891 -140.6142
1745.586060 89.922 -140.6738
1758.235352 89.950 -140.7221
1770.976196 89.978 -140.7533
1783.809448 90.007 -140.7674
1796.735718 90.038 -140.7730
1809.755615 90.071 -140.7838
1822.869873 90.106 -140.8107
1836.079102 90.141 -140.8573
1849.384033 90.175 -140.9219
1862.785400 90.206 -141.0004
1876.283936 90.235 -141.0872
1889.880249 90.261 -141.1760
1903.575073 90.284 -141.2599
1917.369141 90.305 -141.3326
1931.263184 90.325 -141.3896
1945.257935 90.345 -141.4308
1959.354126 90.366 -141.4635
1973.552368 90.389 -141.4999
1987.853516 90.412 -141.5493
2002.258301 90.434 -141.6141
2016.767456 90.453 -141.6900
2031.381836 90.469 -141.7695
2046.102051 90.481 -141.8435
2060.928955 90.489 -141.9038
2075.863281 90.496 -141.9450
2090.905762 90.500 -141.9639
2106.057373 90.502 -141.9570
2121.318848 90.503 -141.9194
2136.690918 90.503 -141.8443
2152.174316 90.505 -141.7253
2167.769775 90.510 -141.5610
2183.478271 90.521 -141.3588
2199.300537 90.538 -141.1325
2215.237549 90.562 -140.8948
2231.290039 90.592 -140.6553
2247.458984 90.629 -140.4203
2263.745117 90.672 -140.1939
2280.149170 90.720 -139.9798
2296.672119 90.775 -139.7821
2313.314697 90.836 -139.6069
2330.077881 90.904 -139.4640
2346.962646 90.978 -139.3672
2363.969727 91.055 -139.3301
2381.100098 91.135 -139.3590
2398.354492 91.213 -139.4516
2415.733887 91.289 -139.6004
2433.239258 91.361 -139.7970
2450.871582 91.429 -140.0355
2468.631592 91.493 -140.3129
2486.520264 91.551 -140.6260
2504.538574 91.601 -140.9675
2522.687500 91.644 -141.3241
2540.968018 91.680 -141.6804
2559.380859 91.710 -142.0256
2577.927246 91.735 -142.3565
2596.607910 91.756 -142.6727
2615.424072 91.773 -142.9731
2634.376465 91.787 -143.2542
2653.466309 91.798 -143.5103
2672.694336 91.807 -143.7348
2692.061768 91.815 -143.9217
2711.569580 91.825 -144.0711
2731.218750 91.840 -144.1925
2751.010254 91.861 -144.3039
2770.945312 91.887 -144.4243
2791.024658 91.918 -144.5684
2811.249512 91.951 -144.7449
2831.621094 91.985 -144.9572
2852.140137 92.017 -145.2057
2872.807861 92.047 -145.4864
2893.625488 92.072 -145.7896
2914.593994 92.091 -146.1002
2935.714355 92.106 -146.4039
2956.987793 92.117 -146.6932
2978.415283 92.127 -146.9683
2999.998047 92.135 -147.2320
3021.737305 92.143 -147.4861
3043.634033 92.148 -147.7293
3065.689453 92.153 -147.9564
3087.904785 92.157 -148.1605
3110.281006 92.162 -148.3399
3132.819336 92.170 -148.5003
3155.520996 92.182 -148.6520
3178.387207 92.197 -148.8045
3201.419189 92.214 -148.9642
3224.617920 92.234 -149.1344
3247.984863 92.255 -149.3164
3271.520996 92.276 -149.5086
3295.227783 92.297 -149.7048
3319.106445 92.320 -149.8985
3343.157959 92.345 -150.0897
3367.383789 92.373 -150.2860
3391.785156 92.405 -150.4990
3416.363525 92.439 -150.7379
3441.119873 92.475 -151.0055
3466.055664 92.510 -151.2963
3491.172119 92.545 -151.6027
3516.470703 92.581 -151.9212
3541.952393 92.618 -152.2542
3567.618896 92.658 -152.6074
3593.471436 92.700 -152.9878
3619.511230 92.743 -153.4025
3645.739746 92.787 -153.8578
3672.158203 92.831 -154.3550
3698.768066 92.873 -154.8905
3725.570801 92.913 -155.4605
3752.567871 92.952 -156.0655
3779.760498 92.989 -156.7095
3807.150146 93.023 -157.3960
3834.738281 93.053 -158.1224
3862.526367 93.079 -158.8809
3890.515869 93.100 -159.6640
3918.708252 93.119 -160.4704
3947.104736 93.135 -161.3057
3975.707031 93.148 -162.1792
4004.516602 93.159 -163.1012
4033.534912 93.165 -164.0802
4062.763672 93.163 -165.1176
4092.204102 93.151 -166.2056
4121.857910 93.129 -167.3337
4151.726562 93.094 -168.4928
4181.811523 93.047 -169.6757
4212.114746 92.985 -170.8727
4242.637695 92.909 -172.0683
4273.381836 92.818 -173.2440
4304.348633 92.714 -174.3849
4335.539551 92.598 -175.4831
4366.956543 92.473 -176.5373
4398.601074 92.339 -177.5512
4430.475098 92.198 -178.5295
4462.580078 92.047 -179.4720
4494.917969 91.887 179.6276
4527.490234 91.718 178.7760
4560.298340 91.540 177.9770
4593.344238 91.353 177.2338
4626.629395 91.157 176.5540
4660.155762 90.953 175.9499
4693.925293 90.743 175.4330
4727.939453 90.527 175.0085
4762.200195 90.310 174.6738
4796.708984 90.093 174.4189
4831.467773 89.877 174.2316
4866.478516 89.662 174.1041
4901.743164 89.448 174.0327
4937.263184 89.234 174.0140
4973.040527 89.020 174.0435
5009.077148 88.806 174.1213
5045.375000 88.590 174.2545
5081.936035 88.372 174.4542
5118.761719 88.154 174.7292
5155.854492 87.938 175.0819
5193.215820 87.725 175.5062
5230.848145 87.516 175.9925
5268.752930 87.311 176.5330
5306.932617 87.111 177.1218
5345.388672 86.914 177.7522
5384.123535 86.720 178.4185
5423.139160 86.528 179.1224
5462.437500 86.334 179.8752
5502.020508 86.139 -179.3059
5541.890625 85.942 -178.4004
5582.049316 85.745 -177.3867
5622.499023 85.549 -176.2385
5663.242188 85.359 -174.9190
5704.280273 85.180 -173.3873
5745.615723 85.026 -171.6186
5787.250977 84.912 -169.6391
5829.187988 84.853 -167.5634
5871.428711 84.855 -165.5990
5913.975586 84.901 -163.9663
5956.830566 84.961 -162.7646
5999.996094 85.005 -161.9176
6043.474609 85.016 -161.2483
6087.268066 84.995 -160.5856
6131.378906 84.953 -159.8231
6175.809570 84.901 -158.9208
6220.562012 84.849 -157.8797
6265.638672 84.804 -156.7173
6311.041992 84.769 -155.4540
6356.774414 84.748 -154.1093
6402.838379 84.742 -152.7026
6449.235840 84.754 -151.2510
6495.969727 84.784 -149.7707
6543.041992 84.833 -148.2783
6590.455566 84.899 -146.7878
6638.212891 84.984 -145.3071
6686.315918 85.086 -143.8381
6734.767578 85.206 -142.3808
6783.570312 85.347 -140.9379
6832.727051 85.509 -139.5158
6882.239746 85.694 -138.1261
6932.111328 85.905 -136.7864
6982.344238 86.142 -135.5169
7032.941406 86.406 -134.3359
7083.904785 86.698 -133.2590
7135.237793 87.019 -132.3033
7186.942871 87.372 -131.4917
7239.022461 87.757 -130.8555
7291.479492 88.177 -130.4373
7344.316406 88.630 -130.2910
7397.536133 89.114 -130.4760
7451.141602 89.624 -131.0513
7505.135742 90.153 -132.0732
7559.520996 90.690 -133.5951
7614.300293 91.224 -135.6638
7669.476562 91.740 -138.3151
7725.052734 92.220 -141.5673
7781.031738 92.642 -145.4121
7837.416504 92.987 -149.8033
7894.209473 93.234 -154.6521
7951.414062 93.367 -159.8304
8009.033203 93.377 -165.1788
8067.069824 93.260 -170.5208
8125.527344 93.020 -175.6836
8184.408203 92.668 179.4871
8243.715820 92.216 175.1168
8303.453125 91.683 171.2990
8363.623047 91.088 168.0930
8424.229492 90.450 165.5266
8485.275391 89.790 163.5977
8546.763672 89.125 162.2752
8608.697266 88.471 161.5057
8671.079102 87.841 161.2249
8733.913086 87.244 161.3669
8797.202148 86.684 161.8722
8860.950195 86.165 162.6887
8925.160156 85.690 163.7676
8989.835938 85.261 165.0604
9054.980469 84.878 166.5212
9120.596680 84.540 168.1120
9186.688477 84.246 169.8061
9253.258789 83.994 171.5873
9320.311523 83.785 173.4436
9387.850586 83.621 175.3589
9455.878906 83.501 177.3129
9524.400391 83.429 179.2841
9593.417969 83.406 -178.7464
9662.935547 83.434 -176.7945
9732.957031 83.518 -174.8809
9803.486328 83.665 -173.0394
9874.526367 83.879 -171.3213
9946.081055 84.169 -169.7940
10018.154297 84.539 -168.5389
10090.750000 84.992 -167.6544
10163.872070 85.530 -167.2626
10237.523438 86.146 -167.5101
10311.708984 86.824 -168.5555
10386.431641 87.540 -170.5481
10461.696289 88.258 -173.6053
10537.505859 88.935 -177.7940
10613.865234 89.524 176.8856
10690.777344 89.975 170.5197
10768.247070 90.240 163.2994
10846.278320 90.282 155.5270
10924.875000 90.079 147.5920
11004.041016 89.630 139.9138
11083.781250 88.954 132.8728
11164.098633 88.083 126.7619
11244.998047 87.058 121.7740
11326.484375 85.922 118.0068
11408.560547 84.722 115.4700
11491.231445 83.502 114.0888
11574.501953 82.302 113.7161
11658.375977 81.156 114.1664
11742.857422 80.085 115.2560
11827.951172 79.102 116.8222
11913.661133 78.213 118.7094
11999.992188 77.416 120.7605
12086.949219 76.702 122.8416
12174.536133 76.051 124.8865
12262.757812 75.445 126.9095
12351.619141 74.867 128.9740
12441.124023 74.312 131.1475
12531.277344 73.777 133.4782
12622.083984 73.266 135.9895
12713.548828 72.782 138.6810
12805.676758 72.331 141.5317
12898.471680 71.916 144.5110
12991.939453 71.539 147.5897
13086.083984 71.200 150.7430
13180.911133 70.902 153.9463
13276.425781 70.643 157.1734
13372.631836 70.425 160.4036
13469.535156 70.246 163.6241
13567.140625 70.105 166.8246
13665.454102 70.003 169.9925
13764.479492 69.939 173.1155
13864.222656 69.913 176.1875
13964.688477 69.927 179.2057
14065.882812 69.984 -177.8356
14167.809570 70.086 -174.9480
14270.475586 70.240 -172.1466
14373.885742 70.450 -169.4566
14478.044922 70.721 -166.9204
14582.958984 71.060 -164.5962
14688.632812 71.471 -162.5557
14795.072266 71.956 -160.8864
14902.283203 72.513 -159.6931
15010.271484 73.136 -159.0899
15119.041992 73.813 -159.1887
15228.600586 74.526 -160.0915
15338.953125 75.250 -161.8796
15450.105469 75.958 -164.5999
15562.063477 76.621 -168.2561
15674.833008 77.211 -172.8039
15788.418945 77.699 -178.1506
15902.828125 78.066 175.8408
16018.066406 78.296 169.3402
16134.139648 78.386 162.5283
16251.054688 78.342 155.5699
16368.816406 78.174 148.5942
16487.431641 77.900 141.6821
16606.906250 77.536 134.8646
16727.246094 77.095 128.1340
16848.458984 76.584 121.4609
16970.550781 76.004 114.8128
17093.527344 75.345 108.1799
17217.394531 74.593 101.6034
17342.158203 73.732 95.1766
17467.826172 72.753 89.0182
17594.404297 71.652 83.2452
17721.900391 70.430 77.9741
17850.320312 69.088 73.3385
17979.671875 67.631 69.4877
18109.960938 66.066 66.5702
18241.193359 64.402 64.7198
18373.376953 62.656 64.0576
18506.517578 60.841 64.6983
18640.623047 58.976 66.7400
18775.701172 57.083 70.2458
18911.757812 55.184 75.2572
19048.800781 53.306 81.8533
19186.835938 51.479 90.2267
19325.871094 49.739 100.6759
19465.914062 48.142 113.3193
19606.972656 46.757 127.4208
19749.052734 45.663 140.8841
19892.162109 44.918 151.1259
20036.308594 44.545 156.5230
