* Measurement data measured by REW V5.30.9
* Source: EXCL: Microphone (USB Sound Device        ), no input selected, L, volume: no control
* Format: 256k Log Swept Sine, 1 sweep at -9.0 dBFS with no timing reference
* Dated: Mar 24, 2024 3:26:23 PM
* REW Settings:
*  C-weighting compensation: Off
*  Target level: 75.0 dB
* Note: L Shozy P20 Shortbus
* Measurement: L Shozy Shortbus P20
* Smoothing: 1/12 octave
* Frequency Step: 96 ppo
* Start Frequency: 0.36621094 Hz
*
* Freq(Hz) SPL(dB) Phase(degrees)
0.366211 85.061 158.8379
0.368865 85.054 158.8153
0.371538 85.045 158.7815
0.374230 85.033 158.7390
0.376942 85.020 158.6901
0.379673 85.006 158.6362
0.382424 84.991 158.5786
0.385196 84.976 158.5178
0.387987 84.960 158.4543
0.390798 84.944 158.3881
0.393630 84.928 158.3194
0.396483 84.912 158.2483
0.399356 84.896 158.1747
0.402250 84.880 158.0987
0.405165 84.864 158.0201
0.408101 84.847 157.9391
0.411058 84.830 157.8556
0.414037 84.814 157.7694
0.417037 84.797 157.6808
0.420059 84.780 157.5895
0.423103 84.763 157.4955
0.426169 84.745 157.3990
0.429257 84.728 157.2997
0.432367 84.711 157.1978
0.435501 84.693 157.0931
0.438656 84.675 156.9856
0.441835 84.657 156.8754
0.445037 84.639 156.7624
0.448262 84.621 156.6466
0.451510 84.603 156.5279
0.454782 84.585 156.4064
0.458077 84.566 156.2820
0.461397 84.547 156.1546
0.464740 84.529 156.0244
0.468108 84.510 155.8912
0.471500 84.491 155.7550
0.474917 84.471 155.6159
0.478358 84.452 155.4738
0.481825 84.433 155.3286
0.485316 84.413 155.1804
0.488833 84.393 155.0292
0.492375 84.373 154.8749
0.495943 84.353 154.7175
0.499537 84.333 154.5571
0.503157 84.313 154.3936
0.506803 84.292 154.2269
0.510475 84.272 154.0572
0.514174 84.251 153.8844
0.517900 84.230 153.7084
0.521653 84.209 153.5294
0.525433 84.187 153.3472
0.529241 84.166 153.1619
0.533076 84.144 152.9736
0.536939 84.123 152.7821
0.540830 84.101 152.5875
0.544749 84.079 152.3898
0.548696 84.057 152.1891
0.552673 84.034 151.9854
0.556677 84.012 151.7786
0.560711 83.989 151.5688
0.564774 83.966 151.3560
0.568867 83.943 151.1403
0.572989 83.920 150.9216
0.577141 83.897 150.7001
0.581324 83.873 150.4757
0.585536 83.850 150.2485
0.589779 83.826 150.0186
0.594053 83.802 149.7859
0.598358 83.777 149.5506
0.602694 83.753 149.3127
0.607061 83.729 149.0723
0.611460 83.704 148.8294
0.615891 83.679 148.5842
0.620354 83.654 148.3366
0.624849 83.629 148.0869
0.629377 83.603 147.8349
0.633938 83.577 147.5811
0.638532 83.552 147.3252
0.643159 83.526 147.0676
0.647819 83.499 146.8083
0.652514 83.473 146.5475
0.657242 83.446 146.2852
0.662005 83.420 146.0217
0.666802 83.393 145.7570
0.671634 83.366 145.4913
0.676501 83.338 145.2249
0.681403 83.311 144.9578
0.686341 83.283 144.6903
0.691314 83.255 144.4225
0.696324 83.226 144.1546
0.701369 83.198 143.8869
0.706452 83.169 143.6193
0.711571 83.139 143.3520
0.716727 83.109 143.0849
0.721921 83.077 142.8179
0.727153 83.043 142.5502
0.732422 83.007 142.2813
0.737729 82.969 142.0101
0.743075 82.928 141.7354
0.748460 82.886 141.4565
0.753883 82.842 141.1724
0.759346 82.796 140.8828
0.764849 82.750 140.5871
0.770391 82.703 140.2852
0.775974 82.655 139.9768
0.781597 82.606 139.6619
0.787261 82.557 139.3402
0.792965 82.507 139.0117
0.798712 82.457 138.6763
0.804499 82.405 138.3338
0.810329 82.353 137.9842
0.816201 82.301 137.6274
0.822116 82.247 137.2633
0.828073 82.193 136.8918
0.834073 82.137 136.5128
0.840118 82.081 136.1263
0.846205 82.024 135.7322
0.852337 81.966 135.3304
0.858514 81.907 134.9208
0.864735 81.848 134.5035
0.871001 81.787 134.0783
0.877313 81.725 133.6452
0.883670 81.661 133.2043
0.890074 81.597 132.7553
0.896523 81.531 132.2985
0.903020 81.465 131.8337
0.909564 81.397 131.3609
0.916155 81.327 130.8803
0.922793 81.256 130.3918
0.929480 81.184 129.8955
0.936216 81.111 129.3915
0.943000 81.035 128.8799
0.949833 80.959 128.3608
0.956716 80.880 127.8343
0.963649 80.800 127.3007
0.970632 80.718 126.7600
0.977666 80.635 126.2126
0.984750 80.549 125.6586
0.991886 80.462 125.0984
0.999074 80.372 124.5323
1.006313 80.281 123.9606
1.013605 80.188 123.3837
1.020950 80.092 122.8022
1.028349 79.994 122.2163
1.035801 79.894 121.6267
1.043306 79.791 121.0339
1.050867 79.686 120.4386
1.058482 79.578 119.8412
1.066152 79.467 119.2423
1.073878 79.354 118.6423
1.081659 79.237 118.0416
1.089498 79.116 117.4400
1.097393 78.992 116.8370
1.105345 78.862 116.2317
1.113355 78.728 115.6229
1.121422 78.587 115.0091
1.129549 78.441 114.3892
1.137734 78.288 113.7619
1.145978 78.129 113.1259
1.154283 77.964 112.4804
1.162647 77.793 111.8241
1.171072 77.616 111.1559
1.179558 77.434 110.4748
1.188106 77.246 109.7794
1.196715 77.054 109.0685
1.205387 76.857 108.3408
1.214122 76.656 107.5946
1.222920 76.452 106.8285
1.231781 76.243 106.0408
1.240708 76.032 105.2296
1.249698 75.819 104.3929
1.258754 75.603 103.5286
1.267875 75.385 102.6346
1.277063 75.167 101.7084
1.286317 74.947 100.7473
1.295638 74.728 99.7486
1.305027 74.509 98.7093
1.314484 74.291 97.6263
1.324009 74.075 96.4963
1.333603 73.861 95.3155
1.343267 73.650 94.0803
1.353001 73.443 92.7869
1.362805 73.241 91.4310
1.372681 73.043 90.0086
1.382628 72.852 88.5154
1.392647 72.668 86.9471
1.402739 72.491 85.2995
1.412904 72.323 83.5685
1.423142 72.164 81.7503
1.433455 72.015 79.8409
1.443842 71.876 77.8366
1.454305 71.749 75.7333
1.464843 71.632 73.5259
1.475458 71.525 71.2084
1.486150 71.429 68.7738
1.496919 71.341 66.2145
1.507766 71.263 63.5231
1.518692 71.192 60.6930
1.529697 71.130 57.7190
1.540782 71.076 54.5979
1.551947 71.029 51.3289
1.563193 70.990 47.9147
1.574521 70.959 44.3615
1.585931 70.935 40.6802
1.597423 70.919 36.8861
1.608998 70.910 32.9991
1.620658 70.909 29.0435
1.632402 70.914 25.0469
1.644231 70.927 21.0395
1.656146 70.946 17.0522
1.668147 70.973 13.1154
1.680235 71.005 9.2576
1.692410 71.045 5.5037
1.704674 71.090 1.8748
1.717027 71.142 -1.6127
1.729469 71.200 -4.9472
1.742002 71.264 -8.1214
1.754625 71.333 -11.1321
1.767340 71.408 -13.9798
1.780147 71.489 -16.6683
1.793046 71.576 -19.2040
1.806040 71.670 -21.5961
1.819127 71.772 -23.8563
1.832309 71.882 -25.9980
1.845587 72.004 -28.0355
1.858961 72.137 -29.9822
1.872431 72.283 -31.8493
1.886000 72.442 -33.6453
1.899666 72.614 -35.3764
1.913432 72.799 -37.0471
1.927298 72.994 -38.6606
1.941264 73.201 -40.2193
1.955331 73.416 -41.7250
1.969500 73.640 -43.1791
1.983772 73.870 -44.5825
1.998147 74.106 -45.9362
2.012626 74.346 -47.2407
2.027211 74.589 -48.4964
2.041901 74.833 -49.7037
2.056697 75.077 -50.8628
2.071601 75.318 -51.9739
2.086613 75.556 -53.0370
2.101733 75.790 -54.0523
2.116963 76.016 -55.0201
2.132303 76.235 -55.9409
2.147755 76.444 -56.8160
2.163318 76.643 -57.6473
2.178995 76.831 -58.4378
2.194785 77.009 -59.1917
2.210689 77.176 -59.9144
2.226709 77.335 -60.6114
2.242844 77.485 -61.2871
2.259097 77.628 -61.9449
2.275467 77.764 -62.5870
2.291956 77.894 -63.2143
2.308565 78.018 -63.8275
2.325294 78.138 -64.4262
2.342144 78.252 -65.0101
2.359116 78.362 -65.5786
2.376211 78.469 -66.1307
2.393430 78.572 -66.6655
2.410774 78.671 -67.1819
2.428243 78.769 -67.6786
2.445839 78.864 -68.1545
2.463562 78.958 -68.6083
2.481415 79.051 -69.0386
2.499396 79.143 -69.4445
2.517508 79.234 -69.8251
2.535750 79.325 -70.1799
2.554126 79.415 -70.5093
2.572634 79.504 -70.8139
2.591276 79.592 -71.0953
2.610054 79.677 -71.3550
2.628967 79.759 -71.5947
2.648018 79.839 -71.8156
2.667206 79.916 -72.0190
2.686534 79.991 -72.2060
2.706002 80.064 -72.3773
2.725610 80.135 -72.5338
2.745361 80.205 -72.6761
2.765255 80.273 -72.8048
2.785294 80.342 -72.9206
2.805477 80.410 -73.0239
2.825807 80.478 -73.1151
2.846284 80.547 -73.1945
2.866909 80.617 -73.2620
2.887684 80.689 -73.3176
2.908609 80.762 -73.3607
2.929686 80.836 -73.3905
2.950916 80.912 -73.4061
2.972299 80.988 -73.4069
2.993838 81.065 -73.3929
3.015532 81.143 -73.3646
3.037384 81.221 -73.3233
3.059394 81.300 -73.2706
3.081564 81.379 -73.2084
3.103894 81.459 -73.1387
3.126386 81.540 -73.0637
3.149041 81.622 -72.9854
3.171861 81.705 -72.9061
3.194845 81.789 -72.8274
3.217996 81.875 -72.7510
3.241315 81.962 -72.6780
3.264803 82.051 -72.6086
3.288461 82.142 -72.5424
3.312291 82.235 -72.4785
3.336293 82.330 -72.4154
3.360469 82.427 -72.3525
3.384820 82.525 -72.2899
3.409348 82.626 -72.2285
3.434054 82.727 -72.1697
3.458938 82.830 -72.1155
3.484003 82.934 -72.0680
3.509250 83.039 -72.0294
3.534679 83.144 -72.0020
3.560293 83.249 -71.9878
3.586092 83.354 -71.9885
3.612079 83.460 -72.0055
3.638253 83.565 -72.0395
3.664618 83.670 -72.0906
3.691173 83.775 -72.1581
3.717921 83.881 -72.2411
3.744862 83.986 -72.3386
3.771999 84.091 -72.4496
3.799332 84.197 -72.5735
3.826864 84.302 -72.7096
3.854595 84.406 -72.8576
3.882527 84.510 -73.0171
3.910661 84.613 -73.1882
3.938999 84.714 -73.3707
3.967543 84.813 -73.5647
3.996294 84.911 -73.7707
4.025252 85.007 -73.9890
4.054421 85.102 -74.2199
4.083801 85.194 -74.4635
4.113394 85.284 -74.7195
4.143201 85.373 -74.9869
4.173225 85.460 -75.2646
4.203466 85.545 -75.5509
4.233926 85.628 -75.8445
4.264606 85.710 -76.1437
4.295509 85.789 -76.4475
4.326636 85.866 -76.7547
4.357989 85.941 -77.0652
4.389569 86.014 -77.3789
4.421378 86.084 -77.6966
4.453417 86.152 -78.0186
4.485688 86.217 -78.3451
4.518193 86.280 -78.6755
4.550934 86.341 -79.0086
4.583912 86.399 -79.3430
4.617129 86.456 -79.6767
4.650587 86.511 -80.0081
4.684287 86.564 -80.3356
4.718231 86.616 -80.6579
4.752421 86.666 -80.9747
4.786859 86.714 -81.2859
4.821547 86.760 -81.5919
4.856485 86.805 -81.8931
4.891677 86.848 -82.1898
4.927125 86.890 -82.4817
4.962829 86.931 -82.7684
4.998791 86.971 -83.0495
5.035015 87.010 -83.3241
5.071500 87.049 -83.5915
5.108251 87.087 -83.8512
5.145267 87.125 -84.1030
5.182552 87.164 -84.3467
5.220107 87.202 -84.5829
5.257934 87.240 -84.8122
5.296035 87.277 -85.0358
5.334412 87.316 -85.2546
5.373067 87.354 -85.4698
5.412003 87.394 -85.6821
5.451221 87.434 -85.8921
5.490722 87.475 -86.1001
5.530510 87.517 -86.3062
5.570587 87.561 -86.5105
5.610953 87.605 -86.7137
5.651613 87.651 -86.9170
5.692567 87.697 -87.1218
5.733818 87.744 -87.3298
5.775367 87.793 -87.5425
5.817218 87.842 -87.7613
5.859372 87.893 -87.9869
5.901831 87.944 -88.2197
5.944598 87.997 -88.4597
5.987675 88.050 -88.7073
6.031065 88.104 -88.9630
6.074768 88.159 -89.2274
6.118788 88.214 -89.5013
6.163127 88.269 -89.7857
6.207788 88.325 -90.0811
6.252772 88.380 -90.3879
6.298082 88.435 -90.7061
6.343721 88.490 -91.0353
6.389690 88.545 -91.3749
6.435992 88.600 -91.7241
6.482630 88.654 -92.0823
6.529606 88.707 -92.4490
6.576922 88.759 -92.8238
6.624581 88.811 -93.2066
6.672585 88.861 -93.5970
6.720938 88.911 -93.9943
6.769640 88.959 -94.3975
6.818696 89.007 -94.8053
6.868107 89.054 -95.2162
6.917876 89.099 -95.6292
6.968006 89.144 -96.0436
7.018499 89.187 -96.4588
7.069358 89.230 -96.8744
7.120586 89.272 -97.2898
7.172184 89.313 -97.7040
7.224157 89.353 -98.1161
7.276506 89.393 -98.5251
7.329235 89.433 -98.9303
7.382345 89.472 -99.3313
7.435841 89.512 -99.7280
7.489724 89.551 -100.1205
7.543997 89.591 -100.5088
7.598664 89.630 -100.8930
7.653728 89.671 -101.2729
7.709189 89.712 -101.6487
7.765053 89.753 -102.0205
7.821322 89.796 -102.3886
7.877998 89.839 -102.7538
7.935086 89.883 -103.1168
7.992587 89.928 -103.4782
8.050504 89.975 -103.8388
8.108841 90.022 -104.1989
8.167601 90.070 -104.5590
8.226787 90.119 -104.9197
8.286402 90.169 -105.2815
8.346449 90.220 -105.6450
8.406931 90.271 -106.0109
8.467851 90.324 -106.3795
8.529212 90.376 -106.7508
8.591018 90.430 -107.1250
8.653272 90.483 -107.5018
8.715977 90.537 -107.8813
8.779137 90.590 -108.2634
8.842754 90.644 -108.6478
8.906833 90.698 -109.0342
8.971375 90.751 -109.4220
9.036386 90.804 -109.8107
9.101867 90.857 -110.1995
9.167823 90.909 -110.5879
9.234257 90.961 -110.9753
9.301172 91.012 -111.3611
9.368572 91.063 -111.7448
9.436460 91.114 -112.1257
9.504841 91.164 -112.5030
9.573717 91.213 -112.8765
9.643092 91.263 -113.2457
9.712970 91.311 -113.6104
9.783354 91.360 -113.9704
9.854248 91.408 -114.3255
9.925656 91.457 -114.6755
9.997581 91.505 -115.0206
10.070028 91.553 -115.3609
10.143000 91.600 -115.6966
10.216500 91.648 -116.0279
10.290533 91.696 -116.3552
10.365103 91.743 -116.6786
10.440212 91.791 -116.9986
10.515866 91.838 -117.3154
10.592069 91.886 -117.6294
10.668823 91.933 -117.9409
10.746134 91.980 -118.2502
10.824005 92.026 -118.5573
10.902440 92.073 -118.8626
10.981443 92.119 -119.1661
11.061020 92.164 -119.4679
11.141172 92.209 -119.7682
11.221906 92.253 -120.0669
11.303225 92.297 -120.3640
11.385133 92.340 -120.6595
11.467634 92.383 -120.9535
11.550734 92.425 -121.2459
11.634435 92.466 -121.5368
11.718742 92.507 -121.8262
11.803661 92.547 -122.1141
11.889195 92.586 -122.4008
11.975349 92.625 -122.6862
12.062128 92.663 -122.9706
12.149535 92.701 -123.2541
12.237576 92.737 -123.5369
12.326254 92.773 -123.8191
12.415575 92.809 -124.1010
12.505544 92.843 -124.3827
12.596164 92.877 -124.6643
12.687441 92.910 -124.9459
12.779379 92.943 -125.2277
12.871984 92.975 -125.5098
12.965260 93.006 -125.7921
13.059211 93.036 -126.0748
13.153843 93.066 -126.3579
13.249161 93.095 -126.6415
13.345170 93.124 -126.9256
13.441875 93.152 -127.2105
13.539280 93.179 -127.4961
13.637391 93.206 -127.7829
13.736214 93.233 -128.0708
13.835752 93.259 -128.3603
13.936011 93.285 -128.6516
14.036998 93.310 -128.9450
14.138716 93.335 -129.2407
14.241171 93.360 -129.5389
14.344368 93.385 -129.8399
14.448313 93.409 -130.1438
14.553011 93.433 -130.4506
14.658468 93.456 -130.7603
14.764689 93.480 -131.0728
14.871680 93.503 -131.3879
14.979446 93.525 -131.7054
15.087994 93.548 -132.0250
15.197328 93.570 -132.3463
15.307454 93.592 -132.6691
15.418378 93.614 -132.9931
15.530106 93.635 -133.3180
15.642643 93.657 -133.6438
15.755996 93.679 -133.9702
15.870171 93.701 -134.2974
15.985172 93.723 -134.6252
16.101007 93.745 -134.9537
16.217682 93.767 -135.2830
16.335201 93.790 -135.6131
16.453573 93.813 -135.9438
16.572803 93.836 -136.2752
16.692898 93.859 -136.6070
16.813862 93.882 -136.9388
16.935701 93.906 -137.2703
17.058424 93.929 -137.6011
17.182035 93.952 -137.9306
17.306543 93.976 -138.2585
17.431953 93.999 -138.5843
17.558273 94.023 -138.9077
17.685509 94.047 -139.2285
17.813665 94.071 -139.5466
17.942751 94.095 -139.8621
18.072771 94.119 -140.1749
18.203733 94.143 -140.4853
18.335646 94.167 -140.7934
18.468513 94.191 -141.0991
18.602345 94.215 -141.4025
18.737144 94.239 -141.7034
18.872921 94.263 -142.0014
19.009682 94.286 -142.2961
19.147434 94.308 -142.5872
19.286184 94.331 -142.8743
19.425940 94.353 -143.1572
19.566708 94.374 -143.4358
19.708496 94.396 -143.7104
19.851313 94.417 -143.9815
19.995163 94.438 -144.2499
20.140057 94.459 -144.5167
20.285999 94.480 -144.7828
20.433001 94.500 -145.0492
20.581066 94.520 -145.3165
20.730206 94.540 -145.5852
20.880424 94.558 -145.8550
21.031733 94.576 -146.1255
21.184137 94.592 -146.3958
21.337646 94.607 -146.6646
21.492268 94.621 -146.9310
21.648010 94.634 -147.1941
21.804880 94.646 -147.4535
21.962887 94.659 -147.7097
22.122040 94.671 -147.9636
22.282345 94.683 -148.2168
22.443811 94.696 -148.4713
22.606449 94.709 -148.7293
22.770266 94.722 -148.9924
22.935268 94.734 -149.2617
23.101467 94.747 -149.5372
23.268869 94.758 -149.8181
23.437485 94.768 -150.1025
23.607323 94.777 -150.3879
23.778391 94.786 -150.6717
23.950699 94.793 -150.9517
24.124256 94.801 -151.2266
24.299070 94.809 -151.4966
24.475151 94.817 -151.7631
24.652508 94.827 -152.0286
24.831150 94.839 -152.2964
25.011087 94.851 -152.5695
25.192327 94.864 -152.8503
25.374882 94.877 -153.1393
25.558758 94.889 -153.4353
25.743967 94.901 -153.7352
25.930519 94.910 -154.0345
26.118422 94.919 -154.3281
26.307686 94.926 -154.6120
26.498322 94.933 -154.8833
26.690340 94.941 -155.1420
26.883749 94.950 -155.3905
27.078560 94.961 -155.6336
27.274782 94.974 -155.8771
27.472427 94.989 -156.1266
27.671503 95.004 -156.3861
27.872023 95.019 -156.6566
28.073996 95.032 -156.9357
28.277431 95.042 -157.2181
28.482342 95.050 -157.4967
28.688736 95.055 -157.7640
28.896626 95.059 -158.0147
29.106022 95.062 -158.2466
29.316936 95.067 -158.4617
29.529379 95.074 -158.6664
29.743361 95.083 -158.8696
29.958893 95.095 -159.0811
30.175987 95.109 -159.3086
30.394655 95.122 -159.5563
30.614908 95.134 -159.8231
30.836756 95.142 -160.1030
31.060211 95.147 -160.3867
31.285286 95.148 -160.6637
31.511992 95.147 -160.9251
31.740341 95.145 -161.1663
31.970345 95.144 -161.3882
32.202015 95.145 -161.5972
32.435364 95.150 -161.8036
32.670403 95.158 -162.0188
32.907146 95.169 -162.2522
33.145607 95.179 -162.5082
33.385796 95.189 -162.7856
33.627724 95.195 -163.0774
33.871403 95.198 -163.3734
34.116848 95.198 -163.6630
34.364071 95.196 -163.9381
34.613087 95.193 -164.1950
34.863907 95.190 -164.4349
35.116547 95.190 -164.6629
35.371017 95.190 -164.8855
35.627331 95.193 -165.1081
35.885502 95.196 -165.3337
36.145542 95.200 -165.5625
36.407467 95.203 -165.7936
36.671291 95.207 -166.0263
36.937027 95.211 -166.2616
37.204689 95.215 -166.5025
37.474289 95.219 -166.7522
37.745842 95.222 -167.0123
38.019363 95.223 -167.2812
38.294868 95.222 -167.5533
38.572369 95.217 -167.8207
38.851879 95.209 -168.0752
39.133415 95.200 -168.3103
39.416992 95.190 -168.5230
39.702625 95.181 -168.7133
39.990326 95.175 -168.8839
40.280113 95.172 -169.0398
40.571999 95.173 -169.1886
40.866001 95.179 -169.3413
41.162132 95.190 -169.5115
41.460411 95.204 -169.7131
41.760849 95.220 -169.9558
42.063465 95.235 -170.2415
42.368275 95.246 -170.5636
42.675293 95.250 -170.9099
42.984535 95.249 -171.2686
43.296021 95.241 -171.6321
43.609760 95.225 -171.9945
43.925774 95.201 -172.3430
44.244080 95.164 -172.6471
44.564690 95.116 -172.8542
44.887623 95.062 -172.9026
45.212898 95.015 -172.7510
45.540531 94.995 -172.4174
45.870537 95.019 -172.0031
46.202934 95.093 -171.6789
46.537739 95.206 -171.6267
46.874969 95.332 -171.9648
47.214645 95.437 -172.7014
47.556782 95.493 -173.7336
47.901398 95.485 -174.8834
48.248512 95.410 -175.9457
48.598141 95.282 -176.7349
48.950302 95.126 -177.1237
49.305016 94.972 -177.0718
49.662300 94.852 -176.6376
50.022175 94.785 -175.9675
50.384655 94.782 -175.2569
50.749763 94.833 -174.6933
51.117516 94.920 -174.4033
51.487934 95.016 -174.4244
51.861038 95.102 -174.7109
52.236843 95.163 -175.1651
52.615372 95.199 -175.6794
52.996643 95.214 -176.1727
53.380680 95.219 -176.6099
53.767498 95.220 -176.9980
54.157120 95.222 -177.3655
54.549564 95.223 -177.7376
54.944855 95.221 -178.1234
55.343006 95.213 -178.5161
55.744045 95.200 -178.9028
56.147991 95.180 -179.2723
56.554863 95.156 -179.6183
56.964684 95.129 -179.9374
57.377472 95.099 179.7730
57.793251 95.068 179.5150
58.212044 95.036 179.2892
58.633873 95.004 179.0942
59.058758 94.975 178.9263
59.486721 94.948 178.7796
59.917786 94.925 178.6470
60.351974 94.904 178.5217
60.789310 94.886 178.3982
61.229816 94.870 178.2737
61.673512 94.855 178.1481
62.120422 94.842 178.0225
62.570572 94.830 177.8994
63.023983 94.819 177.7803
63.480682 94.810 177.6654
63.940689 94.803 177.5526
64.404030 94.798 177.4370
64.870728 94.796 177.3136
65.340805 94.796 177.1773
65.814293 94.797 177.0240
66.291214 94.799 176.8494
66.771591 94.801 176.6498
67.255447 94.800 176.4238
67.742805 94.797 176.1749
68.233696 94.788 175.9140
68.728142 94.774 175.6560
69.226173 94.756 175.4160
69.727814 94.736 175.2030
70.233093 94.716 175.0171
70.742035 94.699 174.8501
71.254662 94.685 174.6902
71.771004 94.674 174.5268
72.291084 94.665 174.3548
72.814934 94.657 174.1740
73.342583 94.648 173.9863
73.874054 94.640 173.7936
74.409378 94.630 173.5980
74.948578 94.617 173.4034
75.491684 94.603 173.2154
76.038727 94.586 173.0387
76.589737 94.569 172.8738
77.144737 94.550 172.7169
77.703758 94.532 172.5621
78.266830 94.513 172.4037
78.833984 94.494 172.2388
79.405251 94.476 172.0670
79.980652 94.458 171.8888
80.560226 94.441 171.7053
81.143997 94.425 171.5179
81.732002 94.411 171.3286
82.324265 94.398 171.1396
82.920822 94.386 170.9542
83.521698 94.375 170.7773
84.126930 94.363 170.6165
84.736549 94.352 170.4766
85.350586 94.342 170.3533
85.969070 94.333 170.2344
86.592041 94.324 170.1072
87.219521 94.313 169.9654
87.851547 94.298 169.8081
88.488159 94.282 169.6355
89.129379 94.262 169.4474
89.775246 94.241 169.2451
90.425797 94.218 169.0312
91.081062 94.196 168.8094
91.741074 94.174 168.5844
92.405869 94.152 168.3623
93.075478 94.132 168.1495
93.749939 94.112 167.9508
94.429291 94.092 167.7688
95.113564 94.072 167.6040
95.802795 94.051 167.4545
96.497025 94.029 167.3166
97.196281 94.004 167.1849
97.900604 93.978 167.0534
98.610031 93.950 166.9163
99.324600 93.920 166.7714
100.044350 93.890 166.6204
100.769310 93.860 166.4674
101.499527 93.832 166.3162
102.235031 93.805 166.1696
102.975868 93.781 166.0306
103.722076 93.760 165.9016
104.473686 93.740 165.7831
105.230743 93.722 165.6727
105.993286 93.704 165.5634
106.761360 93.687 165.4467
107.534996 93.668 165.3167
108.314240 93.648 165.1724
109.099129 93.625 165.0162
109.889709 93.601 164.8513
110.686012 93.576 164.6794
111.488091 93.551 164.5017
112.295982 93.525 164.3200
113.109726 93.498 164.1378
113.929367 93.468 163.9595
114.754944 93.436 163.7891
115.586502 93.402 163.6300
116.424088 93.364 163.4849
117.267746 93.326 163.3563
118.117516 93.287 163.2460
118.973442 93.249 163.1552
119.835571 93.215 163.0825
120.703949 93.186 163.0212
121.578621 93.161 162.9634
122.459633 93.140 162.9052
123.347023 93.120 162.8483
124.240845 93.101 162.7955
125.141144 93.081 162.7462
126.047966 93.061 162.6964
126.961365 93.040 162.6391
127.881378 93.018 162.5670
128.808060 92.996 162.4757
129.741455 92.973 162.3665
130.681610 92.950 162.2442
131.628586 92.926 162.1143
132.582428 92.902 161.9814
133.543182 92.878 161.8493
134.510895 92.853 161.7208
135.485611 92.827 161.5976
136.467392 92.801 161.4789
137.456284 92.773 161.3628
138.452347 92.745 161.2480
139.455627 92.715 161.1353
140.466187 92.685 161.0266
141.484070 92.655 160.9223
142.509323 92.625 160.8218
143.542007 92.595 160.7239
144.582169 92.564 160.6270
145.629868 92.534 160.5286
146.685165 92.503 160.4274
147.748108 92.472 160.3231
148.818756 92.439 160.2178
149.897156 92.406 160.1163
150.983368 92.371 160.0250
152.077454 92.334 159.9496
153.179474 92.298 159.8922
154.289474 92.262 159.8504
155.407516 92.227 159.8183
156.533661 92.194 159.7888
157.667969 92.163 159.7556
158.810501 92.133 159.7144
159.961304 92.104 159.6628
161.120453 92.076 159.6011
162.287994 92.048 159.5311
163.464005 92.018 159.4541
164.648529 91.987 159.3708
165.841644 91.955 159.2824
167.043396 91.921 159.1920
168.253860 91.885 159.1055
169.473099 91.848 159.0308
170.701172 91.810 158.9763
171.938141 91.772 158.9454
173.184082 91.735 158.9337
174.439041 91.699 158.9320
175.703094 91.665 158.9312
176.976318 91.631 158.9258
178.258759 91.597 158.9145
179.550491 91.564 158.8981
180.851593 91.531 158.8784
182.162125 91.498 158.8562
183.482147 91.465 158.8319
184.811737 91.431 158.8053
186.150955 91.397 158.7764
187.499878 91.362 158.7454
188.858582 91.327 158.7132
190.227127 91.290 158.6817
191.605591 91.254 158.6533
192.994049 91.216 158.6301
194.392563 91.178 158.6135
195.801208 91.140 158.6040
197.220062 91.101 158.6018
198.649200 91.062 158.6074
200.088699 91.023 158.6210
201.538620 90.984 158.6423
202.999054 90.946 158.6691
204.470062 90.909 158.6981
205.951736 90.873 158.7259
207.444153 90.837 158.7505
208.947372 90.801 158.7723
210.461487 90.764 158.7938
211.986572 90.727 158.8185
213.522720 90.687 158.8509
215.069992 90.647 158.8957
216.628479 90.607 158.9568
218.198257 90.568 159.0351
219.779419 90.530 159.1275
221.372025 90.494 159.2278
222.976181 90.461 159.3292
224.591965 90.430 159.4269
226.219452 90.401 159.5188
227.858734 90.373 159.6045
229.509888 90.346 159.6841
231.173004 90.321 159.7579
232.848175 90.296 159.8257
234.535492 90.272 159.8864
236.235031 90.248 159.9377
237.946884 90.224 159.9774
239.671143 90.198 160.0047
241.407898 90.172 160.0209
243.157242 90.143 160.0299
244.919266 90.113 160.0370
246.694046 90.080 160.0480
248.481689 90.046 160.0684
250.282288 90.010 160.1031
252.095932 89.974 160.1548
253.922729 89.938 160.2216
255.762756 89.904 160.2971
257.616119 89.873 160.3715
259.482910 89.843 160.4356
261.363220 89.813 160.4854
263.257172 89.782 160.5232
265.164856 89.750 160.5561
267.086365 89.716 160.5923
269.021790 89.680 160.6385
270.971222 89.643 160.6985
272.934784 89.606 160.7730
274.912567 89.569 160.8599
276.904694 89.534 160.9566
278.911255 89.501 161.0602
280.932373 89.469 161.1682
282.968140 89.439 161.2765
285.018646 89.411 161.3795
287.084015 89.384 161.4700
289.164337 89.358 161.5422
291.259735 89.332 161.5948
293.370331 89.303 161.6328
295.496216 89.271 161.6659
297.637512 89.237 161.7037
299.794312 89.201 161.7527
301.966736 89.163 161.8150
304.154907 89.126 161.8893
306.358948 89.088 161.9725
308.578949 89.051 162.0609
310.815033 89.013 162.1517
313.067322 88.976 162.2435
315.335938 88.938 162.3376
317.621002 88.899 162.4377
319.922607 88.860 162.5483
322.240906 88.820 162.6714
324.575989 88.781 162.8056
326.928009 88.743 162.9476
329.297058 88.707 163.0937
331.683289 88.671 163.2405
334.086792 88.637 163.3855
336.507721 88.603 163.5267
338.946198 88.570 163.6638
341.402344 88.537 163.7978
343.876282 88.502 163.9315
346.368164 88.467 164.0680
348.878082 88.432 164.2094
351.406189 88.397 164.3564
353.952637 88.362 164.5090
356.517517 88.327 164.6665
359.100983 88.292 164.8280
361.703186 88.258 164.9924
364.324249 88.223 165.1589
366.964294 88.189 165.3278
369.623474 88.156 165.4995
372.301910 88.122 165.6748
374.999756 88.088 165.8536
377.717163 88.055 166.0353
380.454254 88.022 166.2194
383.211182 87.989 166.4058
385.988098 87.957 166.5948
388.785126 87.924 166.7867
391.602417 87.892 166.9822
394.440125 87.860 167.1815
397.298401 87.829 167.3841
400.177399 87.798 167.5889
403.077240 87.768 167.7939
405.998108 87.738 167.9974
408.940125 87.709 168.1986
411.903473 87.678 168.3991
414.888306 87.648 168.6027
417.894745 87.617 168.8132
420.922974 87.586 169.0336
423.973145 87.556 169.2646
427.045441 87.526 169.5046
430.139984 87.499 169.7497
433.256958 87.473 169.9951
436.396515 87.448 170.2380
439.558838 87.424 170.4779
442.744049 87.401 170.7145
445.952362 87.379 170.9453
449.183929 87.359 171.1655
452.438904 87.339 171.3698
455.717468 87.318 171.5553
459.019775 87.295 171.7262
462.346008 87.270 171.8930
465.696350 87.241 172.0673
469.070984 87.210 172.2565
472.470062 87.179 172.4625
475.893768 87.147 172.6823
479.342285 87.117 172.9103
482.815796 87.086 173.1408
486.314484 87.056 173.3718
489.838531 87.024 173.6076
493.388092 86.992 173.8558
496.963379 86.961 174.1205
500.564575 86.930 174.3986
504.191864 86.902 174.6822
507.845459 86.875 174.9641
511.525513 86.849 175.2410
515.232239 86.823 175.5137
518.965820 86.797 175.7859
522.726440 86.769 176.0624
526.514343 86.742 176.3478
530.329712 86.715 176.6443
534.172729 86.689 176.9496
538.043579 86.664 177.2590
541.942444 86.640 177.5698
545.869568 86.616 177.8830
549.825134 86.594 178.1998
553.809387 86.573 178.5188
557.822510 86.552 178.8367
561.864746 86.532 179.1514
565.936279 86.512 179.4630
570.037292 86.491 179.7740
574.168030 86.470 -179.9126
578.328674 86.448 -179.5946
582.519470 86.427 -179.2719
586.740662 86.405 -178.9442
590.992432 86.384 -178.6091
595.275024 86.363 -178.2642
599.588623 86.343 -177.9102
603.933472 86.324 -177.5519
608.309814 86.306 -177.1932
612.717896 86.289 -176.8352
617.157898 86.271 -176.4750
621.630066 86.253 -176.1067
626.134644 86.235 -175.7241
630.671875 86.218 -175.3256
635.242004 86.203 -174.9157
639.845215 86.191 -174.5010
644.481812 86.181 -174.0838
649.151978 86.173 -173.6634
653.856018 86.168 -173.2409
658.594116 86.165 -172.8230
663.366577 86.166 -172.4201
668.173584 86.167 -172.0402
673.015442 86.168 -171.6830
677.892395 86.168 -171.3406
682.804688 86.166 -171.0036
687.752563 86.161 -170.6646
692.736328 86.156 -170.3177
697.756165 86.149 -169.9581
702.812378 86.142 -169.5838
707.905273 86.136 -169.1973
713.035034 86.132 -168.8031
718.201965 86.128 -168.4055
723.406372 86.125 -168.0061
728.648499 86.123 -167.6045
733.928589 86.121 -167.1999
739.246948 86.121 -166.7910
744.603821 86.121 -166.3768
749.999512 86.122 -165.9567
755.434326 86.124 -165.5306
760.908508 86.127 -165.0989
766.422363 86.131 -164.6623
771.976196 86.136 -164.2213
777.570251 86.143 -163.7771
783.204834 86.151 -163.3301
788.880249 86.161 -162.8793
794.596802 86.171 -162.4219
800.354797 86.184 -161.9554
806.154480 86.200 -161.4813
811.996216 86.219 -161.0055
817.880249 86.243 -160.5369
823.806946 86.269 -160.0854
829.776611 86.298 -159.6595
835.789490 86.328 -159.2617
841.845947 86.356 -158.8851
847.946289 86.383 -158.5190
854.090881 86.407 -158.1545
860.279968 86.431 -157.7874
866.513916 86.454 -157.4146
872.793030 86.477 -157.0331
879.117676 86.501 -156.6434
885.488098 86.527 -156.2500
891.904724 86.554 -155.8566
898.367859 86.582 -155.4637
904.877808 86.611 -155.0690
911.434937 86.641 -154.6714
918.039551 86.673 -154.2725
924.692017 86.707 -153.8750
931.392700 86.743 -153.4822
938.141968 86.781 -153.0979
944.940125 86.820 -152.7242
951.787537 86.860 -152.3600
958.684570 86.900 -152.0031
965.631592 86.940 -151.6508
972.628967 86.981 -151.3009
979.677063 87.022 -150.9530
986.776184 87.064 -150.6076
993.926758 87.107 -150.2633
1001.129150 87.150 -149.9153
1008.383728 87.195 -149.5599
1015.690918 87.242 -149.1983
1023.051025 87.293 -148.8357
1030.464478 87.348 -148.4803
1037.931641 87.407 -148.1438
1045.452881 87.469 -147.8387
1053.028687 87.532 -147.5705
1060.659424 87.595 -147.3353
1068.345459 87.655 -147.1242
1076.087158 87.713 -146.9277
1083.884888 87.770 -146.7391
1091.739136 87.826 -146.5562
1099.650269 87.880 -146.3791
1107.618774 87.935 -146.2074
1115.645020 87.988 -146.0401
1123.729492 88.041 -145.8760
1131.872559 88.093 -145.7137
1140.074585 88.145 -145.5526
1148.336060 88.196 -145.3919
1156.657349 88.248 -145.2309
1165.038940 88.300 -145.0685
1173.481323 88.353 -144.9033
1181.984863 88.407 -144.7361
1190.550049 88.464 -144.5729
1199.177246 88.524 -144.4245
1207.866943 88.586 -144.3021
1216.619629 88.649 -144.2111
1225.435791 88.709 -144.1477
1234.315796 88.767 -144.1032
1243.260132 88.822 -144.0685
1252.269287 88.874 -144.0355
1261.343750 88.924 -143.9998
1270.484009 88.972 -143.9600
1279.690430 89.021 -143.9148
1288.963623 89.069 -143.8635
1298.303955 89.117 -143.8080
1307.712036 89.167 -143.7529
1317.188232 89.219 -143.7046
1326.733154 89.271 -143.6678
1336.347168 89.322 -143.6441
1346.030884 89.373 -143.6317
1355.784790 89.423 -143.6268
1365.609375 89.472 -143.6246
1375.505127 89.519 -143.6193
1385.472656 89.566 -143.6048
1395.512329 89.613 -143.5788
1405.624756 89.663 -143.5457
1415.810547 89.716 -143.5161
1426.070068 89.771 -143.5037
1436.403931 89.828 -143.5174
1446.812744 89.885 -143.5576
1457.296997 89.941 -143.6191
1467.857178 89.995 -143.6960
1478.493896 90.047 -143.7840
1489.207642 90.098 -143.8797
1499.999023 90.147 -143.9800
1510.868652 90.194 -144.0822
1521.817017 90.240 -144.1837
1532.844727 90.286 -144.2822
1543.952393 90.331 -144.3760
1555.140503 90.378 -144.4649
1566.409668 90.428 -144.5529
1577.760498 90.480 -144.6504
1589.193604 90.534 -144.7713
1600.709595 90.590 -144.9249
1612.308960 90.644 -145.1123
1623.992432 90.697 -145.3286
1635.760498 90.746 -145.5666
1647.613892 90.792 -145.8200
1659.553223 90.835 -146.0839
1671.578979 90.876 -146.3546
1683.691895 90.914 -146.6310
1695.892578 90.951 -146.9143
1708.181763 90.985 -147.2063
1720.559937 91.017 -147.5062
1733.027832 91.046 -147.8105
1745.586060 91.072 -148.1140
1758.235352 91.095 -148.4098
1770.976196 91.116 -148.6922
1783.809448 91.137 -148.9616
1796.735718 91.160 -149.2263
1809.755615 91.185 -149.4999
1822.869873 91.210 -149.7930
1836.079102 91.234 -150.1092
1849.384033 91.256 -150.4470
1862.785400 91.275 -150.8024
1876.283936 91.290 -151.1705
1889.880249 91.302 -151.5448
1903.575073 91.310 -151.9186
1917.369141 91.314 -152.2855
1931.263184 91.316 -152.6408
1945.257935 91.317 -152.9844
1959.354126 91.318 -153.3237
1973.552368 91.319 -153.6709
1987.853516 91.319 -154.0356
2002.258301 91.317 -154.4202
2016.767456 91.310 -154.8210
2031.381836 91.299 -155.2313
2046.102051 91.283 -155.6435
2060.928955 91.262 -156.0513
2075.863281 91.236 -156.4510
2090.905762 91.206 -156.8403
2106.057373 91.170 -157.2158
2121.318848 91.129 -157.5709
2136.690918 91.084 -157.8964
2152.174316 91.034 -158.1826
2167.769775 90.982 -158.4243
2183.478271 90.929 -158.6250
2199.300537 90.877 -158.7928
2215.237549 90.826 -158.9335
2231.290039 90.774 -159.0474
2247.458984 90.722 -159.1310
2263.745117 90.671 -159.1781
2280.149170 90.622 -159.1827
2296.672119 90.576 -159.1407
2313.314697 90.537 -159.0541
2330.077881 90.507 -158.9349
2346.962646 90.488 -158.8081
2363.969727 90.481 -158.7056
2381.100098 90.483 -158.6561
2398.354492 90.490 -158.6781
2415.733887 90.500 -158.7786
2433.239258 90.507 -158.9543
2450.871582 90.510 -159.1953
2468.631592 90.505 -159.4883
2486.520264 90.490 -159.8169
2504.538574 90.465 -160.1615
2522.687500 90.430 -160.4996
2540.968018 90.385 -160.8108
2559.380859 90.334 -161.0826
2577.927246 90.278 -161.3132
2596.607910 90.220 -161.5063
2615.424072 90.159 -161.6653
2634.376465 90.096 -161.7913
2653.466309 90.032 -161.8816
2672.694336 89.967 -161.9306
2692.061768 89.901 -161.9326
2711.569580 89.839 -161.8871
2731.218750 89.782 -161.8033
2751.010254 89.731 -161.6996
2770.945312 89.687 -161.5955
2791.024658 89.649 -161.5070
2811.249512 89.614 -161.4435
2831.621094 89.580 -161.4083
2852.140137 89.546 -161.4005
2872.807861 89.510 -161.4143
2893.625488 89.469 -161.4388
2914.593994 89.425 -161.4590
2935.714355 89.378 -161.4617
2956.987793 89.330 -161.4433
2978.415283 89.283 -161.4088
2999.998047 89.236 -161.3674
3021.737305 89.191 -161.3272
3043.634033 89.144 -161.2907
3065.689453 89.097 -161.2537
3087.904785 89.047 -161.2083
3110.281006 88.997 -161.1490
3132.819336 88.947 -161.0773
3155.520996 88.898 -160.9987
3178.387207 88.849 -160.9185
3201.419189 88.799 -160.8394
3224.617920 88.749 -160.7626
3247.984863 88.697 -160.6884
3271.520996 88.642 -160.6145
3295.227783 88.583 -160.5332
3319.106445 88.521 -160.4336
3343.157959 88.457 -160.3082
3367.383789 88.390 -160.1543
3391.785156 88.321 -159.9711
3416.363525 88.251 -159.7550
3441.119873 88.179 -159.4972
3466.055664 88.107 -159.1846
3491.172119 88.036 -158.8067
3516.470703 87.971 -158.3639
3541.952393 87.913 -157.8688
3567.618896 87.866 -157.3416
3593.471436 87.830 -156.8049
3619.511230 87.803 -156.2807
3645.739746 87.785 -155.7861
3672.158203 87.772 -155.3287
3698.768066 87.763 -154.9057
3725.570801 87.756 -154.5111
3752.567871 87.750 -154.1419
3779.760498 87.745 -153.7981
3807.150146 87.740 -153.4785
3834.738281 87.733 -153.1765
3862.526367 87.724 -152.8790
3890.515869 87.714 -152.5733
3918.708252 87.704 -152.2536
3947.104736 87.696 -151.9213
3975.707031 87.691 -151.5827
4004.516602 87.690 -151.2469
4033.534912 87.692 -150.9225
4062.763672 87.696 -150.6134
4092.204102 87.701 -150.3168
4121.857910 87.707 -150.0289
4151.726562 87.715 -149.7502
4181.811523 87.724 -149.4844
4212.114746 87.734 -149.2340
4242.637695 87.745 -148.9957
4273.381836 87.756 -148.7636
4304.348633 87.769 -148.5356
4335.539551 87.785 -148.3160
4366.956543 87.805 -148.1150
4398.601074 87.828 -147.9461
4430.475098 87.854 -147.8215
4462.580078 87.879 -147.7457
4494.917969 87.902 -147.7159
4527.490234 87.921 -147.7272
4560.298340 87.936 -147.7757
4593.344238 87.944 -147.8565
4626.629395 87.946 -147.9590
4660.155762 87.939 -148.0676
4693.925293 87.925 -148.1678
4727.939453 87.906 -148.2505
4762.200195 87.883 -148.3141
4796.708984 87.857 -148.3628
4831.467773 87.829 -148.4027
4866.478516 87.797 -148.4351
4901.743164 87.762 -148.4576
4937.263184 87.723 -148.4687
4973.040527 87.680 -148.4682
5009.077148 87.633 -148.4526
5045.375000 87.580 -148.4119
5081.936035 87.522 -148.3340
5118.761719 87.461 -148.2095
5155.854492 87.399 -148.0356
5193.215820 87.338 -147.8175
5230.848145 87.278 -147.5638
5268.752930 87.220 -147.2807
5306.932617 87.164 -146.9728
5345.388672 87.109 -146.6457
5384.123535 87.055 -146.3039
5423.139160 87.000 -145.9454
5462.437500 86.944 -145.5611
5502.020508 86.886 -145.1397
5541.890625 86.830 -144.6734
5582.049316 86.775 -144.1616
5622.499023 86.724 -143.6095
5663.242188 86.678 -143.0228
5704.280273 86.635 -142.4077
5745.615723 86.598 -141.7722
5787.250977 86.564 -141.1229
5829.187988 86.534 -140.4603
5871.428711 86.506 -139.7774
5913.975586 86.480 -139.0650
5956.830566 86.458 -138.3167
5999.996094 86.440 -137.5329
6043.474609 86.429 -136.7175
6087.268066 86.425 -135.8762
6131.378906 86.428 -135.0173
6175.809570 86.437 -134.1493
6220.562012 86.453 -133.2761
6265.638672 86.475 -132.3940
6311.041992 86.501 -131.4947
6356.774414 86.534 -130.5700
6402.838379 86.573 -129.6154
6449.235840 86.622 -128.6295
6495.969727 86.681 -127.6146
6543.041992 86.752 -126.5776
6590.455566 86.836 -125.5278
6638.212891 86.935 -124.4738
6686.315918 87.048 -123.4220
6734.767578 87.179 -122.3801
6783.570312 87.326 -121.3598
6832.727051 87.492 -120.3763
6882.239746 87.678 -119.4487
6932.111328 87.882 -118.5993
6982.344238 88.103 -117.8501
7032.941406 88.341 -117.2179
7083.904785 88.592 -116.7134
7135.237793 88.855 -116.3447
7186.942871 89.129 -116.1207
7239.022461 89.412 -116.0526
7291.479492 89.704 -116.1552
7344.316406 90.000 -116.4461
7397.536133 90.298 -116.9402
7451.141602 90.592 -117.6444
7505.135742 90.877 -118.5565
7559.520996 91.150 -119.6685
7614.300293 91.408 -120.9678
7669.476562 91.645 -122.4400
7725.052734 91.861 -124.0705
7781.031738 92.050 -125.8426
7837.416504 92.210 -127.7322
7894.209473 92.338 -129.7047
7951.414062 92.432 -131.7197
8009.033203 92.495 -133.7339
8067.069824 92.528 -135.7085
8125.527344 92.536 -137.6163
8184.408203 92.525 -139.4438
8243.715820 92.498 -141.1873
8303.453125 92.459 -142.8484
8363.623047 92.410 -144.4313
8424.229492 92.353 -145.9406
8485.275391 92.290 -147.3815
8546.763672 92.222 -148.7603
8608.697266 92.148 -150.0805
8671.079102 92.069 -151.3379
8733.913086 91.986 -152.5206
8797.202148 91.902 -153.6148
8860.950195 91.822 -154.6146
8925.160156 91.752 -155.5344
8989.835938 91.699 -156.4127
9054.980469 91.664 -157.3042
9120.596680 91.647 -158.2662
9186.688477 91.642 -159.3455
9253.258789 91.643 -160.5712
9320.311523 91.641 -161.9561
9387.850586 91.630 -163.5001
9455.878906 91.599 -165.1894
9524.400391 91.542 -166.9911
9593.417969 91.452 -168.8505
9662.935547 91.324 -170.6940
9732.957031 91.162 -172.4434
9803.486328 90.972 -174.0384
9874.526367 90.766 -175.4525
9946.081055 90.555 -176.6994
10018.154297 90.348 -177.8214
10090.750000 90.148 -178.8689
10163.872070 89.953 -179.8844
10237.523438 89.761 179.1064
10311.708984 89.566 178.0975
10386.431641 89.364 177.1006
10461.696289 89.151 176.1414
10537.505859 88.928 175.2485
10613.865234 88.698 174.4421
10690.777344 88.463 173.7266
10768.247070 88.227 173.0936
10846.278320 87.990 172.5305
10924.875000 87.753 172.0274
11004.041016 87.515 171.5787
11083.781250 87.274 171.1832
11164.098633 87.027 170.8466
11244.998047 86.773 170.5895
11326.484375 86.508 170.4484
11408.560547 86.235 170.4694
11491.231445 85.959 170.6949
11574.501953 85.686 171.1542
11658.375977 85.427 171.8575
11742.857422 85.192 172.7924
11827.951172 84.992 173.9188
11913.661133 84.836 175.1671
11999.992188 84.729 176.4469
12086.949219 84.672 177.6660
12174.536133 84.658 178.7462
12262.757812 84.681 179.6279
12351.619141 84.732 -179.7315
12441.124023 84.801 -179.3576
12531.277344 84.877 -179.2553
12622.083984 84.950 -179.4107
12713.548828 85.013 -179.7964
12805.676758 85.057 179.6243
12898.471680 85.078 178.9012
12991.939453 85.071 178.0999
13086.083984 85.037 177.2957
13180.911133 84.982 176.5578
13276.425781 84.917 175.9323
13372.631836 84.858 175.4233
13469.535156 84.819 174.9816
13567.140625 84.809 174.5055
13665.454102 84.827 173.8666
13764.479492 84.861 172.9551
13864.222656 84.893 171.7186
13964.688477 84.901 170.1731
14065.882812 84.869 168.3879
14167.809570 84.788 166.4594
14270.475586 84.655 164.4875
14373.885742 84.473 162.5565
14478.044922 84.248 160.7243
14582.958984 83.987 159.0254
14688.632812 83.693 157.4825
14795.072266 83.368 156.1205
14902.283203 83.009 154.9872
15010.271484 82.613 154.1807
15119.041992 82.181 153.8705
15228.600586 81.730 154.2864
15338.953125 81.297 155.6616
15450.105469 80.945 158.1210
15562.063477 80.753 161.5401
15674.833008 80.788 165.4660
15788.418945 81.077 169.2178
15902.828125 81.592 172.1407
16018.066406 82.268 173.8098
16134.139648 83.037 174.0566
16251.054688 83.835 172.8828
16368.816406 84.613 170.3749
16487.431641 85.334 166.6554
16606.906250 85.967 161.8602
16727.246094 86.488 156.1318
16848.458984 86.877 149.6179
16970.550781 87.114 142.4758
17093.527344 87.178 134.8882
17217.394531 87.052 127.0831
17342.158203 86.724 119.3348
17467.826172 86.195 111.9374
17594.404297 85.481 105.1613
17721.900391 84.609 99.2118
17850.320312 83.615 94.2042
17979.671875 82.539 90.1667
18109.960938 81.419 87.0589
18241.193359 80.287 84.7910
18373.376953 79.172 83.2413
18506.517578 78.093 82.2733
18640.623047 77.062 81.7508
18775.701172 76.084 81.5485
18911.757812 75.157 81.5609
19048.800781 74.277 81.7045
19186.835938 73.434 81.9191
19325.871094 72.624 82.1713
19465.914062 71.844 82.4543
19606.972656 71.111 82.7753
19749.052734 70.462 83.1270
19892.162109 69.962 83.4568
20036.308594 69.685 83.6656
