* Measurement data measured by REW V5.30.5
* Source: EXCL: Microphone (Realtek(R) Audio), MICROPHONE (Master Volume), L, volume: 1.000
* Format: 256k Log Swept Sine, 1 sweep at -16.0 dBFS with no timing reference
* Dated: Feb 1, 2024 11:19:06 AM
* REW Settings:
*  C-weighting compensation: Off
*  Target level: 75.0 dB
* Note: Simgot EA500LM Black L
* Measurement: L Feb 1 black
* Smoothing: 1/12 octave
* Frequency Step: 96 ppo
* Start Frequency: 0.36621094 Hz
*
* Freq(Hz) SPL(dB) Phase(degrees)
0.366211 92.591 -22.8972
0.368865 92.585 -22.9184
0.371538 92.577 -22.9502
0.374230 92.567 -22.9902
0.376942 92.556 -23.0364
0.379673 92.544 -23.0872
0.382424 92.532 -23.1417
0.385196 92.519 -23.1993
0.387987 92.506 -23.2596
0.390798 92.492 -23.3224
0.393630 92.479 -23.3878
0.396483 92.465 -23.4555
0.399356 92.452 -23.5257
0.402250 92.438 -23.5982
0.405165 92.424 -23.6733
0.408101 92.410 -23.7508
0.411058 92.396 -23.8307
0.414037 92.382 -23.9132
0.417037 92.367 -23.9981
0.420059 92.353 -24.0856
0.423103 92.338 -24.1757
0.426169 92.324 -24.2684
0.429257 92.309 -24.3636
0.432367 92.294 -24.4615
0.435501 92.279 -24.5619
0.438656 92.264 -24.6651
0.441835 92.249 -24.7709
0.445037 92.234 -24.8794
0.448262 92.219 -24.9906
0.451510 92.203 -25.1045
0.454782 92.188 -25.2211
0.458077 92.172 -25.3405
0.461397 92.156 -25.4627
0.464740 92.140 -25.5876
0.468108 92.124 -25.7152
0.471500 92.108 -25.8457
0.474917 92.092 -25.9789
0.478358 92.075 -26.1150
0.481825 92.059 -26.2538
0.485316 92.042 -26.3955
0.488833 92.026 -26.5400
0.492375 92.009 -26.6872
0.495943 91.992 -26.8373
0.499537 91.975 -26.9902
0.503157 91.957 -27.1459
0.506803 91.940 -27.3043
0.510475 91.923 -27.4656
0.514174 91.905 -27.6296
0.517900 91.887 -27.7964
0.521653 91.869 -27.9659
0.525433 91.851 -28.1382
0.529241 91.833 -28.3131
0.533076 91.815 -28.4907
0.536939 91.797 -28.6710
0.540830 91.778 -28.8539
0.544749 91.759 -29.0393
0.548696 91.741 -29.2274
0.552673 91.722 -29.4179
0.556677 91.703 -29.6109
0.560711 91.683 -29.8062
0.564774 91.664 -30.0040
0.568867 91.645 -30.2040
0.572989 91.625 -30.4063
0.577141 91.605 -30.6108
0.581324 91.585 -30.8174
0.585536 91.565 -31.0259
0.589779 91.545 -31.2365
0.594053 91.525 -31.4489
0.598358 91.504 -31.6630
0.602694 91.483 -31.8788
0.607061 91.463 -32.0962
0.611460 91.442 -32.3151
0.615891 91.421 -32.5352
0.620354 91.399 -32.7566
0.624849 91.378 -32.9790
0.629377 91.356 -33.2024
0.633938 91.335 -33.4265
0.638532 91.313 -33.6512
0.643159 91.291 -33.8764
0.647819 91.269 -34.1019
0.652514 91.246 -34.3275
0.657242 91.224 -34.5530
0.662005 91.201 -34.7782
0.666802 91.178 -35.0029
0.671634 91.155 -35.2268
0.676501 91.132 -35.4497
0.681403 91.109 -35.6714
0.686341 91.085 -35.8917
0.691314 91.062 -36.1102
0.696324 91.038 -36.3267
0.701369 91.013 -36.5410
0.706452 90.989 -36.7528
0.711571 90.964 -36.9620
0.716727 90.938 -37.1686
0.721921 90.911 -37.3727
0.727153 90.883 -37.5747
0.732422 90.853 -37.7753
0.737729 90.820 -37.9753
0.743075 90.786 -38.1758
0.748460 90.750 -38.3775
0.753883 90.712 -38.5811
0.759346 90.674 -38.7871
0.764849 90.634 -38.9956
0.770391 90.593 -39.2069
0.775974 90.551 -39.4210
0.781597 90.508 -39.6379
0.787261 90.465 -39.8577
0.792965 90.421 -40.0804
0.798712 90.376 -40.3059
0.804499 90.330 -40.5342
0.810329 90.283 -40.7652
0.816201 90.236 -40.9989
0.822116 90.187 -41.2353
0.828073 90.138 -41.4742
0.834073 90.088 -41.7157
0.840118 90.038 -41.9596
0.846205 89.986 -42.2058
0.852337 89.934 -42.4542
0.858514 89.881 -42.7047
0.864735 89.827 -42.9571
0.871001 89.772 -43.2114
0.877313 89.716 -43.4673
0.883670 89.660 -43.7247
0.890074 89.603 -43.9835
0.896523 89.545 -44.2432
0.903020 89.486 -44.5039
0.909564 89.427 -44.7651
0.916155 89.366 -45.0267
0.922793 89.305 -45.2883
0.929480 89.243 -45.5497
0.936216 89.181 -45.8104
0.943000 89.117 -46.0701
0.949833 89.053 -46.3284
0.956716 88.989 -46.5849
0.963649 88.923 -46.8391
0.970632 88.857 -47.0904
0.977666 88.790 -47.3385
0.984750 88.722 -47.5826
0.991886 88.654 -47.8221
0.999074 88.585 -48.0565
1.006313 88.515 -48.2849
1.013605 88.445 -48.5067
1.020950 88.374 -48.7209
1.028349 88.303 -48.9269
1.035801 88.230 -49.1235
1.043306 88.158 -49.3099
1.050867 88.085 -49.4851
1.058482 88.011 -49.6479
1.066152 87.936 -49.7973
1.073878 87.861 -49.9321
1.081659 87.785 -50.0511
1.089498 87.708 -50.1533
1.097393 87.629 -50.2377
1.105345 87.548 -50.3033
1.113355 87.465 -50.3493
1.121422 87.380 -50.3752
1.129549 87.291 -50.3803
1.137734 87.200 -50.3641
1.145978 87.105 -50.3260
1.154283 87.008 -50.2654
1.162647 86.907 -50.1819
1.171072 86.804 -50.0749
1.179558 86.699 -49.9438
1.188106 86.591 -49.7880
1.196715 86.481 -49.6069
1.205387 86.369 -49.3999
1.214122 86.256 -49.1663
1.222920 86.141 -48.9057
1.231781 86.025 -48.6173
1.240708 85.909 -48.3005
1.249698 85.791 -47.9549
1.258754 85.674 -47.5799
1.267875 85.557 -47.1751
1.277063 85.440 -46.7399
1.286317 85.324 -46.2742
1.295638 85.208 -45.7776
1.305027 85.095 -45.2501
1.314484 84.983 -44.6918
1.324009 84.874 -44.1027
1.333603 84.767 -43.4833
1.343267 84.664 -42.8342
1.353001 84.564 -42.1562
1.362805 84.468 -41.4505
1.372681 84.377 -40.7183
1.382628 84.291 -39.9614
1.392647 84.211 -39.1816
1.402739 84.137 -38.3812
1.412904 84.069 -37.5622
1.423142 84.010 -36.7269
1.433455 83.957 -35.8770
1.443842 83.914 -35.0133
1.454305 83.879 -34.1357
1.464843 83.852 -33.2423
1.475458 83.835 -32.3301
1.486150 83.826 -31.3961
1.496919 83.826 -30.4381
1.507766 83.834 -29.4554
1.518692 83.851 -28.4489
1.529697 83.876 -27.4207
1.540782 83.908 -26.3738
1.551947 83.948 -25.3118
1.563193 83.995 -24.2389
1.574521 84.050 -23.1595
1.585931 84.111 -22.0781
1.597423 84.179 -20.9996
1.608998 84.253 -19.9285
1.620658 84.333 -18.8696
1.632402 84.418 -17.8273
1.644231 84.509 -16.8061
1.656146 84.605 -15.8102
1.668147 84.706 -14.8434
1.680235 84.810 -13.9094
1.692410 84.919 -13.0116
1.704674 85.030 -12.1531
1.717027 85.145 -11.3366
1.729469 85.262 -10.5646
1.742002 85.381 -9.8392
1.754625 85.501 -9.1620
1.767340 85.623 -8.5345
1.780147 85.746 -7.9573
1.793046 85.870 -7.4306
1.806040 85.994 -6.9538
1.819127 86.120 -6.5254
1.832309 86.249 -6.1428
1.845587 86.380 -5.8031
1.858961 86.515 -5.5030
1.872431 86.656 -5.2400
1.886000 86.801 -5.0120
1.899666 86.952 -4.8175
1.913432 87.107 -4.6557
1.927298 87.268 -4.5254
1.941264 87.433 -4.4262
1.955331 87.602 -4.3572
1.969500 87.775 -4.3179
1.983772 87.950 -4.3076
1.998147 88.129 -4.3257
2.012626 88.309 -4.3716
2.027211 88.490 -4.4449
2.041901 88.673 -4.5449
2.056697 88.855 -4.6712
2.071601 89.037 -4.8235
2.086613 89.217 -5.0014
2.101733 89.396 -5.2048
2.116963 89.572 -5.4335
2.132303 89.745 -5.6876
2.147755 89.914 -5.9672
2.163318 90.080 -6.2726
2.178995 90.241 -6.6042
2.194785 90.398 -6.9624
2.210689 90.551 -7.3475
2.226709 90.701 -7.7593
2.242844 90.847 -8.1970
2.259097 90.991 -8.6596
2.275467 91.133 -9.1453
2.291956 91.272 -9.6524
2.308565 91.409 -10.1789
2.325294 91.544 -10.7229
2.342144 91.678 -11.2825
2.359116 91.809 -11.8560
2.376211 91.938 -12.4416
2.393430 92.065 -13.0379
2.410774 92.191 -13.6433
2.428243 92.315 -14.2568
2.445839 92.438 -14.8771
2.463562 92.558 -15.5034
2.481415 92.678 -16.1353
2.499396 92.795 -16.7726
2.517508 92.911 -17.4157
2.535750 93.026 -18.0657
2.554126 93.139 -18.7245
2.572634 93.249 -19.3945
2.591276 93.358 -20.0779
2.610054 93.465 -20.7764
2.628967 93.569 -21.4906
2.648018 93.671 -22.2201
2.667206 93.770 -22.9635
2.686534 93.867 -23.7191
2.706002 93.962 -24.4847
2.725610 94.055 -25.2580
2.745361 94.145 -26.0368
2.765255 94.234 -26.8185
2.785294 94.321 -27.6011
2.805477 94.407 -28.3822
2.825807 94.490 -29.1600
2.846284 94.573 -29.9330
2.866909 94.654 -30.7002
2.887684 94.734 -31.4613
2.908609 94.812 -32.2172
2.929686 94.888 -32.9695
2.950916 94.963 -33.7211
2.972299 95.036 -34.4744
2.993838 95.107 -35.2312
3.015532 95.176 -35.9925
3.037384 95.243 -36.7581
3.059394 95.308 -37.5269
3.081564 95.371 -38.2977
3.103894 95.432 -39.0686
3.126386 95.491 -39.8377
3.149041 95.550 -40.6027
3.171861 95.607 -41.3616
3.194845 95.662 -42.1123
3.217996 95.717 -42.8532
3.241315 95.771 -43.5829
3.264803 95.824 -44.3010
3.288461 95.876 -45.0078
3.312291 95.927 -45.7046
3.336293 95.977 -46.3933
3.360469 96.025 -47.0752
3.384820 96.072 -47.7515
3.409348 96.117 -48.4224
3.434054 96.161 -49.0878
3.458938 96.205 -49.7468
3.484003 96.247 -50.3984
3.509250 96.289 -51.0412
3.534679 96.330 -51.6738
3.560293 96.372 -52.2945
3.586092 96.414 -52.9017
3.612079 96.456 -53.4941
3.638253 96.498 -54.0705
3.664618 96.541 -54.6304
3.691173 96.584 -55.1738
3.717921 96.627 -55.7011
3.744862 96.670 -56.2133
3.771999 96.713 -56.7114
3.799332 96.757 -57.1965
3.826864 96.801 -57.6697
3.854595 96.846 -58.1319
3.882527 96.891 -58.5842
3.910661 96.938 -59.0270
3.938999 96.987 -59.4609
3.967543 97.037 -59.8859
3.996294 97.089 -60.3018
4.025252 97.143 -60.7078
4.054421 97.199 -61.1031
4.083801 97.257 -61.4873
4.113394 97.317 -61.8605
4.143201 97.379 -62.2236
4.173225 97.443 -62.5781
4.203466 97.508 -62.9261
4.233926 97.576 -63.2698
4.264606 97.645 -63.6115
4.295509 97.716 -63.9531
4.326636 97.790 -64.2963
4.357989 97.865 -64.6420
4.389569 97.943 -64.9903
4.421378 98.023 -65.3406
4.453417 98.105 -65.6924
4.485688 98.190 -66.0453
4.518193 98.276 -66.3998
4.550934 98.365 -66.7569
4.583912 98.455 -67.1181
4.617129 98.547 -67.4851
4.650587 98.639 -67.8598
4.684287 98.733 -68.2438
4.718231 98.827 -68.6384
4.752421 98.922 -69.0442
4.786859 99.018 -69.4614
4.821547 99.114 -69.8893
4.856485 99.211 -70.3274
4.891677 99.309 -70.7749
4.927125 99.406 -71.2313
4.962829 99.504 -71.6962
4.998791 99.602 -72.1693
5.035015 99.699 -72.6509
5.071500 99.795 -73.1412
5.108251 99.890 -73.6404
5.145267 99.985 -74.1490
5.182552 100.078 -74.6670
5.220107 100.170 -75.1938
5.257934 100.260 -75.7285
5.296035 100.350 -76.2694
5.334412 100.438 -76.8149
5.373067 100.525 -77.3633
5.412003 100.610 -77.9133
5.451221 100.693 -78.4641
5.490722 100.774 -79.0154
5.530510 100.854 -79.5675
5.570587 100.931 -80.1204
5.610953 101.007 -80.6736
5.651613 101.080 -81.2260
5.692567 101.152 -81.7760
5.733818 101.223 -82.3217
5.775367 101.291 -82.8615
5.817218 101.358 -83.3939
5.859372 101.424 -83.9183
5.901831 101.488 -84.4347
5.944598 101.550 -84.9429
5.987675 101.611 -85.4432
6.031065 101.670 -85.9350
6.074768 101.729 -86.4177
6.118788 101.787 -86.8903
6.163127 101.844 -87.3519
6.207788 101.900 -87.8020
6.252772 101.956 -88.2400
6.298082 102.012 -88.6663
6.343721 102.067 -89.0812
6.389690 102.123 -89.4854
6.435992 102.178 -89.8798
6.482630 102.233 -90.2648
6.529606 102.290 -90.6410
6.576922 102.346 -91.0089
6.624581 102.403 -91.3685
6.672585 102.462 -91.7205
6.720938 102.520 -92.0655
6.769640 102.580 -92.4049
6.818696 102.641 -92.7401
6.868107 102.702 -93.0727
6.917876 102.764 -93.4038
6.968006 102.827 -93.7345
7.018499 102.891 -94.0652
7.069358 102.956 -94.3966
7.120586 103.021 -94.7294
7.172184 103.087 -95.0647
7.224157 103.154 -95.4036
7.276506 103.221 -95.7472
7.329235 103.287 -96.0961
7.382345 103.354 -96.4508
7.435841 103.421 -96.8115
7.489724 103.488 -97.1780
7.543997 103.554 -97.5504
7.598664 103.620 -97.9285
7.653728 103.685 -98.3125
7.709189 103.749 -98.7023
7.765053 103.812 -99.0976
7.821322 103.875 -99.4982
7.877998 103.935 -99.9031
7.935086 103.995 -100.3116
7.992587 104.053 -100.7228
8.050504 104.110 -101.1360
8.108841 104.166 -101.5506
8.167601 104.220 -101.9663
8.226787 104.273 -102.3821
8.286402 104.324 -102.7974
8.346449 104.374 -103.2111
8.406931 104.422 -103.6224
8.467851 104.470 -104.0309
8.529212 104.516 -104.4361
8.591018 104.562 -104.8378
8.653272 104.606 -105.2358
8.715977 104.650 -105.6297
8.779137 104.692 -106.0194
8.842754 104.735 -106.4046
8.906833 104.777 -106.7857
8.971375 104.819 -107.1630
9.036386 104.860 -107.5369
9.101867 104.901 -107.9078
9.167823 104.943 -108.2763
9.234257 104.984 -108.6429
9.301172 105.026 -109.0080
9.368572 105.067 -109.3726
9.436460 105.109 -109.7373
9.504841 105.151 -110.1030
9.573717 105.193 -110.4703
9.643092 105.235 -110.8397
9.712970 105.277 -111.2119
9.783354 105.320 -111.5873
9.854248 105.362 -111.9665
9.925656 105.404 -112.3498
9.997581 105.445 -112.7376
10.070028 105.487 -113.1299
10.143000 105.528 -113.5266
10.216500 105.568 -113.9278
10.290533 105.608 -114.3332
10.365103 105.647 -114.7427
10.440212 105.686 -115.1558
10.515866 105.723 -115.5720
10.592069 105.760 -115.9907
10.668823 105.796 -116.4114
10.746134 105.831 -116.8336
10.824005 105.865 -117.2565
10.902440 105.899 -117.6795
10.981443 105.931 -118.1018
11.061020 105.963 -118.5230
11.141172 105.994 -118.9424
11.221906 106.024 -119.3596
11.303225 106.054 -119.7741
11.385133 106.084 -120.1854
11.467634 106.113 -120.5936
11.550734 106.142 -120.9983
11.634435 106.171 -121.3995
11.718742 106.200 -121.7975
11.803661 106.230 -122.1923
11.889195 106.259 -122.5844
11.975349 106.289 -122.9740
12.062128 106.319 -123.3618
12.149535 106.350 -123.7484
12.237576 106.381 -124.1343
12.326254 106.413 -124.5201
12.415575 106.445 -124.9066
12.505544 106.478 -125.2944
12.596164 106.511 -125.6841
12.687441 106.545 -126.0761
12.779379 106.578 -126.4709
12.871984 106.612 -126.8689
12.965260 106.646 -127.2701
13.059211 106.680 -127.6747
13.153843 106.714 -128.0826
13.249161 106.748 -128.4936
13.345170 106.781 -128.9075
13.441875 106.814 -129.3239
13.539280 106.846 -129.7422
13.637391 106.877 -130.1619
13.736214 106.908 -130.5826
13.835752 106.938 -131.0035
13.936011 106.967 -131.4242
14.036998 106.995 -131.8439
14.138716 107.023 -132.2621
14.241171 107.049 -132.6783
14.344368 107.075 -133.0918
14.448313 107.100 -133.5021
14.553011 107.125 -133.9085
14.658468 107.148 -134.3105
14.764689 107.171 -134.7075
14.871680 107.193 -135.0987
14.979446 107.214 -135.4836
15.087994 107.235 -135.8613
15.197328 107.255 -136.2315
15.307454 107.275 -136.5934
15.418378 107.294 -136.9469
15.530106 107.314 -137.2917
15.642643 107.334 -137.6283
15.755996 107.355 -137.9572
15.870171 107.377 -138.2794
15.985172 107.399 -138.5965
16.101007 107.423 -138.9105
16.217682 107.448 -139.2238
16.335201 107.475 -139.5390
16.453573 107.503 -139.8590
16.572803 107.532 -140.1866
16.692898 107.562 -140.5242
16.813862 107.593 -140.8740
16.935701 107.623 -141.2373
17.058424 107.653 -141.6147
17.182035 107.681 -142.0056
17.306543 107.708 -142.4087
17.431953 107.732 -142.8214
17.558273 107.753 -143.2404
17.685509 107.772 -143.6618
17.813665 107.788 -144.0815
17.942751 107.801 -144.4949
18.072771 107.811 -144.8985
18.203733 107.820 -145.2891
18.335646 107.827 -145.6648
18.468513 107.835 -146.0252
18.602345 107.842 -146.3713
18.737144 107.851 -146.7056
18.872921 107.862 -147.0318
19.009682 107.875 -147.3547
19.147434 107.890 -147.6793
19.286184 107.906 -148.0105
19.425940 107.924 -148.3524
19.566708 107.943 -148.7077
19.708496 107.961 -149.0774
19.851313 107.978 -149.4607
19.995163 107.993 -149.8551
20.140057 108.005 -150.2566
20.285999 108.015 -150.6600
20.433001 108.022 -151.0600
20.581066 108.027 -151.4516
20.730206 108.030 -151.8309
20.880424 108.033 -152.1956
21.031733 108.035 -152.5454
21.184137 108.037 -152.8818
21.337646 108.041 -153.2081
21.492268 108.047 -153.5288
21.648010 108.054 -153.8486
21.804880 108.062 -154.1713
21.962887 108.071 -154.4998
22.122040 108.080 -154.8344
22.282345 108.087 -155.1734
22.443811 108.093 -155.5128
22.606449 108.096 -155.8472
22.770266 108.098 -156.1704
22.935268 108.099 -156.4771
23.101467 108.100 -156.7636
23.268869 108.102 -157.0293
23.437485 108.106 -157.2769
23.607323 108.115 -157.5131
23.778391 108.129 -157.7472
23.950699 108.147 -157.9905
24.124256 108.169 -158.2541
24.299070 108.195 -158.5475
24.475151 108.221 -158.8765
24.652508 108.247 -159.2425
24.831150 108.269 -159.6418
25.011087 108.287 -160.0666
25.192327 108.300 -160.5059
25.374882 108.306 -160.9470
25.558758 108.307 -161.3780
25.743967 108.303 -161.7895
25.930519 108.298 -162.1757
26.118422 108.291 -162.5356
26.307686 108.285 -162.8725
26.498322 108.281 -163.1931
26.690340 108.280 -163.5056
26.883749 108.280 -163.8178
27.078560 108.281 -164.1346
27.274782 108.282 -164.4577
27.472427 108.281 -164.7846
27.671503 108.279 -165.1098
27.872023 108.275 -165.4262
28.073996 108.269 -165.7272
28.277431 108.263 -166.0089
28.482342 108.258 -166.2711
28.688736 108.255 -166.5177
28.896626 108.256 -166.7560
29.106022 108.259 -166.9950
29.316936 108.265 -167.2428
29.529379 108.273 -167.5047
29.743361 108.281 -167.7820
29.958893 108.287 -168.0724
30.175987 108.291 -168.3705
30.394655 108.294 -168.6706
30.614908 108.295 -168.9688
30.836756 108.296 -169.2648
31.060211 108.297 -169.5621
31.285286 108.298 -169.8670
31.511992 108.299 -170.1861
31.740341 108.299 -170.5231
31.970345 108.294 -170.8765
32.202015 108.285 -171.2381
32.435364 108.269 -171.5943
32.670403 108.248 -171.9289
32.907146 108.222 -172.2275
33.145607 108.195 -172.4819
33.385796 108.171 -172.6933
33.627724 108.152 -172.8731
33.871403 108.139 -173.0401
34.116848 108.134 -173.2155
34.364071 108.134 -173.4169
34.613087 108.136 -173.6532
34.863907 108.138 -173.9236
35.116547 108.138 -174.2188
35.371017 108.135 -174.5255
35.627331 108.131 -174.8328
35.885502 108.126 -175.1359
36.145542 108.122 -175.4376
36.407467 108.119 -175.7458
36.671291 108.118 -176.0686
36.937027 108.116 -176.4087
37.204689 108.111 -176.7601
37.474289 108.101 -177.1088
37.745842 108.088 -177.4380
38.019363 108.073 -177.7344
38.294868 108.061 -177.9955
38.572369 108.053 -178.2320
38.851879 108.052 -178.4657
39.133415 108.056 -178.7213
39.416992 108.064 -179.0177
39.702625 108.069 -179.3594
39.990326 108.069 -179.7352
40.280113 108.059 179.8784
40.571999 108.041 179.5098
40.866001 108.017 179.1827
41.162132 107.990 178.9101
41.460411 107.963 178.6915
41.760849 107.941 178.5157
42.063465 107.924 178.3661
42.368275 107.912 178.2261
42.675293 107.905 178.0818
42.984535 107.902 177.9227
43.296021 107.903 177.7397
43.609760 107.904 177.5248
43.925774 107.905 177.2725
44.244080 107.902 176.9824
44.564690 107.892 176.6631
44.887623 107.873 176.3327
45.212898 107.845 176.0161
45.540531 107.808 175.7379
45.870537 107.767 175.5145
46.202934 107.726 175.3474
46.537739 107.688 175.2219
46.874969 107.657 175.1114
47.214645 107.632 174.9873
47.556782 107.610 174.8292
47.901398 107.589 174.6296
48.248512 107.566 174.3935
48.598141 107.540 174.1321
48.950302 107.513 173.8568
49.305016 107.485 173.5756
49.662300 107.458 173.2919
50.022175 107.435 173.0040
50.384655 107.417 172.7039
50.749763 107.407 172.3751
51.117516 107.403 171.9951
51.487934 107.402 171.5457
51.861038 107.397 171.0284
52.236843 107.380 170.4766
52.615372 107.348 169.9547
52.996643 107.301 169.5396
53.380680 107.249 169.2905
53.767498 107.203 169.2227
54.157120 107.174 169.2990
54.549564 107.166 169.4479
54.944855 107.176 169.5958
55.343006 107.196 169.6946
55.744045 107.216 169.7297
56.147991 107.229 169.7133
56.554863 107.228 169.6732
56.964684 107.213 169.6459
57.377472 107.185 169.6677
57.793251 107.150 169.7598
58.212044 107.118 169.9092
58.633873 107.095 170.0610
59.058758 107.086 170.1343
59.486721 107.083 170.0591
59.917786 107.079 169.8095
60.351974 107.063 169.4113
60.789310 107.033 168.9218
61.229816 106.990 168.4012
61.673512 106.939 167.8965
62.120422 106.888 167.4396
62.570572 106.841 167.0508
63.023983 106.805 166.7348
63.480682 106.784 166.4733
63.940689 106.780 166.2285
64.404030 106.786 165.9638
64.870728 106.793 165.6679
65.340805 106.793 165.3607
65.814293 106.780 165.0776
66.291214 106.754 164.8474
66.771591 106.716 164.6841
67.255447 106.669 164.5909
67.742805 106.615 164.5604
68.233696 106.561 164.5656
68.728142 106.511 164.5555
69.226173 106.464 164.4751
69.727814 106.418 164.2991
70.233093 106.367 164.0473
70.742035 106.315 163.7609
71.254662 106.268 163.4676
71.771004 106.230 163.1701
72.291084 106.202 162.8663
72.814934 106.183 162.5693
73.342583 106.168 162.3066
73.874054 106.156 162.1079
74.409378 106.142 161.9986
74.948578 106.126 161.9948
75.491684 106.104 162.0981
76.038727 106.072 162.3110
76.589737 106.024 162.6780
77.144737 105.964 163.2891
77.703758 105.915 164.1787
78.266830 105.905 165.1846
78.833984 105.943 165.9635
79.405251 106.003 166.2182
79.980652 106.044 165.9030
80.560226 106.043 165.1953
81.143997 106.002 164.3195
81.732002 105.940 163.4184
82.324265 105.873 162.5471
82.920822 105.812 161.7266
83.521698 105.763 160.9781
84.126930 105.725 160.3242
84.736549 105.700 159.7812
85.350586 105.685 159.3569
85.969070 105.677 159.0479
86.592041 105.672 158.8405
87.219521 105.665 158.7166
87.851547 105.655 158.6540
88.488159 105.639 158.6245
89.129379 105.617 158.5930
89.775246 105.587 158.5268
90.425797 105.548 158.4064
91.081062 105.501 158.2292
91.741074 105.445 158.0029
92.405869 105.384 157.7401
93.075478 105.320 157.4589
93.749939 105.255 157.1855
94.429291 105.192 156.9489
95.113564 105.136 156.7698
95.802795 105.089 156.6488
96.497025 105.051 156.5675
97.196281 105.017 156.5113
97.900604 104.982 156.4924
98.610031 104.944 156.5357
99.324600 104.906 156.6403
100.044350 104.869 156.7740
100.769310 104.829 156.9105
101.499527 104.784 157.0526
102.235031 104.736 157.2138
102.975868 104.686 157.3962
103.722076 104.636 157.5989
104.473686 104.585 157.8365
105.230743 104.536 158.1335
105.993286 104.496 158.4889
106.761360 104.470 158.8533
107.534996 104.458 159.1487
108.314240 104.455 159.3087
109.099129 104.457 159.2983
109.889709 104.460 159.1119
110.686012 104.463 158.7766
111.488091 104.470 158.3508
112.295982 104.485 157.9040
113.109726 104.513 157.5063
113.929367 104.553 157.2507
114.754944 104.601 157.2614
115.586502 104.657 157.6653
116.424088 104.725 158.5586
117.267746 104.811 159.9563
118.117516 104.925 161.6755
118.973442 105.057 163.2471
119.835571 105.160 164.1274
120.703949 105.173 164.1204
121.578621 105.061 163.4681
122.459633 104.841 162.5310
123.347023 104.567 161.5250
124.240845 104.294 160.5224
125.141144 104.066 159.5400
126.047966 103.907 158.6017
126.961365 103.815 157.7679
127.881378 103.779 157.0989
128.808060 103.780 156.5976
129.741455 103.796 156.2189
130.681610 103.808 155.9162
131.628586 103.803 155.6583
132.582428 103.780 155.4245
133.543182 103.743 155.2037
134.510895 103.698 154.9969
135.485611 103.650 154.8182
136.467392 103.601 154.6951
137.456284 103.552 154.6570
138.452347 103.505 154.7095
139.455627 103.461 154.8221
140.466187 103.419 154.9420
141.484070 103.381 155.0194
142.509323 103.345 155.0315
143.542007 103.313 154.9888
144.582169 103.286 154.9195
145.629868 103.267 154.8491
146.685165 103.254 154.7856
147.748108 103.245 154.7131
148.818756 103.232 154.6024
149.897156 103.210 154.4360
150.983368 103.175 154.2264
152.077454 103.129 154.0073
153.179474 103.078 153.8065
154.289474 103.028 153.6401
155.407516 102.979 153.5378
156.533661 102.932 153.5478
157.667969 102.887 153.7018
158.810501 102.845 153.9829
159.961304 102.806 154.3356
161.120453 102.768 154.7007
162.287994 102.728 155.0345
163.464005 102.689 155.3049
164.648529 102.655 155.4739
165.841644 102.626 155.4964
167.043396 102.602 155.3505
168.253860 102.576 155.0601
169.473099 102.547 154.6844
170.701172 102.513 154.3018
171.938141 102.475 153.9986
173.184082 102.435 153.8555
174.439041 102.400 153.9111
175.703094 102.375 154.1260
176.976318 102.356 154.4133
178.258759 102.339 154.6963
179.550491 102.317 154.9320
180.851593 102.288 155.1073
182.162125 102.255 155.2281
183.482147 102.219 155.3087
184.811737 102.183 155.3637
186.150955 102.149 155.4042
187.499878 102.115 155.4388
188.858582 102.081 155.4729
190.227127 102.047 155.5074
191.605591 102.014 155.5421
192.994049 101.981 155.5802
194.392563 101.946 155.6289
195.801208 101.910 155.6945
197.220062 101.871 155.7758
198.649200 101.831 155.8643
200.088699 101.790 155.9515
201.538620 101.749 156.0353
202.999054 101.710 156.1180
204.470062 101.672 156.2020
205.951736 101.635 156.2870
207.444153 101.599 156.3719
208.947372 101.562 156.4553
210.461487 101.525 156.5364
211.986572 101.489 156.6151
213.522720 101.453 156.6948
215.069992 101.418 156.7816
216.628479 101.383 156.8819
218.198257 101.347 156.9986
219.779419 101.312 157.1299
221.372025 101.278 157.2697
222.976181 101.245 157.4095
224.591965 101.214 157.5435
226.219452 101.185 157.6710
227.858734 101.158 157.7964
229.509888 101.133 157.9247
231.173004 101.108 158.0570
232.848175 101.081 158.1893
234.535492 101.051 158.3168
236.235031 101.017 158.4385
237.946884 100.980 158.5550
239.671143 100.942 158.6669
241.407898 100.904 158.7763
243.157242 100.866 158.8871
244.919266 100.829 159.0045
246.694046 100.793 159.1324
248.481689 100.757 159.2742
250.282288 100.721 159.4317
252.095932 100.687 159.6031
253.922729 100.654 159.7820
255.762756 100.623 159.9604
257.616119 100.594 160.1311
259.482910 100.567 160.2883
261.363220 100.542 160.4310
263.257172 100.517 160.5637
265.164856 100.492 160.6951
267.086365 100.466 160.8343
269.021790 100.438 160.9855
270.971222 100.409 161.1477
272.934784 100.380 161.3182
274.912567 100.352 161.4952
276.904694 100.325 161.6783
278.911255 100.299 161.8663
280.932373 100.275 162.0566
282.968140 100.253 162.2450
285.018646 100.232 162.4254
287.084015 100.212 162.5916
289.164337 100.193 162.7389
291.259735 100.174 162.8669
293.370331 100.153 162.9817
295.496216 100.130 163.0938
297.637512 100.104 163.2140
299.794312 100.076 163.3474
301.966736 100.046 163.4937
304.154907 100.016 163.6495
306.358948 99.986 163.8111
308.578949 99.957 163.9746
310.815033 99.928 164.1356
313.067322 99.900 164.2908
315.335938 99.872 164.4419
317.621002 99.843 164.5946
319.922607 99.814 164.7549
322.240906 99.786 164.9266
324.575989 99.757 165.1101
326.928009 99.730 165.3033
329.297058 99.704 165.5024
331.683289 99.680 165.7038
334.086792 99.657 165.9049
336.507721 99.634 166.1048
338.946198 99.612 166.3030
341.402344 99.589 166.5000
343.876282 99.566 166.6972
346.368164 99.543 166.8969
348.878082 99.519 167.1001
351.406189 99.494 167.3075
353.952637 99.470 167.5198
356.517517 99.446 167.7368
359.100983 99.422 167.9567
361.703186 99.398 168.1772
364.324249 99.375 168.3960
366.964294 99.351 168.6121
369.623474 99.327 168.8260
372.301910 99.304 169.0389
374.999756 99.282 169.2527
377.717163 99.261 169.4694
380.454254 99.240 169.6913
383.211182 99.220 169.9201
385.988098 99.200 170.1562
388.785126 99.180 170.3987
391.602417 99.160 170.6452
394.440125 99.140 170.8932
397.298401 99.121 171.1407
400.177399 99.102 171.3867
403.077240 99.084 171.6307
405.998108 99.067 171.8732
408.940125 99.049 172.1151
411.903473 99.031 172.3578
414.888306 99.012 172.6034
417.894745 98.992 172.8544
420.922974 98.972 173.1139
423.973145 98.951 173.3831
427.045441 98.933 173.6608
430.139984 98.916 173.9436
433.256958 98.902 174.2264
436.396515 98.890 174.5050
439.558838 98.879 174.7778
442.744049 98.869 175.0446
445.952362 98.861 175.3044
449.183929 98.855 175.5540
452.438904 98.849 175.7874
455.717468 98.841 176.0014
459.019775 98.832 176.1995
462.346008 98.819 176.3925
465.696350 98.803 176.5928
469.070984 98.785 176.8086
472.470062 98.766 177.0410
475.893768 98.747 177.2855
479.342285 98.729 177.5361
482.815796 98.711 177.7881
486.314484 98.693 178.0411
489.838531 98.674 178.2998
493.388092 98.655 178.5708
496.963379 98.636 178.8563
500.564575 98.619 179.1515
504.191864 98.604 179.4493
507.845459 98.590 179.7439
511.525513 98.577 -179.9669
515.232239 98.565 -179.6811
518.965820 98.552 -179.3945
522.726440 98.539 -179.1018
526.514343 98.525 -178.7987
530.329712 98.511 -178.4834
534.172729 98.498 -178.1588
538.043579 98.486 -177.8304
541.942444 98.475 -177.5017
545.869568 98.464 -177.1736
549.825134 98.454 -176.8457
553.809387 98.445 -176.5189
557.822510 98.437 -176.1952
561.864746 98.429 -175.8763
565.936279 98.422 -175.5615
570.037292 98.414 -175.2478
574.168030 98.405 -174.9316
578.328674 98.396 -174.6107
582.519470 98.387 -174.2847
586.740662 98.379 -173.9534
590.992432 98.370 -173.6143
595.275024 98.362 -173.2642
599.588623 98.355 -172.9033
603.933472 98.348 -172.5357
608.309814 98.343 -172.1663
612.717896 98.338 -171.7985
617.157898 98.333 -171.4323
621.630066 98.327 -171.0636
626.134644 98.321 -170.6851
630.671875 98.316 -170.2922
635.242004 98.313 -169.8868
639.845215 98.312 -169.4739
644.481812 98.313 -169.0569
649.151978 98.317 -168.6365
653.856018 98.324 -168.2153
658.594116 98.334 -167.7999
663.366577 98.346 -167.3999
668.173584 98.359 -167.0221
673.015442 98.371 -166.6648
677.892395 98.382 -166.3203
682.804688 98.390 -165.9799
687.752563 98.397 -165.6368
692.736328 98.403 -165.2855
697.756165 98.408 -164.9213
702.812378 98.413 -164.5430
707.905273 98.419 -164.1537
713.035034 98.426 -163.7592
718.201965 98.434 -163.3632
723.406372 98.442 -162.9667
728.648499 98.451 -162.5685
733.928589 98.461 -162.1672
739.246948 98.471 -161.7611
744.603821 98.481 -161.3486
749.999512 98.493 -160.9288
755.434326 98.505 -160.5024
760.908508 98.519 -160.0700
766.422363 98.534 -159.6320
771.976196 98.550 -159.1895
777.570251 98.566 -158.7444
783.204834 98.584 -158.2992
788.880249 98.603 -157.8535
794.596802 98.623 -157.4030
800.354797 98.645 -156.9433
806.154480 98.670 -156.4745
811.996216 98.699 -156.0027
817.880249 98.731 -155.5374
823.806946 98.766 -155.0883
829.776611 98.803 -154.6637
835.789490 98.839 -154.2656
841.845947 98.875 -153.8872
847.946289 98.909 -153.5175
854.090881 98.941 -153.1484
860.279968 98.972 -152.7760
866.513916 99.003 -152.3972
872.793030 99.034 -152.0085
879.117676 99.065 -151.6101
885.488098 99.098 -151.2060
891.904724 99.132 -150.7997
898.367859 99.166 -150.3908
904.877808 99.201 -149.9772
911.434937 99.237 -149.5589
918.039551 99.274 -149.1393
924.692017 99.313 -148.7225
931.392700 99.353 -148.3125
938.141968 99.395 -147.9120
944.940125 99.437 -147.5208
951.787537 99.480 -147.1366
958.684570 99.523 -146.7561
965.631592 99.566 -146.3772
972.628967 99.608 -145.9978
979.677063 99.650 -145.6174
986.776184 99.691 -145.2361
993.926758 99.733 -144.8514
1001.129150 99.774 -144.4576
1008.383728 99.816 -144.0497
1015.690918 99.859 -143.6277
1023.051025 99.905 -143.1956
1030.464478 99.953 -142.7597
1037.931641 100.005 -142.3287
1045.452881 100.058 -141.9111
1053.028687 100.112 -141.5087
1060.659424 100.166 -141.1138
1068.345459 100.218 -140.7139
1076.087158 100.269 -140.2954
1083.884888 100.321 -139.8481
1091.739136 100.375 -139.3691
1099.650269 100.433 -138.8608
1107.618774 100.498 -138.3291
1115.645020 100.571 -137.7840
1123.729492 100.654 -137.2406
1131.872559 100.746 -136.7182
1140.074585 100.847 -136.2367
1148.336060 100.955 -135.8141
1156.657349 101.068 -135.4633
1165.038940 101.182 -135.1887
1173.481323 101.294 -134.9851
1181.984863 101.403 -134.8411
1190.550049 101.508 -134.7459
1199.177246 101.608 -134.6926
1207.866943 101.703 -134.6765
1216.619629 101.790 -134.6904
1225.435791 101.870 -134.7222
1234.315796 101.943 -134.7587
1243.260132 102.009 -134.7884
1252.269287 102.069 -134.8025
1261.343750 102.125 -134.7968
1270.484009 102.177 -134.7713
1279.690430 102.227 -134.7263
1288.963623 102.274 -134.6618
1298.303955 102.321 -134.5785
1307.712036 102.367 -134.4784
1317.188232 102.412 -134.3644
1326.733154 102.456 -134.2380
1336.347168 102.500 -134.0978
1346.030884 102.542 -133.9407
1355.784790 102.583 -133.7630
1365.609375 102.623 -133.5613
1375.505127 102.663 -133.3318
1385.472656 102.704 -133.0706
1395.512329 102.748 -132.7774
1405.624756 102.795 -132.4580
1415.810547 102.848 -132.1238
1426.070068 102.905 -131.7878
1436.403931 102.967 -131.4578
1446.812744 103.031 -131.1337
1457.296997 103.097 -130.8104
1467.857178 103.165 -130.4837
1478.493896 103.236 -130.1536
1489.207642 103.310 -129.8233
1499.999023 103.387 -129.4984
1510.868652 103.468 -129.1847
1521.817017 103.551 -128.8874
1532.844727 103.635 -128.6090
1543.952393 103.721 -128.3483
1555.140503 103.808 -128.1011
1566.409668 103.894 -127.8634
1577.760498 103.981 -127.6348
1589.193604 104.067 -127.4162
1600.709595 104.152 -127.2037
1612.308960 104.234 -126.9864
1623.992432 104.314 -126.7508
1635.760498 104.395 -126.4851
1647.613892 104.477 -126.1826
1659.553223 104.564 -125.8431
1671.578979 104.659 -125.4735
1683.691895 104.762 -125.0891
1695.892578 104.876 -124.7115
1708.181763 104.999 -124.3632
1720.559937 105.128 -124.0617
1733.027832 105.262 -123.8147
1745.586060 105.398 -123.6204
1758.235352 105.533 -123.4676
1770.976196 105.667 -123.3412
1783.809448 105.802 -123.2297
1796.735718 105.939 -123.1303
1809.755615 106.078 -123.0486
1822.869873 106.220 -122.9916
1836.079102 106.365 -122.9641
1849.384033 106.512 -122.9694
1862.785400 106.661 -123.0110
1876.283936 106.811 -123.0918
1889.880249 106.961 -123.2134
1903.575073 107.111 -123.3753
1917.369141 107.260 -123.5757
1931.263184 107.407 -123.8112
1945.257935 107.553 -124.0801
1959.354126 107.697 -124.3853
1973.552368 107.841 -124.7327
1987.853516 107.980 -125.1247
2002.258301 108.115 -125.5572
2016.767456 108.245 -126.0213
2031.381836 108.368 -126.5067
2046.102051 108.485 -127.0040
2060.928955 108.596 -127.5063
2075.863281 108.703 -128.0101
2090.905762 108.805 -128.5138
2106.057373 108.902 -129.0143
2121.318848 108.996 -129.5058
2136.690918 109.086 -129.9802
2152.174316 109.174 -130.4296
2167.769775 109.261 -130.8521
2183.478271 109.351 -131.2556
2199.300537 109.444 -131.6534
2215.237549 109.539 -132.0565
2231.290039 109.637 -132.4706
2247.458984 109.735 -132.8968
2263.745117 109.834 -133.3331
2280.149170 109.934 -133.7749
2296.672119 110.035 -134.2181
2313.314697 110.140 -134.6617
2330.077881 110.251 -135.1129
2346.962646 110.368 -135.5898
2363.969727 110.492 -136.1172
2381.100098 110.621 -136.7181
2398.354492 110.752 -137.4075
2415.733887 110.880 -138.1917
2433.239258 111.003 -139.0683
2450.871582 111.116 -140.0289
2468.631592 111.219 -141.0613
2486.520264 111.307 -142.1494
2504.538574 111.381 -143.2731
2522.687500 111.440 -144.4093
2540.968018 111.485 -145.5362
2559.380859 111.518 -146.6405
2577.927246 111.542 -147.7191
2596.607910 111.558 -148.7742
2615.424072 111.566 -149.8082
2634.376465 111.567 -150.8209
2653.466309 111.560 -151.8081
2672.694336 111.545 -152.7622
2692.061768 111.524 -153.6741
2711.569580 111.499 -154.5378
2731.218750 111.470 -155.3554
2751.010254 111.441 -156.1358
2770.945312 111.411 -156.8898
2791.024658 111.380 -157.6254
2811.249512 111.348 -158.3474
2831.621094 111.313 -159.0581
2852.140137 111.276 -159.7591
2872.807861 111.235 -160.4507
2893.625488 111.190 -161.1281
2914.593994 111.140 -161.7819
2935.714355 111.085 -162.4020
2956.987793 111.027 -162.9848
2978.415283 110.966 -163.5325
2999.998047 110.904 -164.0496
3021.737305 110.840 -164.5388
3043.634033 110.774 -164.9987
3065.689453 110.705 -165.4229
3087.904785 110.634 -165.8029
3110.281006 110.562 -166.1347
3132.819336 110.491 -166.4217
3155.520996 110.422 -166.6720
3178.387207 110.355 -166.8932
3201.419189 110.290 -167.0907
3224.617920 110.226 -167.2667
3247.984863 110.163 -167.4220
3271.520996 110.099 -167.5531
3295.227783 110.035 -167.6514
3319.106445 109.970 -167.7064
3343.157959 109.908 -167.7132
3367.383789 109.850 -167.6761
3391.785156 109.797 -167.6053
3416.363525 109.749 -167.5122
3441.119873 109.706 -167.4036
3466.055664 109.668 -167.2801
3491.172119 109.634 -167.1401
3516.470703 109.605 -166.9863
3541.952393 109.582 -166.8259
3567.618896 109.565 -166.6683
3593.471436 109.552 -166.5210
3619.511230 109.543 -166.3899
3645.739746 109.535 -166.2770
3672.158203 109.526 -166.1776
3698.768066 109.516 -166.0795
3725.570801 109.505 -165.9688
3752.567871 109.494 -165.8369
3779.760498 109.483 -165.6804
3807.150146 109.474 -165.4975
3834.738281 109.468 -165.2829
3862.526367 109.464 -165.0281
3890.515869 109.467 -164.7277
3918.708252 109.478 -164.3858
3947.104736 109.501 -164.0160
3975.707031 109.536 -163.6379
4004.516602 109.584 -163.2738
4033.534912 109.643 -162.9442
4062.763672 109.713 -162.6619
4092.204102 109.790 -162.4311
4121.857910 109.874 -162.2525
4151.726562 109.963 -162.1290
4181.811523 110.057 -162.0650
4212.114746 110.153 -162.0615
4242.637695 110.251 -162.1124
4273.381836 110.350 -162.2082
4304.348633 110.452 -162.3434
4335.539551 110.557 -162.5198
4366.956543 110.666 -162.7453
4398.601074 110.778 -163.0322
4430.475098 110.893 -163.3925
4462.580078 111.009 -163.8325
4494.917969 111.125 -164.3524
4527.490234 111.238 -164.9524
4560.298340 111.348 -165.6347
4593.344238 111.453 -166.4009
4626.629395 111.550 -167.2468
4660.155762 111.640 -168.1624
4693.925293 111.721 -169.1377
4727.939453 111.793 -170.1677
4762.200195 111.857 -171.2523
4796.708984 111.912 -172.3960
4831.467773 111.957 -173.6021
4866.478516 111.989 -174.8684
4901.743164 112.007 -176.1878
4937.263184 112.009 -177.5524
4973.040527 111.994 -178.9538
5009.077148 111.958 179.6213
5045.375000 111.902 178.1942
5081.936035 111.824 176.7899
5118.761719 111.726 175.4313
5155.854492 111.609 174.1359
5193.215820 111.477 172.9136
5230.848145 111.330 171.7708
5268.752930 111.170 170.7145
5306.932617 110.999 169.7514
5345.388672 110.819 168.8845
5384.123535 110.631 168.1143
5423.139160 110.435 167.4442
5462.437500 110.234 166.8805
5502.020508 110.028 166.4294
5541.890625 109.822 166.0923
5582.049316 109.616 165.8629
5622.499023 109.413 165.7304
5663.242188 109.214 165.6848
5704.280273 109.019 165.7177
5745.615723 108.829 165.8207
5787.250977 108.642 165.9873
5829.187988 108.459 166.2168
5871.428711 108.279 166.5148
5913.975586 108.103 166.8885
5956.830566 107.931 167.3423
5999.996094 107.766 167.8741
6043.474609 107.609 168.4789
6087.268066 107.462 169.1501
6131.378906 107.325 169.8787
6175.809570 107.199 170.6538
6220.562012 107.083 171.4683
6265.638672 106.976 172.3209
6311.041992 106.879 173.2149
6356.774414 106.793 174.1528
6402.838379 106.718 175.1338
6449.235840 106.656 176.1541
6495.969727 106.608 177.2068
6543.041992 106.576 178.2818
6590.455566 106.559 179.3680
6638.212891 106.557 -179.5412
6686.315918 106.570 -178.4474
6734.767578 106.599 -177.3508
6783.570312 106.647 -176.2542
6832.727051 106.713 -175.1654
6882.239746 106.801 -174.0976
6932.111328 106.912 -173.0703
6982.344238 107.046 -172.1055
7032.941406 107.203 -171.2230
7083.904785 107.384 -170.4393
7135.237793 107.588 -169.7706
7186.942871 107.816 -169.2376
7239.022461 108.069 -168.8668
7291.479492 108.347 -168.6931
7344.316406 108.647 -168.7588
7397.536133 108.967 -169.1084
7451.141602 109.300 -169.7820
7505.135742 109.639 -170.8129
7559.520996 109.977 -172.2283
7614.300293 110.304 -174.0472
7669.476562 110.609 -176.2796
7725.052734 110.881 -178.9241
7781.031738 111.105 178.0370
7837.416504 111.268 174.6450
7894.209473 111.357 170.9683
7951.414062 111.362 167.0977
8009.033203 111.277 163.1403
8067.069824 111.100 159.2100
8125.527344 110.835 155.4154
8184.408203 110.487 151.8519
8243.715820 110.065 148.6000
8303.453125 109.580 145.7244
8363.623047 109.043 143.2736
8424.229492 108.467 141.2793
8485.275391 107.863 139.7548
8546.763672 107.247 138.6922
8608.697266 106.627 138.0648
8671.079102 106.015 137.8362
8733.913086 105.416 137.9676
8797.202148 104.835 138.4228
8860.950195 104.277 139.1704
8925.160156 103.744 140.1784
8989.835938 103.240 141.4105
9054.980469 102.765 142.8289
9120.596680 102.320 144.3998
9186.688477 101.903 146.0983
9253.258789 101.513 147.9097
9320.311523 101.150 149.8238
9387.850586 100.813 151.8273
9455.878906 100.503 153.9031
9524.400391 100.218 156.0333
9593.417969 99.958 158.2056
9662.935547 99.722 160.4166
9732.957031 99.510 162.6654
9803.486328 99.321 164.9465
9874.526367 99.156 167.2476
9946.081055 99.016 169.5543
10018.154297 98.899 171.8574
10090.750000 98.805 174.1540
10163.872070 98.735 176.4417
10237.523438 98.689 178.7114
10311.708984 98.668 -179.0525
10386.431641 98.672 -176.8668
10461.696289 98.701 -174.7428
10537.505859 98.755 -172.6889
10613.865234 98.835 -170.7180
10690.777344 98.941 -168.8514
10768.247070 99.073 -167.1150
10846.278320 99.231 -165.5331
10924.875000 99.413 -164.1268
11004.041016 99.617 -162.9197
11083.781250 99.842 -161.9423
11164.098633 100.085 -161.2307
11244.998047 100.341 -160.8179
11326.484375 100.604 -160.7296
11408.560547 100.866 -160.9856
11491.231445 101.121 -161.6023
11574.501953 101.358 -162.5898
11658.375977 101.567 -163.9431
11742.857422 101.738 -165.6381
11827.951172 101.859 -167.6331
11913.661133 101.923 -169.8731
11999.992188 101.922 -172.2918
12086.949219 101.851 -174.8098
12174.536133 101.707 -177.3359
12262.757812 101.489 -179.7757
12351.619141 101.204 177.9585
12441.124023 100.855 175.9415
12531.277344 100.453 174.2362
12622.083984 100.006 172.8932
12713.548828 99.526 171.9470
12805.676758 99.025 171.4120
12898.471680 98.514 171.2869
12991.939453 98.002 171.5599
13086.083984 97.500 172.2120
13180.911133 97.015 173.2150
13276.425781 96.555 174.5331
13372.631836 96.125 176.1292
13469.535156 95.729 177.9697
13567.140625 95.372 -179.9789
13665.454102 95.058 -177.7526
13764.479492 94.789 -175.3866
13864.222656 94.569 -172.9108
13964.688477 94.402 -170.3543
14065.882812 94.293 -167.7527
14167.809570 94.247 -165.1510
14270.475586 94.271 -162.6030
14373.885742 94.372 -160.1790
14478.044922 94.558 -157.9736
14582.958984 94.833 -156.1087
14688.632812 95.199 -154.7300
14795.072266 95.649 -154.0045
14902.283203 96.169 -154.1105
15010.271484 96.729 -155.2138
15119.041992 97.292 -157.4396
15228.600586 97.807 -160.8456
15338.953125 98.222 -165.3971
15450.105469 98.480 -170.9430
15562.063477 98.535 -177.2058
15674.833008 98.355 176.1995
15788.418945 97.930 169.7111
15902.828125 97.273 163.7444
16018.066406 96.414 158.6299
16134.139648 95.395 154.5838
16251.054688 94.264 151.7062
16368.816406 93.067 149.9941
16487.431641 91.850 149.3578
16606.906250 90.652 149.6396
16727.246094 89.502 150.6425
16848.458984 88.422 152.1632
16970.550781 87.421 154.0163
17093.527344 86.497 156.0497
17217.394531 85.646 158.1528
17342.158203 84.857 160.2529
17467.826172 84.119 162.3041
17594.404297 83.422 164.2800
17721.900391 82.755 166.1654
17850.320312 82.109 167.9457
17979.671875 81.470 169.6003
18109.960938 80.823 171.1060
18241.193359 80.152 172.4518
18373.376953 79.443 173.6639
18506.517578 78.687 174.8079
18640.623047 77.881 175.9727
18775.701172 77.018 177.2599
18911.757812 76.094 178.7865
19048.800781 75.104 -179.3111
19186.835938 74.050 -176.8745
19325.871094 72.934 -173.7242
19465.914062 71.772 -169.6907
19606.972656 70.602 -164.7165
19749.052734 69.501 -159.0836
19892.162109 68.604 -153.7385
20036.308594 68.088 -150.3275
