* Measurement data measured by REW V5.31.3
* Source: EXCL: Microphone (USB Sound Device        ), MICROPHONE (Master Volume), R, volume: 0.390
* Format: 256k Log Swept Sine, 1 sweep at -15.0 dBFS with no timing reference
* Dated: Jun 16, 2025 12:44:43 AM
* REW Settings:
*  C-weighting compensation: Off
*  Target level: 75.0 dB
* Note: Tanchjim Fisson L
* Measurement: L Tanchjim Fisson
* Smoothing: 1/12 octave
* Frequency Step: 96 ppo
* Start Frequency: 0.36621094 Hz
*
* Freq(Hz) SPL(dB) Phase(degrees)
0.366211 94.599 156.7490
0.368865 94.593 156.7248
0.371538 94.584 156.6886
0.374230 94.573 156.6432
0.376942 94.561 156.5907
0.379673 94.548 156.5331
0.382424 94.534 156.4714
0.385196 94.520 156.4063
0.387987 94.505 156.3382
0.390798 94.491 156.2673
0.393630 94.476 156.1937
0.396483 94.461 156.1175
0.399356 94.447 156.0387
0.402250 94.432 155.9571
0.405165 94.416 155.8730
0.408101 94.401 155.7861
0.411058 94.386 155.6965
0.414037 94.370 155.6042
0.417037 94.355 155.5091
0.420059 94.339 155.4112
0.423103 94.323 155.3105
0.426169 94.307 155.2070
0.429257 94.291 155.1006
0.432368 94.275 154.9913
0.435501 94.259 154.8790
0.438656 94.242 154.7639
0.441835 94.226 154.6458
0.445037 94.209 154.5246
0.448262 94.192 154.4005
0.451510 94.176 154.2733
0.454782 94.159 154.1431
0.458077 94.141 154.0097
0.461397 94.124 153.8733
0.464740 94.107 153.7338
0.468108 94.089 153.5911
0.471500 94.072 153.4453
0.474917 94.054 153.2963
0.478358 94.036 153.1441
0.481825 94.018 152.9887
0.485316 94.000 152.8301
0.488833 93.982 152.6683
0.492375 93.963 152.5032
0.495943 93.945 152.3349
0.499537 93.926 152.1633
0.503157 93.907 151.9885
0.506803 93.888 151.8104
0.510475 93.869 151.6290
0.514175 93.850 151.4444
0.517900 93.831 151.2565
0.521653 93.811 151.0653
0.525434 93.791 150.8709
0.529241 93.772 150.6732
0.533076 93.752 150.4723
0.536939 93.732 150.2682
0.540830 93.711 150.0608
0.544749 93.691 149.8503
0.548696 93.670 149.6365
0.552673 93.650 149.4197
0.556677 93.629 149.1997
0.560711 93.608 148.9766
0.564774 93.587 148.7505
0.568867 93.566 148.5213
0.572989 93.544 148.2892
0.577141 93.523 148.0541
0.581324 93.501 147.8162
0.585536 93.479 147.5755
0.589779 93.457 147.3319
0.594053 93.435 147.0857
0.598358 93.412 146.8369
0.602694 93.390 146.5855
0.607061 93.367 146.3317
0.611460 93.344 146.0754
0.615891 93.321 145.8169
0.620354 93.298 145.5562
0.624849 93.275 145.2934
0.629377 93.251 145.0286
0.633938 93.228 144.7620
0.638532 93.204 144.4936
0.643159 93.180 144.2237
0.647819 93.155 143.9523
0.652514 93.131 143.6796
0.657242 93.106 143.4057
0.662005 93.082 143.1309
0.666802 93.057 142.8553
0.671634 93.032 142.5790
0.676501 93.006 142.3024
0.681403 92.981 142.0255
0.686341 92.955 141.7486
0.691314 92.929 141.4720
0.696324 92.903 141.1957
0.701370 92.877 140.9201
0.706452 92.850 140.6452
0.711571 92.822 140.3712
0.716728 92.794 140.0980
0.721921 92.765 139.8254
0.727153 92.734 139.5529
0.732422 92.702 139.2796
0.737729 92.667 139.0047
0.743075 92.630 138.7268
0.748460 92.591 138.4451
0.753883 92.551 138.1588
0.759346 92.510 137.8674
0.764849 92.468 137.5705
0.770391 92.426 137.2678
0.775974 92.383 136.9593
0.781597 92.339 136.6447
0.787261 92.295 136.3241
0.792966 92.251 135.9972
0.798712 92.205 135.6641
0.804500 92.160 135.3246
0.810329 92.113 134.9788
0.816201 92.066 134.6265
0.822116 92.018 134.2677
0.828073 91.970 133.9025
0.834074 91.921 133.5307
0.840118 91.871 133.1523
0.846206 91.820 132.7673
0.852338 91.769 132.3758
0.858514 91.716 131.9776
0.864735 91.663 131.5728
0.871001 91.609 131.1615
0.877313 91.553 130.7436
0.883670 91.497 130.3192
0.890074 91.440 129.8884
0.896524 91.382 129.4512
0.903020 91.322 129.0077
0.909564 91.262 128.5580
0.916155 91.200 128.1022
0.922794 91.137 127.6405
0.929481 91.072 127.1730
0.936216 91.006 126.7000
0.943000 90.939 126.2216
0.949834 90.871 125.7380
0.956717 90.800 125.2496
0.963649 90.729 124.7566
0.970632 90.655 124.2593
0.977666 90.580 123.7581
0.984750 90.503 123.2533
0.991886 90.425 122.7456
0.999074 90.344 122.2352
1.006314 90.261 121.7226
1.013606 90.177 121.2086
1.020951 90.090 120.6936
1.028349 90.002 120.1784
1.035801 89.911 119.6635
1.043307 89.817 119.1498
1.050867 89.722 118.6381
1.058482 89.624 118.1291
1.066152 89.523 117.6237
1.073878 89.420 117.1224
1.081660 89.315 116.6260
1.089498 89.208 116.1347
1.097393 89.099 115.6484
1.105345 88.989 115.1667
1.113355 88.878 114.6889
1.121423 88.766 114.2143
1.129549 88.654 113.7422
1.137734 88.541 113.2718
1.145979 88.429 112.8026
1.154283 88.315 112.3342
1.162647 88.202 111.8660
1.171072 88.087 111.3977
1.179558 87.971 110.9287
1.188106 87.854 110.4587
1.196715 87.736 109.9873
1.205387 87.616 109.5138
1.214122 87.493 109.0379
1.222920 87.368 108.5591
1.231782 87.240 108.0768
1.240708 87.109 107.5904
1.249699 86.974 107.0995
1.258754 86.836 106.6033
1.267876 86.693 106.1013
1.277063 86.546 105.5927
1.286318 86.393 105.0770
1.295639 86.235 104.5533
1.305027 86.071 104.0210
1.314484 85.901 103.4792
1.324009 85.724 102.9271
1.333604 85.539 102.3640
1.343268 85.347 101.7888
1.353002 85.147 101.2008
1.362806 84.937 100.5991
1.372681 84.718 99.9828
1.382628 84.489 99.3510
1.392647 84.250 98.7030
1.402739 83.999 98.0379
1.412904 83.736 97.3552
1.423142 83.460 96.6545
1.433455 83.170 95.9356
1.443843 82.864 95.1989
1.454305 82.539 94.4450
1.464844 82.194 93.6748
1.475459 81.825 92.8895
1.486150 81.428 92.0900
1.496920 81.002 91.2762
1.507767 80.545 90.4473
1.518693 80.057 89.6019
1.529698 79.537 88.7376
1.540783 78.989 87.8513
1.551948 78.412 86.9392
1.563194 77.809 85.9968
1.574521 77.183 85.0187
1.585931 76.536 83.9984
1.597423 75.871 82.9278
1.608999 75.190 81.7976
1.620658 74.498 80.5959
1.632402 73.797 79.3084
1.644232 73.091 77.9168
1.656146 72.385 76.3982
1.668147 71.682 74.7234
1.680235 70.986 72.8542
1.692411 70.304 70.7406
1.704675 69.640 68.3155
1.717028 68.999 65.4883
1.729470 68.389 62.1342
1.742003 67.815 58.0803
1.754626 67.285 53.0861
1.767341 66.807 46.8237
1.780147 66.389 38.8732
1.793047 66.040 28.7831
1.806040 65.768 16.2981
1.819128 65.581 1.7954
1.832310 65.485 -13.4338
1.845587 65.484 -27.7183
1.858961 65.579 -39.9799
1.872432 65.768 -50.0178
1.886001 66.047 -58.1288
1.899667 66.410 -64.7267
1.913433 66.848 -70.1763
1.927299 67.355 -74.7567
1.941265 67.922 -78.6719
1.955332 68.540 -82.0692
1.969501 69.200 -85.0555
1.983773 69.894 -87.7094
1.998148 70.613 -90.0892
2.012627 71.350 -92.2391
2.027212 72.094 -94.1928
2.041902 72.840 -95.9767
2.056698 73.577 -97.6113
2.071602 74.299 -99.1130
2.086614 74.998 -100.4952
2.101734 75.667 -101.7691
2.116964 76.299 -102.9446
2.132304 76.889 -104.0309
2.147756 77.432 -105.0377
2.163320 77.924 -105.9763
2.178996 78.365 -106.8600
2.194786 78.757 -107.7048
2.210690 79.103 -108.5282
2.226710 79.409 -109.3465
2.242845 79.678 -110.1717
2.259098 79.916 -111.0112
2.275468 80.124 -111.8676
2.291957 80.306 -112.7407
2.308566 80.463 -113.6280
2.325295 80.597 -114.5258
2.342145 80.710 -115.4293
2.359117 80.804 -116.3336
2.376212 80.879 -117.2331
2.393431 80.939 -118.1223
2.410775 80.984 -118.9952
2.428244 81.017 -119.8458
2.445840 81.040 -120.6681
2.463564 81.054 -121.4564
2.481416 81.062 -122.2052
2.499397 81.066 -122.9101
2.517509 81.066 -123.5686
2.535752 81.063 -124.1806
2.554127 81.056 -124.7495
2.572635 81.045 -125.2821
2.591277 81.027 -125.7872
2.610055 81.000 -126.2734
2.628968 80.963 -126.7467
2.648019 80.914 -127.2106
2.667208 80.855 -127.6660
2.686535 80.784 -128.1116
2.706003 80.702 -128.5447
2.725612 80.610 -128.9611
2.745363 80.508 -129.3552
2.765257 80.398 -129.7207
2.785295 80.281 -130.0500
2.805478 80.156 -130.3345
2.825808 80.025 -130.5646
2.846285 79.889 -130.7300
2.866910 79.747 -130.8198
2.887685 79.600 -130.8231
2.908611 79.447 -130.7298
2.929688 79.285 -130.5310
2.950917 79.113 -130.2191
2.972301 78.928 -129.7878
2.993839 78.729 -129.2309
3.015534 78.518 -128.5421
3.037386 78.295 -127.7148
3.059396 78.063 -126.7420
3.081565 77.826 -125.6172
3.103896 77.589 -124.3341
3.126388 77.355 -122.8881
3.149043 77.131 -121.2769
3.171862 76.922 -119.5007
3.194847 76.734 -117.5635
3.217998 76.574 -115.4726
3.241317 76.447 -113.2381
3.264805 76.359 -110.8719
3.288463 76.312 -108.3855
3.312293 76.309 -105.7912
3.336295 76.350 -103.1040
3.360471 76.434 -100.3470
3.384822 76.556 -97.5527
3.409350 76.713 -94.7614
3.434056 76.900 -92.0176
3.458940 77.112 -89.3651
3.484005 77.345 -86.8440
3.509252 77.592 -84.4877
3.534681 77.850 -82.3216
3.560295 78.114 -80.3629
3.586094 78.380 -78.6206
3.612081 78.647 -77.0965
3.638255 78.913 -75.7854
3.664620 79.180 -74.6765
3.691175 79.449 -73.7550
3.717923 79.721 -73.0037
3.744864 79.998 -72.4054
3.772001 80.279 -71.9433
3.799335 80.562 -71.6020
3.826866 80.846 -71.3674
3.854597 81.127 -71.2268
3.882529 81.403 -71.1691
3.910664 81.672 -71.1851
3.939002 81.929 -71.2676
3.967546 82.174 -71.4120
3.996296 82.404 -71.6158
4.025255 82.619 -71.8788
4.054423 82.818 -72.2020
4.083804 83.003 -72.5850
4.113396 83.174 -73.0250
4.143204 83.331 -73.5161
4.173227 83.476 -74.0499
4.203468 83.610 -74.6167
4.233928 83.732 -75.2066
4.264609 83.843 -75.8102
4.295512 83.944 -76.4196
4.326639 84.035 -77.0292
4.357992 84.116 -77.6365
4.389572 84.187 -78.2428
4.421380 84.247 -78.8518
4.453419 84.297 -79.4678
4.485691 84.335 -80.0931
4.518196 84.362 -80.7263
4.550936 84.379 -81.3628
4.583914 84.385 -81.9953
4.617131 84.383 -82.6152
4.650589 84.372 -83.2131
4.684289 84.352 -83.7801
4.718233 84.325 -84.3093
4.752424 84.290 -84.7965
4.786862 84.246 -85.2405
4.821549 84.194 -85.6425
4.856488 84.133 -86.0037
4.891680 84.065 -86.3249
4.927127 83.990 -86.6047
4.962831 83.910 -86.8408
4.998794 83.827 -87.0289
5.035017 83.741 -87.1642
5.071503 83.655 -87.2407
5.108253 83.569 -87.2528
5.145270 83.483 -87.1955
5.182555 83.398 -87.0656
5.220110 83.313 -86.8633
5.257937 83.230 -86.5918
5.296038 83.149 -86.2575
5.334415 83.074 -85.8688
5.373071 83.005 -85.4352
5.412006 82.944 -84.9658
5.451224 82.895 -84.4679
5.490725 82.858 -83.9468
5.530514 82.833 -83.4055
5.570590 82.821 -82.8480
5.610957 82.821 -82.2812
5.651616 82.833 -81.7163
5.692570 82.856 -81.1676
5.733821 82.888 -80.6508
5.775370 82.928 -80.1809
5.817221 82.978 -79.7703
5.859375 83.035 -79.4272
5.901834 83.100 -79.1556
5.944602 83.173 -78.9564
5.987679 83.253 -78.8297
6.031068 83.337 -78.7758
6.074771 83.423 -78.7956
6.118792 83.511 -78.8906
6.163131 83.596 -79.0627
6.207792 83.679 -79.3137
6.252776 83.759 -79.6438
6.298086 83.834 -80.0516
6.343725 83.904 -80.5321
6.389694 83.970 -81.0782
6.435996 84.030 -81.6811
6.482634 84.084 -82.3326
6.529610 84.131 -83.0258
6.576926 84.170 -83.7567
6.624585 84.201 -84.5232
6.672590 84.223 -85.3240
6.720942 84.237 -86.1552
6.769645 84.244 -87.0102
6.818700 84.243 -87.8803
6.868111 84.235 -88.7558
6.917881 84.220 -89.6286
6.968010 84.198 -90.4932
7.018504 84.170 -91.3468
7.069362 84.135 -92.1876
7.120590 84.096 -93.0127
7.172189 84.053 -93.8176
7.224161 84.006 -94.5964
7.276511 83.958 -95.3430
7.329239 83.910 -96.0521
7.382350 83.862 -96.7209
7.435845 83.814 -97.3489
7.489729 83.769 -97.9376
7.544002 83.727 -98.4894
7.598669 83.690 -99.0069
7.653732 83.659 -99.4918
7.709194 83.636 -99.9455
7.765058 83.621 -100.3703
7.821327 83.615 -100.7701
7.878004 83.618 -101.1518
7.935091 83.631 -101.5240
7.992592 83.653 -101.8952
8.050510 83.685 -102.2725
8.108847 83.728 -102.6610
8.167607 83.779 -103.0644
8.226793 83.839 -103.4867
8.286408 83.907 -103.9325
8.346454 83.982 -104.4068
8.406936 84.062 -104.9131
8.467856 84.146 -105.4534
8.529218 84.234 -106.0271
8.591024 84.324 -106.6320
8.653278 84.416 -107.2649
8.715983 84.508 -107.9227
8.779143 84.599 -108.6023
8.842760 84.689 -109.3007
8.906839 84.777 -110.0136
8.971381 84.862 -110.7355
9.036392 84.945 -111.4598
9.101873 85.025 -112.1798
9.167829 85.101 -112.8903
9.234263 85.174 -113.5868
9.301178 85.243 -114.2653
9.368578 85.310 -114.9212
9.436467 85.375 -115.5499
9.504847 85.437 -116.1472
9.573723 85.499 -116.7103
9.643099 85.558 -117.2377
9.712976 85.618 -117.7290
9.783361 85.677 -118.1843
9.854255 85.738 -118.6039
9.925663 85.799 -118.9888
9.997588 85.862 -119.3407
10.070035 85.927 -119.6626
10.143007 85.993 -119.9579
10.216507 86.062 -120.2307
10.290540 86.132 -120.4843
10.365109 86.205 -120.7219
10.440219 86.279 -120.9467
10.515873 86.354 -121.1621
10.592076 86.430 -121.3709
10.668830 86.506 -121.5754
10.746141 86.582 -121.7771
10.824012 86.657 -121.9766
10.902447 86.731 -122.1742
10.981451 86.803 -122.3699
11.061027 86.873 -122.5632
11.141180 86.941 -122.7534
11.221913 87.006 -122.9391
11.303232 87.068 -123.1189
11.385140 87.128 -123.2918
11.467641 87.185 -123.4566
11.550741 87.239 -123.6127
11.634442 87.291 -123.7597
11.718750 87.340 -123.8973
11.803669 87.387 -124.0258
11.889203 87.432 -124.1460
11.975357 87.475 -124.2590
12.062136 87.516 -124.3662
12.149543 87.556 -124.4692
12.237583 87.594 -124.5695
12.326262 87.630 -124.6688
12.415583 87.664 -124.7687
12.505552 87.697 -124.8705
12.596172 87.727 -124.9751
12.687449 87.754 -125.0831
12.779387 87.780 -125.1946
12.871992 87.802 -125.3098
12.965268 87.822 -125.4283
13.059220 87.839 -125.5494
13.153852 87.854 -125.6725
13.249170 87.866 -125.7970
13.345179 87.876 -125.9225
13.441884 87.884 -126.0491
13.539289 87.890 -126.1769
13.637401 87.895 -126.3067
13.736223 87.899 -126.4399
13.835761 87.903 -126.5782
13.936021 87.906 -126.7238
14.037007 87.910 -126.8792
14.138725 87.913 -127.0469
14.241180 87.917 -127.2294
14.344377 87.920 -127.4291
14.448323 87.924 -127.6475
14.553021 87.927 -127.8860
14.658478 87.929 -128.1449
14.764700 87.931 -128.4240
14.871691 87.932 -128.7222
14.979457 87.931 -129.0376
15.088005 87.930 -129.3680
15.197339 87.927 -129.7108
15.307465 87.923 -130.0632
15.418389 87.919 -130.4225
15.530117 87.915 -130.7863
15.642655 87.911 -131.1528
15.756008 87.908 -131.5208
15.870182 87.907 -131.8896
15.985184 87.908 -132.2595
16.101019 87.911 -132.6313
16.217694 87.917 -133.0060
16.335214 87.926 -133.3850
16.453586 87.939 -133.7695
16.572815 87.954 -134.1607
16.692909 87.972 -134.5587
16.813872 87.992 -134.9633
16.935713 88.014 -135.3736
17.058436 88.037 -135.7876
17.182048 88.062 -136.2029
17.306556 88.088 -136.6167
17.431967 88.115 -137.0257
17.558286 88.142 -137.4267
17.685521 88.171 -137.8170
17.813677 88.200 -138.1942
17.942762 88.230 -138.5564
18.072783 88.261 -138.9026
18.203746 88.294 -139.2325
18.335658 88.328 -139.5463
18.468526 88.363 -139.8446
18.602356 88.399 -140.1283
18.737156 88.436 -140.3984
18.872934 88.474 -140.6555
19.009695 88.511 -140.9004
19.147447 88.548 -141.1333
19.286197 88.585 -141.3543
19.425953 88.621 -141.5634
19.566721 88.656 -141.7603
19.708510 88.689 -141.9453
19.851326 88.721 -142.1184
19.995177 88.752 -142.2802
20.140070 88.781 -142.4315
20.286013 88.809 -142.5735
20.433014 88.835 -142.7074
20.581080 88.859 -142.8345
20.730219 88.880 -142.9560
20.880439 88.900 -143.0730
21.031747 88.918 -143.1864
21.184152 88.933 -143.2971
21.337661 88.947 -143.4057
21.492282 88.958 -143.5132
21.648024 88.967 -143.6205
21.804895 88.974 -143.7289
21.962902 88.980 -143.8400
22.122054 88.984 -143.9556
22.282360 88.987 -144.0778
22.443827 88.989 -144.2082
22.606464 88.990 -144.3484
22.770280 88.989 -144.4996
22.935283 88.988 -144.6624
23.101481 88.986 -144.8367
23.268884 88.982 -145.0222
23.437500 88.979 -145.2183
23.607338 88.974 -145.4244
23.778406 88.970 -145.6399
23.950714 88.967 -145.8646
24.124271 88.964 -146.0986
24.299086 88.962 -146.3419
24.475167 88.961 -146.5946
24.652524 88.961 -146.8566
24.831166 88.963 -147.1272
25.011103 88.966 -147.4049
25.192344 88.970 -147.6878
25.374898 88.976 -147.9735
25.558775 88.982 -148.2596
25.743984 88.990 -148.5434
25.930536 89.000 -148.8229
26.118439 89.011 -149.0965
26.307704 89.024 -149.3633
26.498341 89.039 -149.6226
26.690359 89.055 -149.8742
26.883768 89.072 -150.1178
27.078579 89.090 -150.3529
27.274801 89.109 -150.5788
27.472446 89.129 -150.7947
27.671522 89.148 -150.9996
27.872042 89.167 -151.1928
28.074014 89.186 -151.3740
28.277450 89.205 -151.5432
28.482360 89.222 -151.7013
28.688755 89.239 -151.8490
28.896645 89.255 -151.9878
29.106042 89.270 -152.1187
29.316957 89.284 -152.2432
29.529400 89.296 -152.3624
29.743382 89.306 -152.4776
29.958915 89.315 -152.5899
30.176009 89.323 -152.7010
30.394677 89.328 -152.8122
30.614929 89.333 -152.9251
30.836778 89.336 -153.0412
31.060234 89.338 -153.1615
31.285309 89.338 -153.2871
31.512015 89.338 -153.4185
31.740364 89.336 -153.5560
31.970368 89.334 -153.7001
32.202039 89.332 -153.8510
32.435388 89.329 -154.0089
32.670428 89.327 -154.1739
32.907171 89.325 -154.3461
33.145630 89.323 -154.5251
33.385817 89.323 -154.7102
33.627745 89.322 -154.9005
33.871425 89.323 -155.0946
34.116871 89.325 -155.2915
34.364096 89.328 -155.4898
34.613113 89.331 -155.6884
34.863934 89.336 -155.8860
35.116572 89.341 -156.0816
35.371041 89.348 -156.2741
35.627354 89.355 -156.4624
35.885525 89.362 -156.6456
36.145566 89.369 -156.8230
36.407492 89.377 -156.9940
36.671316 89.384 -157.1580
36.937051 89.391 -157.3147
37.204712 89.398 -157.4639
37.474313 89.404 -157.6057
37.745867 89.409 -157.7406
38.019389 89.414 -157.8697
38.294893 89.418 -157.9944
38.572394 89.421 -158.1161
38.851905 89.424 -158.2363
39.133442 89.426 -158.3559
39.417019 89.427 -158.4754
39.702651 89.426 -158.5948
39.990353 89.426 -158.7142
40.280140 89.424 -158.8339
40.572026 89.423 -158.9542
40.866028 89.421 -159.0757
41.162160 89.420 -159.1992
41.460438 89.419 -159.3252
41.760877 89.418 -159.4540
42.063494 89.417 -159.5860
42.368303 89.417 -159.7211
42.675322 89.418 -159.8588
42.984565 89.418 -159.9984
43.296048 89.419 -160.1384
43.609789 89.419 -160.2774
43.925804 89.419 -160.4135
44.244108 89.419 -160.5455
44.564719 89.419 -160.6726
44.887654 89.420 -160.7947
45.212928 89.420 -160.9125
45.540560 89.420 -161.0269
45.870565 89.420 -161.1389
46.202962 89.421 -161.2495
46.537768 89.421 -161.3596
46.875000 89.420 -161.4699
47.214676 89.419 -161.5806
47.556813 89.418 -161.6915
47.901429 89.416 -161.8022
48.248542 89.414 -161.9123
48.598171 89.411 -162.0213
48.950334 89.409 -162.1291
49.305048 89.406 -162.2357
49.662333 89.404 -162.3414
50.022206 89.401 -162.4461
50.384688 89.399 -162.5497
50.749796 89.397 -162.6518
51.117550 89.396 -162.7521
51.487969 89.394 -162.8504
51.861072 89.392 -162.9466
52.236879 89.391 -163.0410
52.615409 89.390 -163.1339
52.996681 89.388 -163.2253
53.380717 89.386 -163.3153
53.767536 89.384 -163.4036
54.157158 89.382 -163.4903
54.549603 89.380 -163.5759
54.944892 89.378 -163.6611
55.343045 89.376 -163.7473
55.744084 89.374 -163.8358
56.148028 89.373 -163.9280
56.554900 89.372 -164.0251
56.964720 89.372 -164.1279
57.377510 89.371 -164.2365
57.793291 89.370 -164.3496
58.212085 89.368 -164.4650
58.633914 89.366 -164.5798
59.058799 89.363 -164.6920
59.486764 89.360 -164.8003
59.917829 89.356 -164.9050
60.352019 89.353 -165.0065
60.789354 89.349 -165.1050
61.229859 89.345 -165.2006
61.673556 89.340 -165.2933
62.120468 89.335 -165.3837
62.570618 89.329 -165.4731
63.024031 89.324 -165.5625
63.480729 89.318 -165.6521
63.940736 89.311 -165.7417
64.404077 89.304 -165.8308
64.870776 89.298 -165.9192
65.340856 89.291 -166.0072
65.814343 89.285 -166.0951
66.291261 89.279 -166.1828
66.771635 89.273 -166.2698
67.255489 89.267 -166.3554
67.742850 89.261 -166.4385
68.233743 89.254 -166.5183
68.728193 89.248 -166.5939
69.226226 89.242 -166.6650
69.727867 89.235 -166.7321
70.233144 89.229 -166.7965
70.742083 89.223 -166.8597
71.254709 89.217 -166.9235
71.771050 89.211 -166.9893
72.291132 89.205 -167.0575
72.814984 89.199 -167.1279
73.342631 89.192 -167.2000
73.874102 89.186 -167.2732
74.409424 89.180 -167.3473
74.948626 89.173 -167.4218
75.491734 89.167 -167.4959
76.038779 89.160 -167.5692
76.589787 89.154 -167.6414
77.144788 89.148 -167.7131
77.703811 89.141 -167.7855
78.266885 89.135 -167.8601
78.834039 89.129 -167.9385
79.405303 89.124 -168.0219
79.980706 89.117 -168.1113
80.560280 89.111 -168.2068
81.144053 89.104 -168.3083
81.732056 89.095 -168.4150
82.324320 89.086 -168.5256
82.920876 89.075 -168.6377
83.521755 89.062 -168.7481
84.126988 89.047 -168.8533
84.736607 89.029 -168.9503
85.350643 89.011 -169.0370
85.969129 88.991 -169.1125
86.592097 88.970 -169.1776
87.219579 88.950 -169.2345
87.851608 88.929 -169.2852
88.488217 88.909 -169.3313
89.129439 88.889 -169.3732
89.775308 88.870 -169.4110
90.425856 88.852 -169.4441
91.081119 88.835 -169.4709
91.741131 88.818 -169.4898
92.405925 88.803 -169.5006
93.075536 88.789 -169.5052
93.750000 88.776 -169.5079
94.429351 88.763 -169.5136
95.113625 88.750 -169.5250
95.802858 88.735 -169.5406
96.497085 88.718 -169.5562
97.196342 88.700 -169.5685
97.900667 88.681 -169.5769
98.610096 88.662 -169.5832
99.324665 88.644 -169.5897
100.044413 88.627 -169.5976
100.769376 88.611 -169.6073
101.499592 88.595 -169.6187
102.235100 88.580 -169.6310
102.975938 88.565 -169.6438
103.722144 88.550 -169.6575
104.473757 88.533 -169.6724
105.230817 88.516 -169.6883
105.993363 88.496 -169.7036
106.761435 88.474 -169.7153
107.535072 88.451 -169.7210
108.314315 88.429 -169.7230
109.099206 88.409 -169.7270
109.889783 88.389 -169.7381
110.686090 88.371 -169.7563
111.488167 88.352 -169.7761
112.296056 88.330 -169.7890
113.109800 88.306 -169.7862
113.929440 88.277 -169.7602
114.755020 88.243 -169.7054
115.586582 88.204 -169.6176
116.424170 88.159 -169.4935
117.267827 88.113 -169.3311
118.117598 88.067 -169.1329
118.973527 88.028 -168.9122
119.835658 88.000 -168.6995
120.704037 87.983 -168.5316
121.578708 87.974 -168.4242
122.459718 87.971 -168.3622
123.347111 87.970 -168.3177
124.240935 87.972 -168.2691
125.141236 87.975 -168.2065
126.048061 87.980 -168.1293
126.961458 87.983 -168.0417
127.881473 87.986 -167.9496
128.808154 87.986 -167.8587
129.741551 87.984 -167.7728
130.681712 87.979 -167.6945
131.628686 87.974 -167.6256
132.582521 87.967 -167.5680
133.543269 87.960 -167.5217
134.510979 87.952 -167.4848
135.485701 87.942 -167.4536
136.467486 87.932 -167.4249
137.456386 87.921 -167.3968
138.452451 87.908 -167.3679
139.455735 87.895 -167.3373
140.466288 87.881 -167.3039
141.484165 87.867 -167.2675
142.509418 87.854 -167.2285
143.542100 87.840 -167.1891
144.582265 87.827 -167.1514
145.629968 87.813 -167.1170
146.685262 87.799 -167.0856
147.748204 87.783 -167.0561
148.818849 87.766 -167.0269
149.897251 87.749 -166.9958
150.983469 87.730 -166.9597
152.077557 87.711 -166.9151
153.179574 87.691 -166.8583
154.289576 87.671 -166.7878
155.407622 87.651 -166.7058
156.533770 87.633 -166.6177
157.668078 87.615 -166.5299
158.810606 87.599 -166.4475
159.961413 87.583 -166.3731
161.120559 87.568 -166.3075
162.288105 87.551 -166.2494
163.464112 87.534 -166.1958
164.648640 87.516 -166.1428
165.841752 87.496 -166.0867
167.043510 87.476 -166.0242
168.253976 87.454 -165.9524
169.473213 87.432 -165.8698
170.701286 87.411 -165.7782
171.938258 87.390 -165.6821
173.184194 87.369 -165.5858
174.439158 87.349 -165.4917
175.703216 87.329 -165.4007
176.976434 87.308 -165.3127
178.258878 87.288 -165.2279
179.550615 87.267 -165.1468
180.851713 87.246 -165.0694
182.162239 87.224 -164.9947
183.482262 87.202 -164.9210
184.811850 87.180 -164.8463
186.151073 87.157 -164.7689
187.500000 87.134 -164.6877
188.858702 87.110 -164.6020
190.227250 87.086 -164.5118
191.605715 87.061 -164.4171
192.994169 87.034 -164.3172
194.392685 87.007 -164.2109
195.801334 86.978 -164.0968
197.220191 86.949 -163.9740
198.649330 86.920 -163.8420
200.088825 86.891 -163.7010
201.538751 86.863 -163.5519
202.999184 86.835 -163.3972
204.470200 86.809 -163.2409
205.951875 86.784 -163.0871
207.444287 86.759 -162.9388
208.947514 86.734 -162.7968
210.461634 86.708 -162.6597
211.986726 86.680 -162.5237
213.522869 86.650 -162.3835
215.070144 86.620 -162.2330
216.628631 86.588 -162.0673
218.198411 86.557 -161.8850
219.779567 86.527 -161.6889
221.372180 86.498 -161.4848
222.976334 86.471 -161.2789
224.592112 86.445 -161.0752
226.219600 86.420 -160.8750
227.858880 86.395 -160.6782
229.510039 86.370 -160.4836
231.173164 86.344 -160.2902
232.848340 86.318 -160.0972
234.535655 86.292 -159.9041
236.235197 86.266 -159.7112
237.947054 86.239 -159.5190
239.671317 86.212 -159.3271
241.408074 86.184 -159.1345
243.157416 86.155 -158.9391
244.919435 86.124 -158.7378
246.694223 86.092 -158.5267
248.481871 86.060 -158.3016
250.282473 86.027 -158.0588
252.096123 85.995 -157.7973
253.922915 85.965 -157.5201
255.762945 85.938 -157.2351
257.616309 85.914 -156.9527
259.483103 85.891 -156.6823
261.363424 85.869 -156.4278
263.257372 85.847 -156.1868
265.165043 85.823 -155.9519
267.086538 85.797 -155.7151
269.021957 85.770 -155.4700
270.971401 85.742 -155.2134
272.934972 85.714 -154.9448
274.912771 85.686 -154.6653
276.904902 85.660 -154.3764
278.911469 85.635 -154.0794
280.932577 85.611 -153.7768
282.968330 85.590 -153.4725
285.018835 85.571 -153.1732
287.084199 85.553 -152.8869
289.164530 85.536 -152.6198
291.259935 85.519 -152.3736
293.370525 85.499 -152.1429
295.496408 85.476 -151.9179
297.637697 85.450 -151.6884
299.794503 85.423 -151.4476
301.966937 85.394 -151.1927
304.155114 85.364 -150.9242
306.359147 85.335 -150.6448
308.579152 85.306 -150.3583
310.815244 85.277 -150.0687
313.067539 85.247 -149.7781
315.336156 85.217 -149.4858
317.621211 85.186 -149.1880
319.922826 85.154 -148.8804
322.241118 85.122 -148.5606
324.576210 85.092 -148.2292
326.928223 85.062 -147.8893
329.297280 85.034 -147.5443
331.683504 85.007 -147.1977
334.087019 84.981 -146.8518
336.507952 84.955 -146.5077
338.946427 84.929 -146.1651
341.402572 84.902 -145.8220
343.876516 84.875 -145.4756
346.368387 84.847 -145.1239
348.878315 84.819 -144.7663
351.406431 84.791 -144.4035
353.952867 84.764 -144.0368
356.517756 84.736 -143.6669
359.101230 84.709 -143.2937
361.703426 84.683 -142.9171
364.324478 84.656 -142.5363
366.964523 84.630 -142.1512
369.623699 84.603 -141.7617
372.302145 84.577 -141.3681
375.000000 84.551 -140.9709
377.717405 84.525 -140.5703
380.454501 84.499 -140.1663
383.211431 84.473 -139.7589
385.988339 84.447 -139.3479
388.785369 84.422 -138.9331
391.602668 84.397 -138.5143
394.440383 84.372 -138.0916
397.298660 84.348 -137.6655
400.177650 84.324 -137.2367
403.077502 84.301 -136.8064
405.998368 84.278 -136.3757
408.940400 84.254 -135.9448
411.903750 84.231 -135.5122
414.888575 84.206 -135.0750
417.895028 84.182 -134.6294
420.923268 84.157 -134.1731
423.973452 84.133 -133.7055
427.045738 84.110 -133.2287
430.140287 84.088 -132.7471
433.257261 84.069 -132.2654
436.396822 84.051 -131.7860
439.559133 84.034 -131.3084
442.744360 84.018 -130.8320
445.952668 84.003 -130.3590
449.184225 83.989 -129.8946
452.439199 83.976 -129.4455
455.717760 83.962 -129.0152
459.020079 83.946 -128.6000
462.346327 83.926 -128.1891
465.696680 83.904 -127.7701
469.071310 83.880 -127.3345
472.470394 83.855 -126.8802
475.894109 83.830 -126.4101
479.342634 83.805 -125.9305
482.816148 83.781 -125.4481
486.314833 83.756 -124.9652
489.838871 83.731 -124.4782
493.388445 83.705 -123.9794
496.963741 83.679 -123.4642
500.564945 83.655 -122.9350
504.192245 83.632 -122.3994
507.845830 83.611 -121.8647
511.525890 83.591 -121.3343
515.232618 83.570 -120.8071
518.966206 83.549 -120.2792
522.726849 83.527 -119.7457
526.514743 83.504 -119.2023
530.330086 83.482 -118.6476
534.173076 83.461 -118.0843
538.043915 83.440 -117.5175
541.942803 83.421 -116.9495
545.869944 83.402 -116.3793
549.825542 83.383 -115.8055
553.809805 83.366 -115.2288
557.822939 83.348 -114.6516
561.865154 83.331 -114.0763
565.936660 83.314 -113.5034
570.037671 83.296 -112.9311
574.168399 83.277 -112.3564
578.329060 83.258 -111.7771
582.519870 83.238 -111.1929
586.741049 83.218 -110.6033
590.992817 83.197 -110.0058
595.275394 83.176 -109.3974
599.589005 83.156 -108.7787
603.933874 83.136 -108.1536
608.310228 83.116 -107.5263
612.718295 83.096 -106.8980
617.158304 83.075 -106.2658
621.630488 83.054 -105.6229
626.135079 83.032 -104.9624
630.672311 83.010 -104.2817
635.242423 82.990 -103.5848
639.845651 82.972 -102.8773
644.482237 82.956 -102.1611
649.152421 82.941 -101.4350
653.856447 82.928 -100.7001
658.594560 82.918 -99.9632
663.367008 82.911 -99.2347
668.174039 82.905 -98.5225
673.015903 82.898 -97.8259
677.892854 82.889 -97.1367
682.805145 82.878 -96.4459
687.753032 82.865 -95.7464
692.736774 82.851 -95.0332
697.756631 82.837 -94.3023
702.812863 82.823 -93.5527
707.905735 82.811 -92.7869
713.035511 82.800 -92.0091
718.202461 82.791 -91.2229
723.406852 82.783 -90.4292
728.648956 82.775 -89.6274
733.929047 82.769 -88.8166
739.247399 82.764 -87.9968
744.604290 82.760 -87.1681
750.000000 82.757 -86.3306
755.434809 82.756 -85.4844
760.909001 82.756 -84.6298
766.422861 82.758 -83.7674
771.976677 82.762 -82.8983
777.570739 82.768 -82.0237
783.205337 82.775 -81.1443
788.880766 82.784 -80.2590
794.597321 82.795 -79.3650
800.355301 82.809 -78.4606
806.155005 82.826 -77.5480
811.996736 82.846 -76.6340
817.880799 82.871 -75.7278
823.807501 82.900 -74.8391
829.777150 82.931 -73.9760
835.790057 82.963 -73.1403
841.846536 82.993 -72.3246
847.946903 83.022 -71.5176
854.091476 83.049 -70.7108
860.280575 83.076 -69.8998
866.514523 83.102 -69.0816
872.793644 83.129 -68.2528
879.118267 83.156 -67.4138
885.488720 83.184 -66.5691
891.905336 83.214 -65.7227
898.368450 83.245 -64.8757
904.878398 83.277 -64.0262
911.435520 83.311 -63.1729
918.040157 83.346 -62.3171
924.692655 83.384 -61.4611
931.393359 83.424 -60.6076
938.142619 83.465 -59.7600
944.940787 83.508 -58.9203
951.788218 83.551 -58.0883
958.685268 83.595 -57.2627
965.632296 83.639 -56.4418
972.629666 83.683 -55.6231
979.677741 83.728 -54.8053
986.776890 83.774 -53.9878
993.927482 83.821 -53.1687
1001.129891 83.868 -52.3436
1008.384491 83.918 -51.5090
1015.691660 83.970 -50.6658
1023.051781 84.026 -49.8193
1030.465236 84.086 -48.9780
1037.932411 84.150 -48.1546
1045.453698 84.218 -47.3623
1053.029486 84.286 -46.6066
1060.660172 84.354 -45.8838
1068.346153 84.420 -45.1846
1076.087829 84.484 -44.4990
1083.885605 84.546 -43.8197
1091.739887 84.607 -43.1441
1099.651084 84.667 -42.4720
1107.619609 84.727 -41.8037
1115.645878 84.786 -41.1387
1123.730308 84.844 -40.4763
1131.873321 84.902 -39.8157
1140.075341 84.959 -39.1552
1148.336797 85.016 -38.4938
1156.658119 85.073 -37.8301
1165.039741 85.130 -37.1628
1173.482099 85.188 -36.4904
1181.985634 85.248 -35.8140
1190.550789 85.310 -35.1404
1199.178011 85.375 -34.4813
1207.867749 85.441 -33.8487
1216.620457 85.507 -33.2479
1225.436590 85.571 -32.6750
1234.316609 85.633 -32.1205
1243.260976 85.691 -31.5750
1252.270157 85.745 -31.0302
1261.344623 85.798 -30.4818
1270.484846 85.848 -29.9286
1279.691303 85.898 -29.3695
1288.964474 85.946 -28.8029
1298.304842 85.993 -28.2294
1307.712894 86.041 -27.6513
1317.189120 86.088 -27.0720
1326.734016 86.134 -26.4934
1336.348077 86.180 -25.9144
1346.031806 86.224 -25.3320
1355.785708 86.267 -24.7424
1365.610290 86.308 -24.1413
1375.506065 86.350 -23.5239
1385.473549 86.391 -22.8853
1395.513261 86.434 -22.2242
1405.625726 86.480 -21.5465
1415.811469 86.531 -20.8645
1426.071023 86.585 -20.1936
1436.404921 86.640 -19.5434
1446.813703 86.696 -18.9145
1457.297912 86.752 -18.3015
1467.858093 86.806 -17.6981
1478.494798 86.858 -17.0994
1489.208581 86.910 -16.5013
1500.000000 86.960 -15.9001
1510.869618 87.010 -15.2924
1521.818002 87.058 -14.6750
1532.845723 87.107 -14.0454
1543.953355 87.157 -13.4018
1555.141477 87.208 -12.7441
1566.410674 87.263 -12.0769
1577.761531 87.321 -11.4115
1589.194642 87.383 -10.7620
1600.710601 87.446 -10.1375
1612.310010 87.510 -9.5382
1623.993473 87.573 -8.9585
1635.761599 87.633 -8.3908
1647.615002 87.692 -7.8288
1659.554299 87.750 -7.2674
1671.580114 87.806 -6.7028
1683.693072 87.861 -6.1339
1695.893807 87.917 -5.5622
1708.182952 87.971 -4.9892
1720.561150 88.025 -4.4137
1733.029045 88.078 -3.8318
1745.587288 88.130 -3.2370
1758.236533 88.181 -2.6217
1770.977440 88.234 -1.9796
1783.810673 88.291 -1.3116
1796.736900 88.352 -0.6282
1809.756796 88.420 0.0536
1822.871040 88.493 0.7193
1836.080315 88.569 1.3607
1849.385310 88.649 1.9742
1862.786718 88.730 2.5585
1876.285239 88.811 3.1144
1889.881575 88.892 3.6452
1903.576436 88.972 4.1566
1917.370535 89.052 4.6557
1931.264593 89.130 5.1491
1945.259332 89.210 5.6397
1959.355483 89.291 6.1223
1973.553781 89.374 6.5859
1987.854965 89.458 7.0220
2002.259781 89.542 7.4285
2016.768981 89.623 7.8089
2031.383320 89.703 8.1685
2046.103561 89.780 8.5131
2060.930471 89.856 8.8460
2075.864823 89.929 9.1681
2090.907395 90.001 9.4790
2106.058972 90.070 9.7801
2121.320344 90.137 10.0764
2136.692305 90.201 10.3760
2152.175658 90.264 10.6869
2167.771210 90.326 11.0114
2183.479774 90.391 11.3422
2199.302169 90.457 11.6671
2215.239219 90.525 11.9760
2231.291755 90.593 12.2646
2247.460615 90.660 12.5325
2263.746641 90.725 12.7837
2280.150683 90.789 13.0247
2296.673595 90.850 13.2636
2313.316238 90.911 13.5069
2330.079481 90.972 13.7554
2346.964198 91.035 14.0011
2363.971268 91.100 14.2309
2381.101578 91.167 14.4344
2398.356022 91.233 14.6069
2415.735498 91.298 14.7487
2433.240913 91.361 14.8631
2450.873180 91.421 14.9534
2468.633217 91.477 15.0220
2486.521951 91.529 15.0722
2504.540314 91.577 15.1105
2522.689246 91.620 15.1470
2540.969692 91.659 15.1917
2559.382606 91.696 15.2477
2577.928947 91.732 15.3094
2596.609683 91.767 15.3680
2615.425787 91.802 15.4170
2634.378241 91.834 15.4545
2653.468031 91.863 15.4832
2672.696154 91.888 15.5106
2692.063613 91.909 15.5459
2711.571415 91.929 15.5957
2731.220579 91.947 15.6587
2751.012130 91.966 15.7271
2770.947098 91.985 15.7925
2791.026522 92.003 15.8500
2811.251451 92.020 15.8986
2831.622938 92.035 15.9404
2852.142045 92.047 15.9778
2872.809842 92.056 16.0148
2893.627406 92.061 16.0586
2914.595823 92.064 16.1195
2935.716186 92.066 16.2052
2956.989596 92.068 16.3148
2978.417161 92.073 16.4389
3000.000000 92.080 16.5655
3021.739237 92.090 16.6836
3043.636005 92.102 16.7869
3065.691446 92.115 16.8735
3087.906710 92.128 16.9442
3110.282955 92.142 16.9967
3132.821347 92.157 17.0241
3155.523062 92.171 17.0186
3178.389283 92.182 16.9771
3201.421202 92.190 16.9023
3224.620020 92.192 16.8013
3247.986946 92.188 16.6831
3271.523198 92.176 16.5596
3295.230004 92.158 16.4455
3319.108599 92.134 16.3550
3343.160228 92.107 16.2941
3367.386145 92.078 16.2588
3391.787613 92.050 16.2390
3416.365904 92.021 16.2242
3441.122300 91.991 16.2090
3466.058091 91.960 16.1953
3491.174576 91.927 16.1876
3516.473066 91.892 16.1871
3541.954880 91.857 16.1907
3567.621345 91.821 16.1938
3593.473800 91.784 16.1925
3619.513592 91.745 16.1836
3645.742080 91.704 16.1659
3672.160630 91.658 16.1436
3698.770620 91.609 16.1263
3725.573436 91.556 16.1233
3752.570477 91.499 16.1382
3779.763150 91.441 16.1693
3807.152872 91.380 16.2145
3834.741071 91.316 16.2763
3862.529185 91.250 16.3627
3890.518664 91.183 16.4812
3918.710966 91.116 16.6328
3947.107561 91.050 16.8110
3975.709929 90.988 17.0051
4004.519563 90.929 17.2023
4033.537962 90.872 17.3910
4062.766641 90.816 17.5667
4092.207123 90.759 17.7330
4121.860942 90.701 17.8958
4151.729646 90.641 18.0581
4181.814790 90.579 18.2199
4212.117944 90.515 18.3832
4242.640687 90.449 18.5558
4273.384610 90.380 18.7482
4304.351317 90.311 18.9669
4335.542421 90.242 19.2109
4366.959549 90.175 19.4726
4398.604338 90.112 19.7394
4430.478438 90.051 19.9984
4462.583511 89.991 20.2434
4494.921231 89.931 20.4752
4527.493283 89.870 20.6966
4560.301365 89.808 20.9087
4593.347189 89.743 21.1134
4626.632476 89.674 21.3182
4660.158962 89.602 21.5363
4693.928395 89.527 21.7793
4727.942535 89.451 22.0528
4762.203156 89.376 22.3542
4796.712043 89.304 22.6735
4831.470996 89.234 22.9991
4866.481826 89.166 23.3241
4901.746360 89.099 23.6459
4937.266434 89.032 23.9624
4973.043902 88.966 24.2715
5009.080628 88.897 24.5759
5045.378492 88.826 24.8859
5081.939384 88.753 25.2148
5118.765212 88.678 25.5724
5155.857894 88.605 25.9613
5193.219366 88.534 26.3751
5230.851574 88.466 26.8040
5268.756481 88.402 27.2402
5306.936062 88.342 27.6771
5345.392309 88.285 28.1068
5384.127225 88.231 28.5232
5423.142830 88.176 28.9268
5462.441159 88.122 29.3258
5502.024259 88.066 29.7305
5541.894195 88.012 30.1483
5582.053045 87.958 30.5795
5622.502902 87.908 31.0197
5663.245876 87.860 31.4648
5704.284090 87.815 31.9106
5745.619684 87.772 32.3521
5787.254813 87.733 32.7849
5829.191647 87.694 33.2104
5871.432373 87.656 33.6353
5913.979192 87.620 34.0678
5956.834323 87.586 34.5122
6000.000000 87.555 34.9666
6043.478473 87.529 35.4254
6087.272010 87.508 35.8812
6131.382892 87.493 36.3244
6175.813420 87.483 36.7452
6220.565910 87.476 37.1386
6265.642695 87.471 37.5069
6311.046124 87.468 37.8568
6356.778566 87.466 38.1952
6402.842404 87.466 38.5258
6449.240040 87.468 38.8507
6495.973891 87.474 39.1700
6543.046396 87.483 39.4812
6590.460007 87.495 39.7823
6638.217197 87.511 40.0755
6686.320456 87.529 40.3681
6734.772290 87.552 40.6686
6783.575226 87.581 40.9828
6832.731809 87.618 41.3122
6882.244600 87.666 41.6526
6932.116181 87.728 41.9930
6982.349153 87.805 42.3181
7032.946133 87.898 42.6133
7083.909760 88.009 42.8658
7135.242690 88.139 43.0621
7186.947600 88.289 43.1844
7239.027185 88.461 43.2091
7291.484160 88.657 43.1050
7344.321260 88.876 42.8341
7397.541239 89.116 42.3574
7451.146872 89.373 41.6395
7505.140954 89.645 40.6508
7559.526299 89.925 39.3641
7614.305743 90.209 37.7542
7669.482141 90.491 35.7983
7725.058371 90.762 33.4757
7781.037328 91.012 30.7741
7837.421932 91.230 27.6970
7894.215122 91.404 24.2686
7951.419859 91.524 20.5328
8009.039125 91.580 16.5509
8067.075924 91.565 12.3976
8125.533282 91.477 8.1531
8184.414245 91.314 3.8993
8243.721885 91.076 -0.2818
8303.459292 90.767 -4.3099
8363.629581 90.391 -8.1119
8424.235888 89.956 -11.6255
8485.281374 89.473 -14.8050
8546.769221 88.952 -17.6259
8608.702634 88.405 -20.0838
8671.084842 87.840 -22.1872
8733.919097 87.268 -23.9521
8797.208675 86.693 -25.3965
8860.956876 86.122 -26.5397
8925.167022 85.560 -27.4055
8989.842461 85.013 -28.0244
9054.986566 84.483 -28.4301
9120.602731 83.973 -28.6543
9186.694378 83.482 -28.7219
9253.264952 83.011 -28.6496
9320.317925 82.559 -28.4508
9387.856790 82.128 -28.1413
9455.885071 81.719 -27.7403
9524.406312 81.330 -27.2666
9593.424086 80.961 -26.7342
9662.941992 80.611 -26.1486
9732.963653 80.280 -25.5118
9803.492719 79.968 -24.8300
9874.532869 79.675 -24.1144
9946.087805 79.401 -23.3778
10018.161257 79.145 -22.6281
10090.756983 78.905 -21.8662
10163.878768 78.682 -21.0926
10237.530423 78.476 -20.3122
10311.715789 78.286 -19.5342
10386.438732 78.113 -18.7670
10461.703149 77.955 -18.0127
10537.512962 77.812 -17.2687
10613.872125 77.683 -16.5343
10690.784618 77.570 -15.8140
10768.254450 77.472 -15.1141
10846.285661 77.387 -14.4365
10924.882318 77.317 -13.7771
11004.048518 77.260 -13.1311
11083.788390 77.217 -12.4983
11164.106090 77.190 -11.8831
11245.005805 77.178 -11.2881
11326.491752 77.182 -10.7113
11408.568180 77.203 -10.1494
11491.239368 77.242 -9.6028
11574.509626 77.302 -9.0766
11658.383294 77.384 -8.5761
11742.864745 77.489 -8.1044
11827.958384 77.619 -7.6656
11913.668646 77.777 -7.2695
12000.000000 77.966 -6.9319
12086.956947 78.188 -6.6698
12174.544019 78.447 -6.4993
12262.765784 78.745 -6.4403
12351.626840 79.087 -6.5218
12441.131819 79.476 -6.7807
12531.285389 79.915 -7.2583
12622.092249 80.408 -8.0009
12713.557132 80.957 -9.0658
12805.684808 81.564 -10.5247
12898.480079 82.224 -12.4600
12991.947783 82.932 -14.9594
13086.092792 83.676 -18.1135
13180.920015 84.437 -22.0129
13276.434395 85.192 -26.7355
13372.640911 85.911 -32.3296
13469.544580 86.561 -38.7989
13567.150452 87.108 -46.0938
13665.463617 87.520 -54.1045
13764.489200 87.769 -62.6563
13864.232362 87.837 -71.5168
13964.698305 87.718 -80.4209
14065.892266 87.420 -89.1075
14167.819519 86.962 -97.3518
14270.485380 86.371 -104.9858
14373.895200 85.679 -111.9068
14478.054370 84.922 -118.0760
14582.968320 84.133 -123.5082
14688.642520 83.342 -128.2568
14795.082478 82.577 -132.4029
14902.293745 81.858 -136.0475
15010.281908 81.203 -139.2997
15119.052599 80.620 -142.2682
15228.611486 80.117 -145.0573
15338.964283 79.694 -147.7675
15450.116741 79.352 -150.4932
15562.074656 79.087 -153.3220
15674.843864 78.894 -156.3370
15788.430244 78.767 -159.6180
15902.839718 78.695 -163.2387
16018.078250 78.666 -167.2631
16134.151848 78.667 -171.7425
16251.066563 78.679 -176.7113
16368.828491 78.683 177.8205
16487.443769 78.656 171.8719
16606.918584 78.579 165.4913
16727.259161 78.430 158.7585
16848.471777 78.193 151.7837
16970.562748 77.859 144.6982
17093.538442 77.422 137.6428
17217.405268 76.885 130.7554
17342.169684 76.257 124.1575
17467.838194 75.551 117.9426
17594.417350 74.785 112.1708
17721.913751 73.980 106.8680
17850.334044 73.157 102.0252
17979.684923 72.335 97.6025
18109.973131 71.535 93.5367
18241.205462 70.771 89.7448
18373.388756 70.055 86.1312
18506.529905 69.393 82.5973
18640.635849 68.784 79.0474
18775.713581 68.223 75.3958
18911.770141 67.699 71.5766
19048.812624 67.200 67.5523
19186.848172 66.713 63.3227
19325.883983 66.228 58.9332
19465.927305 65.744 54.4911
19606.985439 65.273 50.1871
19749.065738 64.844 46.3219
19892.175609 64.508 43.3147
20036.322514 64.322 41.6390
