* Measurement data measured by REW V5.30.5
* Source: EXCL: Microphone (Realtek(R) Audio), MICROPHONE (Master Volume), L, volume: 1.000
* Format: 256k Log Swept Sine, 1 sweep at -12.0 dBFS with no timing reference
* Dated: Feb 12, 2024 1:17:12 AM
* REW Settings:
*  C-weighting compensation: Off
*  Target level: 75.0 dB
* Note: TIMSOK TS-316 L
* Measurement: L TIMSOK TS-316
* Smoothing: 1/12 octave
* Frequency Step: 96 ppo
* Start Frequency: 1.0986328 Hz
*
* Freq(Hz) SPL(dB) Phase(degrees)
1.098633 80.279 9.0324
1.106594 80.354 9.0599
1.114613 80.465 9.1000
1.122690 80.601 9.1488
1.130825 80.753 9.2026
1.139020 80.915 9.2586
1.147273 81.084 9.3147
1.155587 81.256 9.3692
1.163961 81.431 9.4211
1.172395 81.609 9.4693
1.180891 81.787 9.5130
1.189448 81.968 9.5514
1.198068 82.149 9.5838
1.206749 82.332 9.6097
1.215494 82.517 9.6284
1.224302 82.702 9.6393
1.233174 82.889 9.6421
1.242110 83.078 9.6360
1.251111 83.268 9.6208
1.260177 83.459 9.5959
1.269308 83.651 9.5610
1.278506 83.845 9.5156
1.287771 84.041 9.4594
1.297103 84.237 9.3920
1.306502 84.436 9.3130
1.315969 84.635 9.2221
1.325505 84.836 9.1190
1.335111 85.039 9.0034
1.344785 85.243 8.8749
1.354530 85.448 8.7333
1.364346 85.655 8.5783
1.374232 85.864 8.4095
1.384191 86.073 8.2268
1.394221 86.284 8.0299
1.404324 86.496 7.8187
1.414500 86.709 7.5931
1.424751 86.921 7.3532
1.435075 87.133 7.0996
1.445474 87.343 6.8330
1.455948 87.550 6.5547
1.466499 87.752 6.2666
1.477126 87.950 5.9708
1.487830 88.143 5.6694
1.498611 88.332 5.3639
1.509471 88.518 5.0553
1.520409 88.703 4.7443
1.531427 88.885 4.4310
1.542524 89.066 4.1154
1.553702 89.246 3.7972
1.564960 89.425 3.4763
1.576301 89.603 3.1523
1.587723 89.779 2.8249
1.599229 89.955 2.4938
1.610817 90.130 2.1585
1.622490 90.303 1.8186
1.634247 90.476 1.4739
1.646089 90.649 1.1239
1.658018 90.820 0.7683
1.670032 90.991 0.4066
1.682134 91.160 0.0384
1.694323 91.330 -0.3366
1.706601 91.498 -0.7189
1.718968 91.667 -1.1089
1.731424 91.834 -1.5070
1.743971 92.002 -1.9136
1.756608 92.169 -2.3290
1.769338 92.335 -2.7537
1.782159 92.502 -3.1879
1.795073 92.668 -3.6317
1.808081 92.833 -4.0852
1.821183 92.998 -4.5480
1.834380 93.163 -5.0195
1.847673 93.327 -5.4991
1.861062 93.489 -5.9856
1.874548 93.651 -6.4783
1.888132 93.811 -6.9763
1.901814 93.971 -7.4789
1.915595 94.129 -7.9857
1.929476 94.285 -8.4962
1.943458 94.441 -9.0100
1.957541 94.595 -9.5269
1.971726 94.749 -10.0466
1.986014 94.901 -10.5689
2.000406 95.052 -11.0937
2.014902 95.202 -11.6210
2.029502 95.351 -12.1507
2.044209 95.499 -12.6829
2.059022 95.647 -13.2176
2.073943 95.793 -13.7549
2.088971 95.939 -14.2950
2.104109 96.084 -14.8381
2.119356 96.229 -15.3845
2.134714 96.373 -15.9345
2.150183 96.516 -16.4886
2.165764 96.659 -17.0471
2.181458 96.801 -17.6107
2.197266 96.943 -18.1799
2.213188 97.083 -18.7551
2.229226 97.223 -19.3366
2.245379 97.361 -19.9242
2.261650 97.498 -20.5176
2.278039 97.634 -21.1164
2.294547 97.768 -21.7198
2.311174 97.901 -22.3271
2.327922 98.033 -22.9378
2.344791 98.164 -23.5511
2.361782 98.293 -24.1665
2.378897 98.422 -24.7833
2.396135 98.549 -25.4010
2.413498 98.675 -26.0193
2.430988 98.800 -26.6377
2.448604 98.924 -27.2559
2.466347 99.047 -27.8738
2.484219 99.170 -28.4912
2.502221 99.291 -29.1084
2.520353 99.412 -29.7258
2.538617 99.532 -30.3439
2.557013 99.651 -30.9638
2.575542 99.769 -31.5865
2.594205 99.886 -32.2133
2.613004 100.001 -32.8446
2.631939 100.115 -33.4808
2.651011 100.228 -34.1216
2.670221 100.339 -34.7664
2.689571 100.449 -35.4143
2.709061 100.557 -36.0644
2.728692 100.664 -36.7158
2.748465 100.770 -37.3675
2.768381 100.875 -38.0186
2.788442 100.979 -38.6681
2.808648 101.081 -39.3152
2.829001 101.183 -39.9592
2.849501 101.283 -40.5998
2.870150 101.383 -41.2365
2.890948 101.481 -41.8698
2.911897 101.579 -42.5001
2.932998 101.675 -43.1285
2.954252 101.771 -43.7566
2.975659 101.865 -44.3853
2.997222 101.957 -45.0155
3.018941 102.048 -45.6474
3.040818 102.138 -46.2806
3.062853 102.226 -46.9145
3.085048 102.313 -47.5482
3.107403 102.399 -48.1807
3.129921 102.484 -48.8109
3.152601 102.567 -49.4378
3.175447 102.650 -50.0603
3.198457 102.731 -50.6774
3.221634 102.812 -51.2886
3.244980 102.892 -51.8933
3.268494 102.971 -52.4916
3.292179 103.049 -53.0841
3.316035 103.126 -53.6717
3.340065 103.202 -54.2554
3.364268 103.276 -54.8363
3.388647 103.350 -55.4146
3.413202 103.422 -55.9903
3.437936 103.493 -56.5632
3.462848 103.563 -57.1327
3.487942 103.633 -57.6980
3.513217 103.701 -58.2582
3.538675 103.769 -58.8126
3.564318 103.836 -59.3603
3.590146 103.903 -59.9006
3.616162 103.969 -60.4330
3.642366 104.035 -60.9572
3.668760 104.100 -61.4736
3.695346 104.165 -61.9825
3.722124 104.229 -62.4845
3.749096 104.293 -62.9801
3.776263 104.356 -63.4698
3.803627 104.418 -63.9537
3.831190 104.480 -64.4319
3.858953 104.541 -64.9044
3.886916 104.603 -65.3710
3.915082 104.664 -65.8316
3.943453 104.725 -66.2858
3.972029 104.787 -66.7334
4.000812 104.849 -67.1742
4.029803 104.911 -67.6079
4.059005 104.973 -68.0344
4.088418 105.035 -68.4539
4.118044 105.098 -68.8667
4.147885 105.161 -69.2733
4.177943 105.224 -69.6743
4.208218 105.287 -70.0704
4.238712 105.350 -70.4622
4.269428 105.414 -70.8504
4.300366 105.478 -71.2355
4.331528 105.543 -71.6178
4.362916 105.609 -71.9974
4.394531 105.675 -72.3743
4.426376 105.742 -72.7483
4.458451 105.810 -73.1192
4.490759 105.878 -73.4872
4.523301 105.948 -73.8528
4.556078 106.017 -74.2167
4.589094 106.087 -74.5797
4.622348 106.158 -74.9429
4.655844 106.229 -75.3071
4.689582 106.301 -75.6731
4.723565 106.374 -76.0414
4.757793 106.447 -76.4122
4.792270 106.520 -76.7856
4.826997 106.594 -77.1613
4.861975 106.669 -77.5393
4.897207 106.744 -77.9198
4.932694 106.819 -78.3031
4.968439 106.895 -78.6897
5.004442 106.971 -79.0801
5.040707 107.047 -79.4750
5.077234 107.123 -79.8749
5.114026 107.199 -80.2801
5.151084 107.274 -80.6907
5.188411 107.350 -81.1069
5.226008 107.426 -81.5283
5.263878 107.501 -81.9548
5.302022 107.576 -82.3860
5.340443 107.651 -82.8217
5.379142 107.725 -83.2619
5.418121 107.798 -83.7063
5.457383 107.871 -84.1552
5.496930 107.943 -84.6086
5.536763 108.015 -85.0667
5.576884 108.085 -85.5294
5.617297 108.155 -85.9963
5.658002 108.224 -86.4670
5.699002 108.292 -86.9406
5.740300 108.359 -87.4163
5.781896 108.425 -87.8937
5.823794 108.489 -88.3722
5.865995 108.553 -88.8518
5.908503 108.616 -89.3326
5.951319 108.677 -89.8144
5.994444 108.737 -90.2969
6.037883 108.797 -90.7795
6.081636 108.855 -91.2614
6.125706 108.912 -91.7417
6.170095 108.968 -92.2197
6.214807 109.023 -92.6949
6.259841 109.077 -93.1672
6.305203 109.130 -93.6366
6.350893 109.182 -94.1030
6.396914 109.233 -94.5661
6.443269 109.283 -95.0255
6.489959 109.333 -95.4807
6.536988 109.382 -95.9313
6.584358 109.431 -96.3769
6.632071 109.479 -96.8173
6.680129 109.526 -97.2527
6.728536 109.574 -97.6832
6.777294 109.621 -98.1091
6.826405 109.667 -98.5304
6.875872 109.714 -98.9474
6.925697 109.761 -99.3601
6.975883 109.808 -99.7686
7.026433 109.855 -100.1730
7.077350 109.902 -100.5738
7.128635 109.949 -100.9714
7.180293 109.997 -101.3667
7.232324 110.045 -101.7602
7.284732 110.093 -102.1526
7.337521 110.142 -102.5444
7.390691 110.192 -102.9360
7.444247 110.242 -103.3277
7.498191 110.292 -103.7201
7.552526 110.342 -104.1142
7.607255 110.393 -104.5107
7.662380 110.444 -104.9101
7.717905 110.496 -105.3132
7.773832 110.547 -105.7202
7.830165 110.599 -106.1314
7.886906 110.651 -106.5470
7.944057 110.702 -106.9674
8.001623 110.753 -107.3929
8.059607 110.804 -107.8238
8.118010 110.855 -108.2602
8.176836 110.905 -108.7020
8.236089 110.954 -109.1488
8.295771 111.003 -109.6002
8.355886 111.051 -110.0560
8.416435 111.097 -110.5156
8.477425 111.143 -110.9788
8.538856 111.188 -111.4450
8.600732 111.231 -111.9136
8.663056 111.273 -112.3835
8.725832 111.314 -112.8538
8.789062 111.354 -113.3236
8.852752 111.392 -113.7923
8.916903 111.429 -114.2591
8.981518 111.465 -114.7233
9.046601 111.499 -115.1838
9.112157 111.533 -115.6398
9.178187 111.566 -116.0903
9.244697 111.598 -116.5351
9.311687 111.629 -116.9735
9.379164 111.659 -117.4055
9.447129 111.690 -117.8307
9.515587 111.720 -118.2488
9.584540 111.750 -118.6600
9.653994 111.780 -119.0645
9.723950 111.811 -119.4629
9.794415 111.842 -119.8559
9.865389 111.874 -120.2444
9.936877 111.907 -120.6293
10.008884 111.940 -121.0118
10.081413 111.974 -121.3931
10.154468 112.010 -121.7747
10.228051 112.046 -122.1579
10.302168 112.083 -122.5439
10.376822 112.120 -122.9335
10.452016 112.159 -123.3277
10.527756 112.198 -123.7275
10.604044 112.237 -124.1338
10.680885 112.276 -124.5476
10.758284 112.316 -124.9693
10.836243 112.354 -125.3990
10.914766 112.392 -125.8365
10.993859 112.430 -126.2817
11.073525 112.466 -126.7337
11.153769 112.501 -127.1916
11.234593 112.534 -127.6540
11.316004 112.565 -128.1195
11.398005 112.595 -128.5866
11.480599 112.623 -129.0536
11.563792 112.650 -129.5190
11.647588 112.674 -129.9807
11.731991 112.697 -130.4371
11.817006 112.718 -130.8867
11.902637 112.738 -131.3283
11.988889 112.757 -131.7609
12.075766 112.775 -132.1835
12.163272 112.792 -132.5956
12.251412 112.809 -132.9973
12.340191 112.827 -133.3888
12.429613 112.844 -133.7709
12.519683 112.862 -134.1444
12.610406 112.881 -134.5106
12.701786 112.900 -134.8708
12.793828 112.920 -135.2270
12.886538 112.941 -135.5804
12.979918 112.963 -135.9328
13.073977 112.986 -136.2853
13.168715 113.009 -136.6393
13.264141 113.032 -136.9955
13.360258 113.056 -137.3544
13.457072 113.079 -137.7159
13.554587 113.102 -138.0795
13.652809 113.124 -138.4447
13.751743 113.145 -138.8102
13.851394 113.166 -139.1746
13.951767 113.185 -139.5363
14.052867 113.204 -139.8940
14.154700 113.223 -140.2462
14.257271 113.240 -140.5916
14.360585 113.258 -140.9295
14.464648 113.276 -141.2596
14.569465 113.295 -141.5822
14.675041 113.314 -141.8983
14.781383 113.335 -142.2094
14.888494 113.357 -142.5176
14.996383 113.381 -142.8258
15.105053 113.407 -143.1371
15.214510 113.435 -143.4547
15.324760 113.465 -143.7819
15.435810 113.495 -144.1218
15.547665 113.527 -144.4771
15.660330 113.559 -144.8497
15.773811 113.590 -145.2409
15.888115 113.621 -145.6510
16.003246 113.650 -146.0793
16.119213 113.677 -146.5242
16.236019 113.701 -146.9832
16.353672 113.722 -147.4528
16.472178 113.739 -147.9291
16.591541 113.752 -148.4075
16.711771 113.762 -148.8833
16.832870 113.767 -149.3517
16.954849 113.770 -149.8081
17.077711 113.769 -150.2484
17.201464 113.765 -150.6691
17.326113 113.761 -151.0675
17.451664 113.755 -151.4422
17.578125 113.749 -151.7925
17.705503 113.743 -152.1191
17.833805 113.740 -152.4240
17.963036 113.738 -152.7101
18.093203 113.739 -152.9812
18.224314 113.744 -153.2420
18.356375 113.752 -153.4978
18.489393 113.763 -153.7538
18.623375 113.777 -154.0153
18.758327 113.795 -154.2872
18.894258 113.814 -154.5736
19.031174 113.836 -154.8775
19.169081 113.858 -155.2009
19.307987 113.880 -155.5445
19.447901 113.901 -155.9073
19.588829 113.921 -156.2873
19.730778 113.938 -156.6813
19.873755 113.953 -157.0850
20.017769 113.965 -157.4936
20.162827 113.974 -157.9022
20.308935 113.980 -158.3061
20.456102 113.984 -158.7012
20.604336 113.987 -159.0845
20.753643 113.988 -159.4547
20.904032 113.989 -159.8117
21.055511 113.990 -160.1571
21.208088 113.992 -160.4939
21.361771 113.995 -160.8259
21.516567 114.000 -161.1573
21.672485 114.005 -161.4917
21.829533 114.011 -161.8318
21.987719 114.016 -162.1786
22.147051 114.020 -162.5314
22.307537 114.022 -162.8872
22.469187 114.022 -163.2418
22.632008 114.020 -163.5899
22.796009 114.016 -163.9261
22.961199 114.010 -164.2461
23.127584 114.005 -164.5476
23.295176 114.001 -164.8309
23.463982 113.999 -165.0994
23.634012 114.001 -165.3596
23.805275 114.006 -165.6201
23.977777 114.016 -165.8907
24.151531 114.028 -166.1805
24.326544 114.042 -166.4966
24.502825 114.056 -166.8430
24.680382 114.068 -167.2192
24.859226 114.077 -167.6207
25.039366 114.082 -168.0393
25.220812 114.081 -168.4646
25.403572 114.075 -168.8853
25.587656 114.064 -169.2911
25.773075 114.050 -169.6744
25.959837 114.035 -170.0312
26.147953 114.020 -170.3617
26.337431 114.006 -170.6697
26.528282 113.994 -170.9620
26.720516 113.985 -171.2463
26.914145 113.979 -171.5298
27.109175 113.974 -171.8178
27.305618 113.970 -172.1129
27.503487 113.966 -172.4150
27.702787 113.962 -172.7219
27.903534 113.957 -173.0306
28.105734 113.951 -173.3382
28.309401 113.945 -173.6431
28.514542 113.940 -173.9454
28.721170 113.935 -174.2465
28.929296 113.930 -174.5485
29.138929 113.925 -174.8535
29.350082 113.921 -175.1622
29.562765 113.915 -175.4742
29.776989 113.909 -175.7876
29.992765 113.902 -176.0999
30.210106 113.894 -176.4089
30.429020 113.885 -176.7132
30.649521 113.876 -177.0130
30.871620 113.868 -177.3093
31.095329 113.859 -177.6039
31.320660 113.851 -177.8983
31.547623 113.842 -178.1927
31.776230 113.833 -178.4866
32.006493 113.823 -178.7782
32.238426 113.812 -179.0658
32.472038 113.801 -179.3478
32.707344 113.790 -179.6241
32.944355 113.779 -179.8951
33.183083 113.769 179.8380
33.423542 113.758 179.5742
33.665741 113.748 179.3127
33.909698 113.739 179.0530
34.155422 113.729 178.7942
34.402927 113.720 178.5344
34.652225 113.711 178.2708
34.903328 113.702 178.0010
35.156250 113.692 177.7239
35.411007 113.681 177.4424
35.667610 113.667 177.1636
35.926071 113.651 176.8979
36.186405 113.635 176.6549
36.448627 113.620 176.4383
36.712749 113.612 176.2398
36.978786 113.613 176.0367
37.246750 113.625 175.7934
37.516655 113.646 175.4686
37.788517 113.671 175.0274
38.062347 113.692 174.4524
38.338161 113.699 173.7516
38.615974 113.686 172.9611
38.895802 113.645 172.1407
39.177658 113.575 171.3638
39.461555 113.483 170.7041
39.747509 113.377 170.2184
40.035538 113.270 169.9303
40.325653 113.177 169.8197
40.617870 113.109 169.8231
40.912205 113.071 169.8500
41.208672 113.058 169.8124
41.507286 113.059 169.6562
41.808064 113.060 169.3802
42.111023 113.048 169.0360
42.416176 113.020 168.7104
42.723541 112.979 168.4928
43.033134 112.938 168.4399
43.344971 112.913 168.5501
43.659065 112.916 168.7587
43.975437 112.952 168.9615
44.294102 113.013 169.0577
44.615074 113.085 168.9883
44.938374 113.154 168.7531
45.264015 113.207 168.3970
45.592018 113.241 167.9838
45.922398 113.256 167.5691
46.255169 113.257 167.1866
46.590351 113.247 166.8491
46.927963 113.228 166.5586
47.268024 113.201 166.3167
47.610550 113.169 166.1265
47.955555 113.135 165.9850
48.303062 113.102 165.8760
48.653088 113.073 165.7700
49.005650 113.045 165.6362
49.360764 113.017 165.4579
49.718452 112.982 165.2410
50.078732 112.939 165.0090
50.441624 112.890 164.7888
50.807144 112.838 164.5948
51.175312 112.788 164.4241
51.546150 112.742 164.2607
51.919674 112.702 164.0883
52.295906 112.665 163.8981
52.674862 112.630 163.6901
53.056564 112.598 163.4680
53.441032 112.567 163.2347
53.828289 112.538 162.9916
54.218349 112.510 162.7415
54.611237 112.482 162.4898
55.006973 112.454 162.2427
55.405575 112.427 162.0025
55.807068 112.400 161.7669
56.211468 112.372 161.5327
56.618801 112.343 161.3020
57.029083 112.311 161.0865
57.442341 112.278 160.9019
57.858593 112.245 160.7566
58.277859 112.218 160.6418
58.700165 112.198 160.5300
59.125530 112.185 160.3862
59.553978 112.176 160.1860
59.985531 112.164 159.9268
60.420212 112.145 159.6278
60.858040 112.118 159.3177
61.299042 112.084 159.0219
61.743240 112.045 158.7542
62.190659 112.003 158.5187
62.641319 111.961 158.3135
63.095245 111.920 158.1339
63.552460 111.880 157.9716
64.012985 111.843 157.8144
64.476852 111.809 157.6501
64.944077 111.775 157.4724
65.414688 111.741 157.2849
65.888710 111.706 157.0970
66.366165 111.672 156.9160
66.847084 111.641 156.7414
67.331482 111.613 156.5648
67.819397 111.589 156.3776
68.310844 111.566 156.1780
68.805855 111.543 155.9734
69.304451 111.518 155.7767
69.806656 111.494 155.5980
70.312500 111.469 155.4396
70.822014 111.444 155.2958
71.335220 111.419 155.1581
71.852142 111.391 155.0191
72.372810 111.361 154.8723
72.897255 111.326 154.7109
73.425499 111.285 154.5304
73.957573 111.238 154.3316
74.493500 111.183 154.1200
75.033310 111.122 153.9010
75.577034 111.054 153.6823
76.124695 110.981 153.4838
76.676323 110.904 153.3421
77.231949 110.830 153.2919
77.791603 110.769 153.3354
78.355316 110.729 153.4307
78.923111 110.710 153.5169
79.495018 110.707 153.5504
80.071075 110.713 153.5188
80.651306 110.721 153.4284
81.235741 110.728 153.2874
81.824409 110.728 153.1022
82.417343 110.719 152.8824
83.014572 110.698 152.6422
83.616127 110.666 152.3962
84.222046 110.625 152.1542
84.832352 110.577 151.9171
85.447083 110.526 151.6791
86.066269 110.474 151.4329
86.689941 110.421 151.1760
87.318130 110.369 150.9143
87.950874 110.318 150.6600
88.588203 110.269 150.4268
89.230148 110.223 150.2248
89.876747 110.180 150.0582
90.528030 110.141 149.9250
91.184036 110.103 149.8180
91.844795 110.067 149.7283
92.510338 110.029 149.6504
93.180702 109.989 149.5825
93.855927 109.946 149.5230
94.536049 109.902 149.4673
95.221100 109.857 149.4083
95.911110 109.811 149.3396
96.606125 109.764 149.2587
97.306175 109.716 149.1693
98.011299 109.667 149.0815
98.721527 109.616 149.0069
99.436905 109.566 148.9518
100.157463 109.515 148.9161
100.883247 109.465 148.8968
101.614288 109.416 148.8905
102.350624 109.367 148.8920
103.092300 109.317 148.8953
103.839348 109.268 148.8970
104.591812 109.219 148.8970
105.349724 109.171 148.8984
106.113129 109.123 148.9075
106.882065 109.079 148.9294
107.656578 109.038 148.9659
108.436699 109.002 149.0212
109.222473 108.969 149.1026
110.013947 108.941 149.2148
110.811150 108.916 149.3575
111.614136 108.894 149.5274
112.422935 108.874 149.7203
113.237602 108.856 149.9337
114.058167 108.842 150.1584
114.884682 108.838 150.3602
115.717186 108.844 150.4692
116.555717 108.856 150.4056
117.400330 108.864 150.1335
118.251060 108.856 149.6929
119.107956 108.827 149.1809
119.971062 108.779 148.7061
120.840424 108.722 148.3437
121.716080 108.665 148.1136
122.598083 108.613 147.9952
123.486481 108.569 147.9538
124.381317 108.527 147.9557
125.282639 108.484 147.9796
126.190491 108.436 148.0222
127.104919 108.382 148.0894
128.025970 108.325 148.1778
128.953705 108.270 148.2675
129.888153 108.219 148.3330
130.829376 108.169 148.3652
131.777420 108.119 148.3915
132.732330 108.070 148.4771
133.694168 108.027 148.6895
134.662964 108.002 149.0412
135.638794 108.004 149.4625
136.621689 108.032 149.8452
137.611710 108.075 150.0946
138.608902 108.116 150.1604
139.613312 108.140 150.0561
140.625000 108.138 149.8260
141.644028 108.109 149.4934
142.670441 108.046 149.0899
143.704285 107.953 148.7092
144.745621 107.844 148.4497
145.794510 107.741 148.3232
146.850998 107.659 148.2600
147.915146 107.603 148.1654
148.987000 107.564 147.9814
150.066620 107.531 147.7221
151.154068 107.501 147.4406
152.249390 107.473 147.1776
153.352646 107.449 146.9506
154.463898 107.430 146.7708
155.583206 107.412 146.6583
156.710632 107.392 146.6392
157.846222 107.368 146.7166
158.990036 107.337 146.8696
160.142151 107.298 147.0651
161.302612 107.250 147.2649
162.471481 107.197 147.4370
163.648819 107.141 147.5656
164.834686 107.088 147.6536
166.029144 107.039 147.7151
167.232254 106.997 147.7682
168.444092 106.958 147.8282
169.664703 106.920 147.9009
170.894165 106.879 147.9822
172.132538 106.833 148.0627
173.379883 106.784 148.1329
174.636261 106.733 148.1870
175.901749 106.682 148.2243
177.176407 106.634 148.2501
178.460297 106.590 148.2718
179.753494 106.548 148.2935
181.056061 106.508 148.3137
182.368073 106.468 148.3321
183.689590 106.429 148.3506
185.020676 106.388 148.3713
186.361404 106.346 148.3986
187.711853 106.304 148.4377
189.072098 106.262 148.4893
190.442200 106.220 148.5508
191.822220 106.177 148.6189
193.212250 106.135 148.6907
194.612350 106.092 148.7657
196.022598 106.049 148.8450
197.443054 106.007 148.9308
198.873810 105.964 149.0247
200.314926 105.922 149.1272
201.766495 105.880 149.2362
203.228577 105.840 149.3476
204.701248 105.800 149.4564
206.184601 105.761 149.5588
207.678696 105.722 149.6530
209.183624 105.683 149.7392
210.699448 105.644 149.8199
212.226257 105.604 149.8996
213.764130 105.562 149.9847
215.313156 105.519 150.0820
216.873398 105.477 150.1961
218.444946 105.435 150.3267
220.027893 105.395 150.4687
221.622299 105.356 150.6144
223.228271 105.319 150.7578
224.845871 105.284 150.8964
226.475204 105.249 151.0320
228.116333 105.215 151.1674
229.769363 105.180 151.3035
231.434372 105.146 151.4383
233.111435 105.112 151.5675
234.800659 105.077 151.6871
236.502121 105.042 151.7969
238.215912 105.007 151.9008
239.942123 104.971 152.0044
241.680847 104.934 152.1116
243.432159 104.896 152.2234
245.196167 104.857 152.3408
246.972961 104.817 152.4655
248.762634 104.778 152.6017
250.565277 104.739 152.7541
252.380981 104.700 152.9260
254.209839 104.664 153.1168
256.051941 104.630 153.3196
257.907410 104.599 153.5221
259.776306 104.570 153.7112
261.658752 104.542 153.8804
263.554840 104.513 154.0325
265.464661 104.483 154.1761
267.388336 104.450 154.3201
269.325928 104.417 154.4714
271.277588 104.384 154.6338
273.243378 104.351 154.8085
275.223419 104.319 154.9943
277.217804 104.288 155.1885
279.226624 104.259 155.3881
281.250000 104.232 155.5902
283.288055 104.208 155.7910
285.340881 104.186 155.9844
287.408569 104.165 156.1620
289.491241 104.146 156.3168
291.589020 104.124 156.4475
293.701996 104.100 156.5605
295.830292 104.073 156.6667
297.973999 104.043 156.7770
300.133240 104.011 156.8981
302.308136 103.978 157.0317
304.498779 103.946 157.1765
306.705292 103.914 157.3292
308.927795 103.882 157.4865
311.166412 103.851 157.6463
313.421265 103.820 157.8083
315.692444 103.788 157.9746
317.980072 103.754 158.1486
320.284302 103.720 158.3333
322.605225 103.687 158.5297
324.942963 103.654 158.7364
327.297638 103.624 158.9501
329.669373 103.595 159.1668
332.058289 103.567 159.3829
334.464508 103.541 159.5952
336.888184 103.514 159.8013
339.329407 103.488 160.0010
341.788330 103.462 160.1963
344.265076 103.436 160.3903
346.759766 103.409 160.5857
349.272522 103.382 160.7844
351.803497 103.356 160.9868
354.352814 103.329 161.1927
356.920593 103.302 161.4015
359.506989 103.276 161.6136
362.112122 103.250 161.8296
364.736145 103.224 162.0496
367.379181 103.198 162.2729
370.041351 103.173 162.4993
372.722809 103.148 162.7286
375.423706 103.123 162.9601
378.144196 103.099 163.1928
380.884399 103.076 163.4258
383.644440 103.052 163.6591
386.424500 103.029 163.8930
389.224701 103.007 164.1283
392.045197 102.984 164.3656
394.886108 102.962 164.6056
397.747620 102.941 164.8484
400.629852 102.920 165.0935
403.532990 102.899 165.3391
406.457153 102.878 165.5827
409.402496 102.857 165.8226
412.369202 102.836 166.0599
415.357391 102.815 166.2985
418.367249 102.793 166.5433
421.398895 102.771 166.7977
424.452515 102.750 167.0631
427.528259 102.730 167.3377
430.626312 102.712 167.6169
433.746796 102.696 167.8953
436.889893 102.681 168.1695
440.055786 102.668 168.4388
443.244598 102.656 168.7031
446.456543 102.646 168.9605
449.691742 102.636 169.2059
452.950409 102.627 169.4335
456.232666 102.618 169.6413
459.538727 102.606 169.8348
462.868744 102.591 170.0250
466.222870 102.573 170.2226
469.601318 102.553 170.4338
473.004242 102.533 170.6600
476.431824 102.513 170.8990
479.884247 102.494 171.1463
483.361694 102.475 171.3964
486.864319 102.457 171.6472
490.392334 102.437 171.9026
493.945923 102.417 172.1693
497.525269 102.397 172.4500
501.130554 102.379 172.7407
504.761963 102.363 173.0338
508.419678 102.348 173.3232
512.103882 102.334 173.6065
515.814819 102.319 173.8855
519.552612 102.304 174.1645
523.317505 102.288 174.4490
527.109680 102.272 174.7432
530.929321 102.257 175.0478
534.776672 102.242 175.3593
538.651855 102.229 175.6726
542.555176 102.217 175.9859
546.486755 102.206 176.3006
550.446838 102.195 176.6174
554.435608 102.185 176.9342
558.453247 102.177 177.2477
562.500000 102.168 177.5559
566.576111 102.160 177.8599
570.681763 102.151 178.1632
574.817139 102.142 178.4698
578.982483 102.133 178.7814
583.178040 102.123 179.0970
587.403992 102.114 179.4161
591.660583 102.104 179.7411
595.947998 102.094 -179.9251
600.266479 102.086 -179.5829
604.616272 102.078 -179.2360
608.997559 102.071 -178.8887
613.410583 102.065 -178.5428
617.855591 102.059 -178.1958
622.332825 102.053 -177.8415
626.842529 102.046 -177.4734
631.384888 102.041 -177.0908
635.960144 102.038 -176.6993
640.568604 102.038 -176.3057
645.210449 102.039 -175.9115
649.885925 102.042 -175.5148
654.595276 102.049 -175.1163
659.338745 102.058 -174.7223
664.116577 102.070 -174.3426
668.929016 102.083 -173.9848
673.776367 102.095 -173.6485
678.658813 102.106 -173.3262
683.576660 102.114 -173.0095
688.530151 102.121 -172.6918
693.519531 102.126 -172.3675
698.545044 102.130 -172.0320
703.606995 102.134 -171.6841
708.705627 102.139 -171.3264
713.841187 102.145 -170.9632
719.013977 102.152 -170.5978
724.224243 102.160 -170.2310
729.472290 102.168 -169.8616
734.758362 102.177 -169.4881
740.082703 102.187 -169.1097
745.445618 102.198 -168.7260
750.847412 102.209 -168.3372
756.288391 102.222 -167.9434
761.768799 102.235 -167.5447
767.288879 102.249 -167.1415
772.848999 102.265 -166.7352
778.449402 102.281 -166.3272
784.090393 102.300 -165.9184
789.772217 102.319 -165.5069
795.495239 102.340 -165.0888
801.259705 102.363 -164.6615
807.065979 102.389 -164.2268
812.914307 102.418 -163.7913
818.804993 102.452 -163.3643
824.738403 102.488 -162.9556
830.714783 102.526 -162.5730
836.734497 102.564 -162.2172
842.797791 102.601 -161.8804
848.905029 102.636 -161.5517
855.056519 102.670 -161.2242
861.252625 102.702 -160.8947
867.493591 102.734 -160.5607
873.779785 102.766 -160.2194
880.111572 102.798 -159.8717
886.489197 102.831 -159.5216
892.913086 102.866 -159.1712
899.383484 102.901 -158.8192
905.900818 102.938 -158.4631
912.465332 102.976 -158.1031
919.077454 103.016 -157.7427
925.737488 103.058 -157.3857
932.445740 103.102 -157.0353
939.202637 103.147 -156.6945
946.008484 103.194 -156.3639
952.863647 103.240 -156.0424
959.768494 103.288 -155.7284
966.723389 103.335 -155.4205
973.728638 103.382 -155.1177
980.784668 103.431 -154.8219
987.891846 103.479 -154.5357
995.050537 103.528 -154.2601
1002.261108 103.577 -153.9926
1009.523926 103.626 -153.7312
1016.839355 103.675 -153.4772
1024.207764 103.723 -153.2326
1031.629639 103.769 -152.9963
1039.105225 103.812 -152.7623
1046.635010 103.853 -152.5186
1054.219360 103.890 -152.2492
1061.858643 103.927 -151.9441
1069.553345 103.966 -151.6057
1077.303711 104.007 -151.2416
1085.110352 104.051 -150.8546
1092.973511 104.099 -150.4400
1100.893677 104.153 -149.9871
1108.871216 104.215 -149.4896
1116.906494 104.292 -148.9603
1125.000000 104.386 -148.4422
1133.152222 104.498 -148.0020
1141.363525 104.620 -147.7003
1149.634277 104.741 -147.5555
1157.964966 104.853 -147.5361
1166.356079 104.952 -147.5867
1174.807983 105.038 -147.6559
1183.321167 105.115 -147.7129
1191.895996 105.188 -147.7495
1200.532959 105.258 -147.7741
1209.232544 105.327 -147.8004
1217.995117 105.394 -147.8370
1226.821167 105.458 -147.8829
1235.711182 105.519 -147.9325
1244.665649 105.578 -147.9795
1253.685059 105.633 -148.0187
1262.769775 105.687 -148.0485
1271.920288 105.739 -148.0695
1281.137207 105.789 -148.0820
1290.420898 105.839 -148.0853
1299.771851 105.888 -148.0806
1309.190552 105.938 -148.0713
1318.677490 105.988 -148.0616
1328.233154 106.038 -148.0539
1337.858032 106.087 -148.0476
1347.552734 106.135 -148.0394
1357.317627 106.182 -148.0253
1367.153320 106.228 -148.0016
1377.060303 106.273 -147.9639
1387.039062 106.319 -147.9076
1397.090088 106.367 -147.8328
1407.213989 106.419 -147.7462
1417.411255 106.475 -147.6609
1427.682373 106.534 -147.5916
1438.027954 106.595 -147.5467
1448.448486 106.656 -147.5258
1458.944580 106.716 -147.5232
1469.516724 106.774 -147.5330
1480.165405 106.832 -147.5511
1490.891235 106.888 -147.5737
1501.694824 106.942 -147.5972
1512.576782 106.996 -147.6184
1523.537598 107.050 -147.6344
1534.577759 107.103 -147.6426
1545.697998 107.158 -147.6412
1556.898804 107.214 -147.6307
1568.180786 107.273 -147.6169
1579.544434 107.336 -147.6118
1590.990479 107.402 -147.6294
1602.519409 107.469 -147.6774
1614.131958 107.535 -147.7551
1625.828613 107.600 -147.8567
1637.609985 107.662 -147.9750
1649.476807 107.722 -148.1041
1661.429565 107.780 -148.2393
1673.468994 107.836 -148.3776
1685.595581 107.891 -148.5184
1697.810059 107.945 -148.6635
1710.113037 107.998 -148.8143
1722.505249 108.049 -148.9700
1734.987183 108.098 -149.1269
1747.559570 108.145 -149.2800
1760.223145 108.190 -149.4229
1772.978394 108.235 -149.5513
1785.826172 108.282 -149.6668
1798.766968 108.331 -149.7794
1811.801636 108.383 -149.9028
1824.930664 108.437 -150.0470
1838.154907 108.490 -150.2148
1851.474976 108.543 -150.4045
1864.891479 108.593 -150.6120
1878.405273 108.640 -150.8319
1892.016968 108.685 -151.0576
1905.727295 108.727 -151.2828
1919.536987 108.766 -151.5015
1933.446777 108.805 -151.7106
1947.457275 108.844 -151.9114
1961.569336 108.885 -152.1130
1975.783691 108.926 -152.3279
1990.101074 108.968 -152.5647
2004.522217 109.008 -152.8247
2019.047852 109.045 -153.1044
2033.678711 109.078 -153.3978
2048.415527 109.106 -153.6985
2063.259277 109.130 -154.0014
2078.210449 109.150 -154.3038
2093.270020 109.165 -154.6036
2108.438721 109.174 -154.8960
2123.717285 109.176 -155.1712
2139.106689 109.171 -155.4123
2154.607422 109.159 -155.5967
2170.220703 109.144 -155.6998
2185.947021 109.129 -155.7009
2201.787354 109.122 -155.5906
2217.742432 109.130 -155.3848
2233.812988 109.161 -155.1400
2250.000000 109.215 -154.9401
2266.304443 109.285 -154.8549
2282.727051 109.361 -154.9103
2299.268555 109.433 -155.0911
2315.929932 109.497 -155.3610
2332.712158 109.551 -155.6830
2349.615967 109.596 -156.0306
2366.642334 109.631 -156.3878
2383.791992 109.658 -156.7420
2401.065918 109.678 -157.0814
2418.465088 109.691 -157.3952
2435.990234 109.701 -157.6750
2453.642334 109.708 -157.9176
2471.422363 109.714 -158.1253
2489.331299 109.723 -158.3043
2507.370117 109.733 -158.4614
2525.539551 109.747 -158.6032
2543.840576 109.764 -158.7379
2562.274414 109.787 -158.8790
2580.841797 109.813 -159.0438
2599.543701 109.842 -159.2460
2618.381104 109.869 -159.4900
2637.354980 109.893 -159.7703
2656.466309 109.912 -160.0739
2675.716064 109.924 -160.3835
2695.105469 109.931 -160.6827
2714.635254 109.934 -160.9609
2734.306641 109.936 -161.2184
2754.120605 109.937 -161.4633
2774.078125 109.938 -161.7050
2794.180176 109.939 -161.9494
2814.427979 109.939 -162.1984
2834.822510 109.936 -162.4519
2855.364746 109.932 -162.7097
2876.055908 109.924 -162.9698
2896.896973 109.911 -163.2258
2917.889160 109.895 -163.4679
2939.033447 109.875 -163.6878
2960.330811 109.854 -163.8840
2981.782471 109.832 -164.0607
3003.389648 109.809 -164.2233
3025.153564 109.785 -164.3746
3047.075195 109.759 -164.5133
3069.155518 109.732 -164.6338
3091.395996 109.703 -164.7300
3113.797607 109.674 -164.8009
3136.361572 109.647 -164.8534
3159.088867 109.620 -164.8973
3181.980957 109.593 -164.9403
3205.038818 109.565 -164.9845
3228.263916 109.535 -165.0267
3251.657227 109.500 -165.0583
3275.219971 109.461 -165.0651
3298.953613 109.417 -165.0279
3322.859131 109.370 -164.9288
3346.937988 109.325 -164.7602
3371.191162 109.283 -164.5273
3395.620117 109.247 -164.2442
3420.226074 109.219 -163.9268
3445.010498 109.197 -163.5864
3469.974365 109.182 -163.2278
3495.119141 109.173 -162.8536
3520.446289 109.171 -162.4700
3545.956787 109.177 -162.0866
3571.652344 109.189 -161.7130
3597.533936 109.207 -161.3567
3623.603271 109.230 -161.0222
3649.861328 109.255 -160.7111
3676.309814 109.283 -160.4188
3702.949951 109.311 -160.1363
3729.782959 109.341 -159.8569
3756.810547 109.374 -159.5806
3784.033936 109.409 -159.3121
3811.454590 109.446 -159.0550
3839.073975 109.485 -158.8063
3866.893555 109.525 -158.5569
3894.914551 109.566 -158.2984
3923.138672 109.611 -158.0293
3951.567383 109.661 -157.7540
3980.202148 109.717 -157.4818
4009.044434 109.778 -157.2241
4038.095703 109.846 -156.9914
4067.357422 109.917 -156.7886
4096.831055 109.991 -156.6138
4126.518555 110.068 -156.4650
4156.420898 110.148 -156.3428
4186.540039 110.230 -156.2502
4216.877441 110.314 -156.1864
4247.434570 110.399 -156.1450
4278.213379 110.487 -156.1187
4309.214844 110.577 -156.1056
4340.441406 110.673 -156.1117
4371.894043 110.774 -156.1495
4403.574707 110.882 -156.2355
4435.484863 110.994 -156.3846
4467.625977 111.109 -156.6049
4500.000000 111.225 -156.8987
4532.608887 111.341 -157.2676
4565.454102 111.455 -157.7148
4598.537109 111.565 -158.2414
4631.859863 111.670 -158.8410
4665.424316 111.766 -159.5021
4699.231934 111.856 -160.2141
4733.284668 111.939 -160.9716
4767.583984 112.016 -161.7751
4802.131836 112.085 -162.6300
4836.930176 112.147 -163.5398
4871.980469 112.198 -164.5021
4907.284668 112.238 -165.5099
4942.844727 112.266 -166.5559
4978.662598 112.281 -167.6326
5014.740234 112.280 -168.7287
5051.079102 112.265 -169.8299
5087.681152 112.235 -170.9234
5124.548828 112.192 -172.0016
5161.683594 112.135 -173.0603
5199.087402 112.066 -174.0961
5236.762207 111.982 -175.1016
5274.709961 111.885 -176.0648
5312.932617 111.774 -176.9729
5351.432129 111.650 -177.8166
5390.210938 111.514 -178.5874
5429.270508 111.368 -179.2730
5468.613281 111.212 -179.8584
5508.241211 111.048 179.6692
5548.156250 110.882 179.3142
5588.360352 110.716 179.0689
5628.855957 110.553 178.9171
5669.645020 110.394 178.8416
5710.729492 110.238 178.8279
5752.111816 110.086 178.8651
5793.793945 109.935 178.9496
5835.778320 109.784 179.0873
5878.066895 109.633 179.2914
5920.661621 109.481 179.5762
5963.564941 109.331 179.9507
6006.779297 109.186 -179.5843
6050.307129 109.048 -179.0326
6094.150391 108.919 -178.4016
6138.311035 108.800 -177.7030
6182.791992 108.692 -176.9508
6227.595215 108.594 -176.1550
6272.723145 108.507 -175.3190
6318.177734 108.429 -174.4422
6363.961914 108.363 -173.5249
6410.077637 108.309 -172.5714
6456.527832 108.268 -171.5893
6503.314453 108.241 -170.5892
6550.439941 108.228 -169.5836
6597.907227 108.227 -168.5821
6645.718262 108.239 -167.5882
6693.875977 108.263 -166.5991
6742.382324 108.299 -165.6109
6791.240234 108.349 -164.6235
6840.452148 108.413 -163.6411
6890.020996 108.494 -162.6736
6939.948730 108.593 -161.7369
6990.238281 108.710 -160.8489
7040.892578 108.845 -160.0245
7091.913574 108.997 -159.2747
7143.304688 109.166 -158.6096
7195.067871 109.353 -158.0418
7247.206543 109.558 -157.5878
7299.722656 109.780 -157.2703
7352.619629 110.019 -157.1177
7405.899902 110.272 -157.1582
7459.565918 110.536 -157.4153
7513.621094 110.806 -157.9073
7568.067871 111.079 -158.6498
7622.909180 111.349 -159.6566
7678.147949 111.612 -160.9402
7733.787109 111.861 -162.5123
7789.829102 112.087 -164.3777
7846.277344 112.282 -166.5269
7903.134766 112.437 -168.9328
7960.404297 112.543 -171.5524
8018.088867 112.593 -174.3299
8076.191406 112.585 -177.2020
8134.714844 112.516 179.8955
8193.662109 112.386 177.0256
8253.037109 112.196 174.2514
8312.841797 111.949 171.6357
8373.080078 111.650 169.2379
8433.754883 111.304 167.1098
8494.869141 110.922 165.2900
8556.426758 110.511 163.7986
8618.429688 110.082 162.6392
8680.882812 109.642 161.8058
8743.788086 109.197 161.2879
8807.149414 108.754 161.0744
8870.969727 108.317 161.1534
8935.251953 107.892 161.5068
9000.000000 107.484 162.1088
9065.217773 107.095 162.9298
9130.908203 106.727 163.9424
9197.074219 106.382 165.1261
9263.719727 106.061 166.4677
9330.848633 105.765 167.9547
9398.463867 105.495 169.5696
9466.569336 105.254 171.2911
9535.167969 105.041 173.0983
9604.263672 104.857 174.9767
9673.860352 104.701 176.9187
9743.960938 104.576 178.9172
9814.569336 104.481 -179.0413
9885.689453 104.420 -176.9760
9957.325195 104.393 -174.9077
10029.480469 104.400 -172.8513
10102.158203 104.444 -170.8177
10175.362305 104.527 -168.8224
10249.097656 104.652 -166.8926
10323.367188 104.822 -165.0668
10398.174805 105.040 -163.3904
10473.524414 105.305 -161.9122
10549.419922 105.620 -160.6903
10625.865234 105.983 -159.7978
10702.864258 106.390 -159.3202
10780.421875 106.831 -159.3429
10858.541016 107.296 -159.9394
10937.226562 107.767 -161.1673
11016.482422 108.226 -163.0680
11096.312500 108.651 -165.6610
11176.720703 109.017 -168.9324
11257.711914 109.299 -172.8216
11339.290039 109.471 -177.2167
11421.458984 109.516 178.0389
11504.223633 109.421 173.1329
11587.587891 109.183 168.2686
11671.556641 108.805 163.6479
11756.133789 108.299 159.4553
11841.323242 107.684 155.8401
11927.129883 106.980 152.9071
12013.558594 106.213 150.7138
12100.614258 105.408 149.2795
12188.300781 104.585 148.5941
12276.622070 103.767 148.6238
12365.583984 102.971 149.3141
12455.190430 102.212 150.5970
12545.446289 101.501 152.4022
12636.355469 100.848 154.6641
12727.923828 100.261 157.3184
12820.155273 99.748 160.2943
12913.055664 99.314 163.5100
13006.628906 98.966 166.8701
13100.879883 98.707 170.2616
13195.814453 98.536 173.5540
13291.436523 98.444 176.6163
13387.751953 98.421 179.3446
13484.764648 98.448 -178.3189
13582.480469 98.509 -176.3854
13680.904297 98.588 -174.8278
13780.041992 98.675 -173.5940
13879.897461 98.764 -172.6228
13980.476562 98.854 -171.8639
14081.785156 98.946 -171.2908
14183.827148 99.041 -170.8992
14286.609375 99.141 -170.6997
14390.135742 99.244 -170.7123
14494.413086 99.348 -170.9574
14599.445312 99.448 -171.4453
14705.239258 99.538 -172.1711
14811.799805 99.614 -173.1203
14919.131836 99.673 -174.2726
15027.242188 99.712 -175.6021
15136.135742 99.733 -177.0776
15245.818359 99.737 -178.6691
15356.295898 99.732 179.6443
15467.574219 99.725 177.8666
15579.658203 99.729 175.9750
15692.554688 99.758 173.9058
15806.269531 99.824 171.5457
15920.808594 99.932 168.7384
16036.177734 100.071 165.3074
16152.382812 100.216 161.0942
16269.429688 100.326 156.0031
16387.324219 100.352 150.0365
16506.074219 100.246 143.3077
16625.683594 99.963 136.0349
16746.160156 99.474 128.5192
16867.509766 98.765 121.1068
16989.738281 97.837 114.1355
17112.853516 96.706 107.8906
17236.859375 95.398 102.5862
17361.765625 93.941 98.3609
17487.576172 92.366 95.2874
17614.298828 90.704 93.3840
17741.939453 88.982 92.6267
17870.503906 87.229 92.9563
18000.000000 85.468 94.2863
18130.435547 83.720 96.5105
18261.816406 82.003 99.5070
18394.148438 80.329 103.1475
18527.439453 78.707 107.3132
18661.697266 77.143 111.9034
18796.927734 75.637 116.8354
18933.138672 74.188 122.0406
19070.335938 72.790 127.4615
19208.527344 71.435 133.0605
19347.720703 70.115 138.8339
19487.921875 68.828 144.8037
19629.138672 67.594 150.9450
19771.378906 66.468 157.0131
19914.650391 65.566 162.2954
20058.960938 65.049 165.5323
