* Measurement data measured by REW V5.31
* Source: EXCL: Microphone (USB Sound Device        ), MICROPHONE (Master Volume), L, volume: 0.390
* Format: 256k Log Swept Sine, 1 sweep at -4.0 dBFS with no timing reference
* Dated: Jul 27, 2024 12:34:15 AM
* REW Settings:
*  C-weighting compensation: Off
*  Target level: 75.0 dB
* Note: TRN VX PRO Plus L
* Measurement: L TRN VX Pro+
* Smoothing: 1/12 octave
* Frequency Step: 96 ppo
* Start Frequency: 0.36621094 Hz
*
* Freq(Hz) SPL(dB) Phase(degrees)
0.366211 78.878 -167.5842
0.368865 78.886 -167.5951
0.371538 78.898 -167.6113
0.374230 78.913 -167.6313
0.376942 78.929 -167.6538
0.379673 78.946 -167.6780
0.382424 78.965 -167.7031
0.385196 78.984 -167.7289
0.387987 79.003 -167.7552
0.390798 79.022 -167.7818
0.393630 79.042 -167.8087
0.396483 79.061 -167.8358
0.399356 79.081 -167.8631
0.402250 79.101 -167.8907
0.405165 79.121 -167.9185
0.408101 79.142 -167.9465
0.411058 79.162 -167.9749
0.414037 79.183 -168.0034
0.417037 79.204 -168.0323
0.420059 79.224 -168.0615
0.423103 79.246 -168.0909
0.426169 79.267 -168.1207
0.429257 79.288 -168.1508
0.432368 79.310 -168.1813
0.435501 79.331 -168.2121
0.438656 79.353 -168.2432
0.441835 79.375 -168.2748
0.445037 79.397 -168.3067
0.448262 79.420 -168.3391
0.451510 79.442 -168.3719
0.454782 79.465 -168.4051
0.458077 79.488 -168.4388
0.461397 79.511 -168.4730
0.464740 79.534 -168.5077
0.468108 79.557 -168.5429
0.471500 79.581 -168.5786
0.474917 79.604 -168.6149
0.478358 79.628 -168.6518
0.481825 79.652 -168.6893
0.485316 79.676 -168.7274
0.488833 79.701 -168.7661
0.492375 79.725 -168.8055
0.495943 79.750 -168.8455
0.499537 79.775 -168.8863
0.503157 79.800 -168.9278
0.506803 79.825 -168.9701
0.510475 79.850 -169.0132
0.514175 79.876 -169.0571
0.517900 79.902 -169.1018
0.521653 79.928 -169.1474
0.525434 79.954 -169.1939
0.529241 79.980 -169.2413
0.533076 80.007 -169.2897
0.536939 80.033 -169.3391
0.540830 80.060 -169.3895
0.544749 80.088 -169.4409
0.548696 80.115 -169.4935
0.552673 80.142 -169.5471
0.556677 80.170 -169.6020
0.560711 80.198 -169.6580
0.564774 80.226 -169.7153
0.568867 80.254 -169.7739
0.572989 80.283 -169.8338
0.577141 80.312 -169.8951
0.581324 80.341 -169.9577
0.585536 80.370 -170.0218
0.589779 80.399 -170.0874
0.594053 80.429 -170.1546
0.598358 80.459 -170.2233
0.602694 80.489 -170.2937
0.607061 80.519 -170.3658
0.611460 80.549 -170.4397
0.615891 80.580 -170.5153
0.620354 80.611 -170.5928
0.624849 80.642 -170.6723
0.629377 80.673 -170.7537
0.633938 80.705 -170.8371
0.638532 80.737 -170.9227
0.643159 80.769 -171.0104
0.647819 80.801 -171.1003
0.652514 80.834 -171.1926
0.657242 80.866 -171.2873
0.662005 80.899 -171.3844
0.666802 80.932 -171.4841
0.671634 80.966 -171.5863
0.676501 81.000 -171.6913
0.681403 81.033 -171.7991
0.686341 81.068 -171.9097
0.691314 81.102 -172.0234
0.696324 81.137 -172.1400
0.701370 81.171 -172.2599
0.706452 81.206 -172.3830
0.711571 81.241 -172.5095
0.716728 81.276 -172.6395
0.721921 81.311 -172.7730
0.727153 81.345 -172.9101
0.732422 81.378 -173.0510
0.737729 81.410 -173.1956
0.743075 81.442 -173.3440
0.748460 81.473 -173.4962
0.753883 81.504 -173.6521
0.759346 81.534 -173.8118
0.764849 81.564 -173.9752
0.770391 81.594 -174.1422
0.775974 81.624 -174.3128
0.781597 81.654 -174.4870
0.787261 81.684 -174.6648
0.792966 81.714 -174.8460
0.798712 81.744 -175.0307
0.804500 81.773 -175.2187
0.810329 81.803 -175.4101
0.816201 81.833 -175.6048
0.822116 81.863 -175.8028
0.828073 81.893 -176.0039
0.834074 81.922 -176.2082
0.840118 81.952 -176.4156
0.846206 81.982 -176.6260
0.852338 82.012 -176.8394
0.858514 82.041 -177.0557
0.864735 82.071 -177.2749
0.871001 82.100 -177.4969
0.877313 82.129 -177.7217
0.883670 82.159 -177.9492
0.890074 82.188 -178.1795
0.896524 82.217 -178.4123
0.903020 82.246 -178.6477
0.909564 82.275 -178.8856
0.916155 82.304 -179.1260
0.922794 82.333 -179.3688
0.929481 82.361 -179.6140
0.936216 82.390 -179.8615
0.943000 82.418 179.8887
0.949834 82.446 179.6366
0.956717 82.474 179.3824
0.963649 82.502 179.1259
0.970632 82.530 178.8673
0.977666 82.558 178.6066
0.984750 82.585 178.3438
0.991886 82.612 178.0789
0.999074 82.639 177.8121
1.006314 82.666 177.5432
1.013606 82.693 177.2723
1.020951 82.719 176.9995
1.028349 82.746 176.7246
1.035801 82.772 176.4478
1.043307 82.797 176.1689
1.050867 82.823 175.8880
1.058482 82.848 175.6049
1.066152 82.873 175.3196
1.073878 82.897 175.0318
1.081660 82.922 174.7411
1.089498 82.946 174.4470
1.097393 82.969 174.1488
1.105345 82.993 173.8456
1.113355 83.016 173.5365
1.121423 83.038 173.2209
1.129549 83.060 172.8983
1.137734 83.082 172.5685
1.145979 83.104 172.2314
1.154283 83.125 171.8869
1.162647 83.145 171.5353
1.171072 83.165 171.1766
1.179558 83.185 170.8110
1.188106 83.204 170.4388
1.196715 83.223 170.0602
1.205387 83.241 169.6754
1.214122 83.259 169.2848
1.222920 83.277 168.8885
1.231782 83.294 168.4869
1.240708 83.311 168.0802
1.249699 83.327 167.6688
1.258754 83.342 167.2530
1.267876 83.357 166.8332
1.277063 83.372 166.4097
1.286318 83.386 165.9828
1.295639 83.400 165.5531
1.305027 83.413 165.1208
1.314484 83.426 164.6865
1.324009 83.438 164.2505
1.333604 83.450 163.8134
1.343268 83.461 163.3754
1.353002 83.472 162.9373
1.362806 83.482 162.4995
1.372681 83.492 162.0624
1.382628 83.501 161.6267
1.392647 83.510 161.1928
1.402739 83.518 160.7613
1.412904 83.526 160.3325
1.423142 83.533 159.9069
1.433455 83.539 159.4845
1.443843 83.545 159.0652
1.454305 83.550 158.6486
1.464844 83.555 158.2335
1.475459 83.559 157.8187
1.486150 83.562 157.4028
1.496920 83.565 156.9846
1.507767 83.566 156.5633
1.518693 83.567 156.1384
1.529698 83.566 155.7095
1.540783 83.565 155.2768
1.551948 83.563 154.8403
1.563194 83.560 154.4001
1.574521 83.557 153.9565
1.585931 83.552 153.5097
1.597423 83.546 153.0602
1.608999 83.540 152.6082
1.620658 83.533 152.1541
1.632402 83.525 151.6984
1.644232 83.516 151.2414
1.656146 83.507 150.7838
1.668147 83.496 150.3259
1.680235 83.485 149.8683
1.692411 83.473 149.4118
1.704675 83.461 148.9568
1.717028 83.448 148.5040
1.729470 83.434 148.0542
1.742003 83.419 147.6080
1.754626 83.404 147.1662
1.767341 83.388 146.7295
1.780147 83.372 146.2985
1.793047 83.354 145.8737
1.806040 83.337 145.4553
1.819128 83.318 145.0432
1.832310 83.298 144.6370
1.845587 83.278 144.2358
1.858961 83.256 143.8385
1.872432 83.233 143.4443
1.886001 83.208 143.0527
1.899667 83.182 142.6632
1.913433 83.155 142.2758
1.927299 83.126 141.8906
1.941265 83.097 141.5076
1.955332 83.066 141.1272
1.969501 83.034 140.7498
1.983773 83.001 140.3758
1.998148 82.968 140.0057
2.012627 82.934 139.6401
2.027212 82.900 139.2796
2.041902 82.865 138.9250
2.056698 82.830 138.5770
2.071602 82.795 138.2366
2.086614 82.760 137.9046
2.101734 82.726 137.5822
2.116964 82.692 137.2704
2.132304 82.658 136.9703
2.147756 82.625 136.6833
2.163320 82.593 136.4107
2.178996 82.561 136.1536
2.194786 82.530 135.9132
2.210690 82.499 135.6905
2.226710 82.468 135.4861
2.242845 82.436 135.3005
2.259098 82.404 135.1337
2.275468 82.371 134.9854
2.291957 82.339 134.8552
2.308566 82.306 134.7427
2.325295 82.273 134.6473
2.342145 82.241 134.5683
2.359117 82.210 134.5049
2.376212 82.180 134.4562
2.393431 82.151 134.4216
2.410775 82.124 134.4000
2.428244 82.099 134.3904
2.445840 82.077 134.3920
2.463564 82.057 134.4038
2.481416 82.041 134.4249
2.499397 82.029 134.4550
2.517509 82.021 134.4939
2.535752 82.016 134.5424
2.554127 82.017 134.6021
2.572635 82.021 134.6753
2.591277 82.030 134.7645
2.610055 82.044 134.8716
2.628968 82.061 134.9971
2.648019 82.083 135.1404
2.667208 82.108 135.2998
2.686535 82.138 135.4727
2.706003 82.171 135.6559
2.725612 82.208 135.8460
2.745363 82.249 136.0391
2.765257 82.293 136.2313
2.785295 82.341 136.4186
2.805478 82.393 136.5972
2.825808 82.448 136.7631
2.846285 82.507 136.9130
2.866910 82.570 137.0443
2.887685 82.636 137.1549
2.908611 82.707 137.2446
2.929688 82.782 137.3143
2.950917 82.861 137.3662
2.972301 82.946 137.4026
2.993839 83.036 137.4254
3.015534 83.131 137.4352
3.037386 83.230 137.4318
3.059396 83.335 137.4142
3.081565 83.442 137.3809
3.103896 83.554 137.3303
3.126388 83.668 137.2604
3.149043 83.784 137.1693
3.171862 83.901 137.0551
3.194847 84.020 136.9160
3.217998 84.139 136.7503
3.241317 84.258 136.5568
3.264805 84.377 136.3347
3.288463 84.495 136.0838
3.312293 84.614 135.8047
3.336295 84.733 135.4986
3.360471 84.853 135.1671
3.384822 84.974 134.8119
3.409350 85.095 134.4350
3.434056 85.217 134.0381
3.458940 85.339 133.6226
3.484005 85.461 133.1901
3.509252 85.583 132.7417
3.534681 85.703 132.2783
3.560295 85.823 131.8005
3.586094 85.940 131.3084
3.612081 86.056 130.8018
3.638255 86.170 130.2799
3.664620 86.281 129.7414
3.691175 86.390 129.1853
3.717923 86.497 128.6111
3.744864 86.602 128.0193
3.772001 86.706 127.4117
3.799335 86.807 126.7906
3.826866 86.906 126.1591
3.854597 87.003 125.5201
3.882529 87.099 124.8769
3.910664 87.192 124.2321
3.939002 87.283 123.5881
3.967546 87.371 122.9462
3.996296 87.457 122.3067
4.025255 87.541 121.6689
4.054423 87.622 121.0312
4.083804 87.700 120.3919
4.113396 87.776 119.7503
4.143204 87.849 119.1069
4.173227 87.919 118.4632
4.203468 87.987 117.8216
4.233928 88.053 117.1852
4.264609 88.117 116.5569
4.295512 88.180 115.9397
4.326639 88.240 115.3360
4.357992 88.299 114.7474
4.389572 88.357 114.1743
4.421380 88.412 113.6163
4.453419 88.466 113.0721
4.485691 88.517 112.5410
4.518196 88.567 112.0224
4.550936 88.616 111.5167
4.583914 88.664 111.0248
4.617131 88.711 110.5480
4.650589 88.757 110.0878
4.684289 88.804 109.6459
4.718233 88.851 109.2236
4.752424 88.898 108.8222
4.786862 88.946 108.4421
4.821549 88.994 108.0832
4.856488 89.043 107.7445
4.891680 89.092 107.4248
4.927127 89.142 107.1224
4.962831 89.193 106.8356
4.998794 89.246 106.5629
5.035017 89.300 106.3031
5.071503 89.357 106.0553
5.108253 89.416 105.8193
5.145270 89.478 105.5952
5.182555 89.543 105.3832
5.220110 89.610 105.1826
5.257937 89.679 104.9918
5.296038 89.751 104.8083
5.334415 89.825 104.6289
5.373071 89.902 104.4505
5.412006 89.981 104.2703
5.451224 90.062 104.0860
5.490725 90.146 103.8965
5.530514 90.232 103.7015
5.570590 90.321 103.5009
5.610957 90.411 103.2944
5.651616 90.504 103.0811
5.692570 90.598 102.8599
5.733821 90.692 102.6288
5.775370 90.788 102.3864
5.817221 90.884 102.1312
5.859375 90.980 101.8622
5.901834 91.077 101.5795
5.944602 91.173 101.2833
5.987679 91.269 100.9745
6.031068 91.364 100.6544
6.074771 91.459 100.3239
6.118792 91.553 99.9839
6.163131 91.645 99.6349
6.207792 91.736 99.2774
6.252776 91.824 98.9114
6.298086 91.911 98.5375
6.343725 91.996 98.1567
6.389694 92.078 97.7706
6.435996 92.159 97.3815
6.482634 92.238 96.9917
6.529610 92.314 96.6030
6.576926 92.388 96.2169
6.624585 92.460 95.8341
6.672590 92.529 95.4551
6.720942 92.597 95.0805
6.769645 92.662 94.7114
6.818700 92.726 94.3494
6.868111 92.788 93.9961
6.917881 92.849 93.6528
6.968010 92.908 93.3206
7.018504 92.967 92.9997
7.069362 93.024 92.6901
7.120590 93.081 92.3914
7.172189 93.137 92.1032
7.224161 93.193 91.8253
7.276511 93.250 91.5576
7.329239 93.306 91.2997
7.382350 93.364 91.0514
7.435845 93.421 90.8117
7.489729 93.480 90.5794
7.544002 93.539 90.3527
7.598669 93.599 90.1297
7.653732 93.660 89.9090
7.709194 93.722 89.6892
7.765058 93.785 89.4694
7.821327 93.849 89.2486
7.878004 93.914 89.0253
7.935091 93.980 88.7981
7.992592 94.046 88.5654
8.050510 94.112 88.3260
8.108847 94.179 88.0792
8.167607 94.245 87.8246
8.226793 94.312 87.5620
8.286408 94.378 87.2914
8.346454 94.444 87.0129
8.406936 94.508 86.7263
8.467856 94.572 86.4319
8.529218 94.635 86.1302
8.591024 94.696 85.8218
8.653278 94.756 85.5081
8.715983 94.814 85.1901
8.779143 94.871 84.8688
8.842760 94.927 84.5452
8.906839 94.981 84.2200
8.971381 95.033 83.8942
9.036392 95.084 83.5689
9.101873 95.134 83.2451
9.167829 95.182 82.9237
9.234263 95.230 82.6053
9.301178 95.277 82.2899
9.368578 95.323 81.9779
9.436467 95.368 81.6692
9.504847 95.413 81.3638
9.573723 95.458 81.0615
9.643099 95.502 80.7618
9.712976 95.545 80.4641
9.783361 95.587 80.1674
9.854255 95.627 79.8709
9.925663 95.665 79.5737
9.997588 95.702 79.2749
10.070035 95.737 78.9738
10.143007 95.770 78.6694
10.216507 95.802 78.3610
10.290540 95.832 78.0478
10.365109 95.862 77.7293
10.440219 95.890 77.4055
10.515873 95.918 77.0760
10.592076 95.945 76.7411
10.668830 95.972 76.4007
10.746141 95.998 76.0551
10.824012 96.024 75.7050
10.902447 96.048 75.3510
10.981451 96.073 74.9937
11.061027 96.096 74.6337
11.141180 96.119 74.2717
11.221913 96.142 73.9083
11.303232 96.164 73.5441
11.385140 96.186 73.1797
11.467641 96.207 72.8155
11.550741 96.228 72.4515
11.634442 96.250 72.0880
11.718750 96.272 71.7248
11.803669 96.294 71.3620
11.889203 96.317 70.9993
11.975357 96.340 70.6363
12.062136 96.364 70.2728
12.149543 96.389 69.9084
12.237583 96.414 69.5428
12.326262 96.440 69.1758
12.415583 96.465 68.8073
12.505552 96.491 68.4373
12.596172 96.517 68.0657
12.687449 96.543 67.6929
12.779387 96.568 67.3191
12.871992 96.594 66.9449
12.965268 96.619 66.5706
13.059220 96.644 66.1969
13.153852 96.669 65.8243
13.249170 96.694 65.4532
13.345179 96.719 65.0843
13.441884 96.744 64.7176
13.539289 96.770 64.3536
13.637401 96.796 63.9922
13.736223 96.822 63.6335
13.835761 96.848 63.2772
13.936021 96.874 62.9232
14.037007 96.901 62.5709
14.138725 96.928 62.2202
14.241180 96.954 61.8705
14.344377 96.981 61.5215
14.448323 97.008 61.1730
14.553021 97.034 60.8248
14.658478 97.060 60.4769
14.764700 97.086 60.1293
14.871691 97.111 59.7823
14.979457 97.136 59.4361
15.088005 97.161 59.0912
15.197339 97.185 58.7478
15.307465 97.209 58.4066
15.418389 97.232 58.0676
15.530117 97.254 57.7312
15.642655 97.276 57.3975
15.756008 97.298 57.0664
15.870182 97.319 56.7377
15.985184 97.340 56.4113
16.101019 97.360 56.0865
16.217694 97.380 55.7629
16.335214 97.399 55.4402
16.453586 97.419 55.1176
16.572815 97.438 54.7950
16.692909 97.456 54.4719
16.813872 97.475 54.1482
16.935713 97.493 53.8237
17.058436 97.510 53.4986
17.182048 97.527 53.1730
17.306556 97.544 52.8471
17.431967 97.560 52.5211
17.558286 97.575 52.1954
17.685521 97.589 51.8700
17.813677 97.603 51.5450
17.942762 97.616 51.2205
18.072783 97.629 50.8963
18.203746 97.641 50.5723
18.335658 97.653 50.2482
18.468526 97.665 49.9238
18.602356 97.677 49.5988
18.737156 97.688 49.2728
18.872934 97.700 48.9456
19.009695 97.711 48.6170
19.147447 97.723 48.2869
19.286197 97.735 47.9550
19.425953 97.746 47.6215
19.566721 97.758 47.2861
19.708510 97.770 46.9489
19.851326 97.781 46.6098
19.995177 97.792 46.2689
20.140070 97.803 45.9263
20.286013 97.814 45.5822
20.433014 97.825 45.2368
20.581080 97.835 44.8904
20.730219 97.846 44.5435
20.880439 97.856 44.1966
21.031747 97.866 43.8501
21.184152 97.877 43.5046
21.337661 97.887 43.1604
21.492282 97.898 42.8180
21.648024 97.909 42.4773
21.804895 97.920 42.1384
21.962902 97.931 41.8011
22.122054 97.943 41.4654
22.282360 97.954 41.1308
22.443827 97.966 40.7973
22.606464 97.977 40.4649
22.770280 97.988 40.1334
22.935283 97.999 39.8033
23.101481 98.010 39.4747
23.268884 98.020 39.1481
23.437500 98.030 38.8239
23.607338 98.039 38.5024
23.778406 98.048 38.1838
23.950714 98.056 37.8679
24.124271 98.064 37.5547
24.299086 98.072 37.2437
24.475167 98.079 36.9345
24.652524 98.085 36.6268
24.831166 98.092 36.3201
25.011103 98.097 36.0142
25.192344 98.103 35.7090
25.374898 98.108 35.4044
25.558775 98.112 35.1004
25.743984 98.115 34.7971
25.930536 98.119 34.4943
26.118439 98.121 34.1920
26.307704 98.124 33.8898
26.498341 98.126 33.5876
26.690359 98.127 33.2851
26.883768 98.128 32.9821
27.078579 98.129 32.6783
27.274801 98.129 32.3740
27.472446 98.129 32.0691
27.671522 98.129 31.7639
27.872042 98.128 31.4585
28.074014 98.128 31.1530
28.277450 98.127 30.8475
28.482360 98.125 30.5421
28.688755 98.124 30.2364
28.896645 98.123 29.9306
29.106042 98.122 29.6244
29.316957 98.121 29.3180
29.529400 98.120 29.0115
29.743382 98.119 28.7049
29.958915 98.118 28.3986
30.176009 98.118 28.0927
30.394677 98.117 27.7875
30.614929 98.117 27.4832
30.836778 98.117 27.1797
31.060234 98.117 26.8774
31.285309 98.117 26.5760
31.512015 98.117 26.2756
31.740364 98.117 25.9764
31.970368 98.116 25.6782
32.202039 98.116 25.3812
32.435388 98.115 25.0857
32.670428 98.113 24.7919
32.907171 98.112 24.4999
33.145630 98.110 24.2098
33.385817 98.108 23.9217
33.627745 98.106 23.6351
33.871425 98.103 23.3496
34.116871 98.101 23.0645
34.364096 98.098 22.7794
34.613113 98.095 22.4938
34.863934 98.091 22.2076
35.116572 98.087 21.9211
35.371041 98.083 21.6345
35.627354 98.078 21.3484
35.885525 98.072 21.0629
36.145566 98.066 20.7780
36.407492 98.060 20.4938
36.671316 98.054 20.2100
36.937051 98.047 19.9266
37.204712 98.040 19.6440
37.474313 98.033 19.3627
37.745867 98.026 19.0834
38.019389 98.018 18.8066
38.294893 98.010 18.5330
38.572394 98.003 18.2624
38.851905 97.995 17.9948
39.133442 97.987 17.7300
39.417019 97.980 17.4677
39.702651 97.973 17.2079
39.990353 97.966 16.9507
40.280140 97.959 16.6960
40.572026 97.953 16.4435
40.866028 97.946 16.1925
41.162160 97.940 15.9418
41.460438 97.935 15.6902
41.760877 97.929 15.4367
42.063494 97.924 15.1809
42.368303 97.918 14.9229
42.675322 97.912 14.6634
42.984565 97.905 14.4031
43.296048 97.897 14.1425
43.609789 97.890 13.8822
43.925804 97.882 13.6221
44.244108 97.873 13.3624
44.564719 97.864 13.1033
44.887654 97.855 12.8451
45.212928 97.846 12.5882
45.540560 97.836 12.3328
45.870565 97.827 12.0788
46.202962 97.817 11.8259
46.537768 97.808 11.5737
46.875000 97.799 11.3221
47.214676 97.789 11.0710
47.556813 97.780 10.8210
47.901429 97.770 10.5723
48.248542 97.761 10.3251
48.598171 97.751 10.0793
48.950334 97.742 9.8346
49.305048 97.732 9.5906
49.662333 97.722 9.3472
50.022206 97.712 9.1043
50.384688 97.702 8.8621
50.749796 97.692 8.6208
51.117550 97.681 8.3808
51.487969 97.670 8.1423
51.861072 97.659 7.9056
52.236879 97.648 7.6711
52.615409 97.637 7.4390
52.996681 97.626 7.2088
53.380717 97.615 6.9805
53.767536 97.605 6.7536
54.157158 97.595 6.5278
54.549603 97.586 6.3026
54.944892 97.576 6.0776
55.343045 97.568 5.8522
55.744084 97.559 5.6257
56.148028 97.551 5.3976
56.554900 97.542 5.1674
56.964720 97.534 4.9351
57.377510 97.525 4.7006
57.793291 97.516 4.4646
58.212085 97.506 4.2275
58.633914 97.496 3.9900
59.058799 97.485 3.7521
59.486764 97.473 3.5142
59.917829 97.461 3.2767
60.352019 97.448 3.0400
60.789354 97.434 2.8051
61.229859 97.420 2.5724
61.673556 97.406 2.3424
62.120468 97.391 2.1152
62.570618 97.376 1.8906
63.024031 97.361 1.6683
63.480729 97.345 1.4481
63.940736 97.330 1.2297
64.404077 97.315 1.0129
64.870776 97.300 0.7972
65.340856 97.284 0.5824
65.814343 97.269 0.3682
66.291261 97.253 0.1545
66.771635 97.238 -0.0582
67.255489 97.222 -0.2700
67.742850 97.206 -0.4807
68.233743 97.189 -0.6900
68.728193 97.173 -0.8981
69.226226 97.157 -1.1050
69.727867 97.141 -1.3109
70.233144 97.125 -1.5159
70.742083 97.109 -1.7201
71.254709 97.093 -1.9232
71.771050 97.077 -2.1253
72.291132 97.061 -2.3259
72.814984 97.044 -2.5247
73.342631 97.028 -2.7217
73.874102 97.012 -2.9167
74.409424 96.996 -3.1104
74.948626 96.980 -3.3031
75.491734 96.964 -3.4955
76.038779 96.949 -3.6879
76.589787 96.934 -3.8810
77.144788 96.919 -4.0753
77.703811 96.904 -4.2715
78.266885 96.889 -4.4702
78.834039 96.875 -4.6721
79.405303 96.860 -4.8781
79.980706 96.845 -5.0890
80.560280 96.830 -5.3059
81.144053 96.815 -5.5291
81.732056 96.798 -5.7581
82.324320 96.781 -5.9918
82.920876 96.762 -6.2280
83.521755 96.741 -6.4640
84.126988 96.719 -6.6966
84.736607 96.696 -6.9229
85.350643 96.671 -7.1407
85.969129 96.647 -7.3491
86.592097 96.622 -7.5476
87.219579 96.597 -7.7368
87.851608 96.572 -7.9179
88.488217 96.547 -8.0922
89.129439 96.523 -8.2614
89.775308 96.499 -8.4266
90.425856 96.476 -8.5894
91.081119 96.453 -8.7502
91.741131 96.431 -8.9097
92.405925 96.408 -9.0679
93.075536 96.386 -9.2251
93.750000 96.364 -9.3816
94.429351 96.342 -9.5370
95.113625 96.320 -9.6915
95.802858 96.297 -9.8447
96.497085 96.275 -9.9966
97.196342 96.252 -10.1472
97.900667 96.228 -10.2963
98.610096 96.205 -10.4440
99.324665 96.181 -10.5898
100.044413 96.157 -10.7332
100.769376 96.132 -10.8731
101.499592 96.108 -11.0089
102.235100 96.084 -11.1409
102.975938 96.061 -11.2700
103.722144 96.038 -11.3981
104.473757 96.016 -11.5272
105.230817 95.994 -11.6589
105.993363 95.972 -11.7941
106.761435 95.950 -11.9327
107.535072 95.928 -12.0751
108.314315 95.906 -12.2209
109.099206 95.884 -12.3705
109.889783 95.861 -12.5240
110.686090 95.837 -12.6814
111.488167 95.812 -12.8419
112.296056 95.786 -13.0043
113.109800 95.757 -13.1670
113.929440 95.727 -13.3275
114.755020 95.694 -13.4825
115.586582 95.659 -13.6283
116.424170 95.622 -13.7605
117.267827 95.584 -13.8762
118.117598 95.547 -13.9742
118.973527 95.511 -14.0553
119.835658 95.477 -14.1236
120.704037 95.447 -14.1866
121.578708 95.419 -14.2520
122.459718 95.393 -14.3233
123.347111 95.368 -14.4000
124.240935 95.343 -14.4797
125.141236 95.317 -14.5603
126.048061 95.290 -14.6400
126.961458 95.263 -14.7175
127.881473 95.235 -14.7922
128.808154 95.206 -14.8631
129.741551 95.176 -14.9294
130.681712 95.147 -14.9909
131.628686 95.117 -15.0472
132.582521 95.088 -15.0979
133.543269 95.057 -15.1424
134.510979 95.027 -15.1804
135.485701 94.996 -15.2125
136.467486 94.966 -15.2402
137.456386 94.937 -15.2653
138.452451 94.908 -15.2892
139.455735 94.882 -15.3129
140.466288 94.857 -15.3385
141.484165 94.833 -15.3683
142.509418 94.811 -15.4047
143.542100 94.790 -15.4501
144.582265 94.767 -15.5062
145.629968 94.744 -15.5739
146.685262 94.719 -15.6525
147.748204 94.693 -15.7393
148.818849 94.664 -15.8291
149.897251 94.634 -15.9155
150.983469 94.602 -15.9920
152.077557 94.569 -16.0541
153.179574 94.534 -16.0991
154.289576 94.498 -16.1264
155.407622 94.462 -16.1385
156.533770 94.426 -16.1415
157.668078 94.391 -16.1424
158.810606 94.355 -16.1473
159.961413 94.319 -16.1586
161.120559 94.283 -16.1742
162.288105 94.246 -16.1881
163.464112 94.208 -16.1928
164.648640 94.168 -16.1818
165.841752 94.128 -16.1496
167.043510 94.088 -16.0919
168.253976 94.048 -16.0059
169.473213 94.011 -15.8896
170.701286 93.976 -15.7449
171.938258 93.947 -15.5775
173.184194 93.923 -15.3979
174.439158 93.906 -15.2195
175.703216 93.895 -15.0556
176.976434 93.889 -14.9177
178.258878 93.887 -14.8139
179.550615 93.887 -14.7487
180.851713 93.888 -14.7231
182.162239 93.888 -14.7357
183.482262 93.886 -14.7820
184.811850 93.881 -14.8566
186.151073 93.872 -14.9525
187.500000 93.859 -15.0623
188.858702 93.841 -15.1786
190.227250 93.820 -15.2947
191.605715 93.796 -15.4058
192.994169 93.768 -15.5085
194.392685 93.739 -15.6012
195.801334 93.707 -15.6816
197.220191 93.675 -15.7482
198.649330 93.642 -15.7994
200.088825 93.608 -15.8352
201.538751 93.575 -15.8572
202.999184 93.543 -15.8683
204.470200 93.512 -15.8729
205.951875 93.481 -15.8754
207.444287 93.451 -15.8790
208.947514 93.421 -15.8843
210.461634 93.389 -15.8896
211.986726 93.356 -15.8915
213.522869 93.321 -15.8853
215.070144 93.284 -15.8663
216.628631 93.246 -15.8312
218.198411 93.207 -15.7789
219.779567 93.170 -15.7123
221.372180 93.133 -15.6370
222.976334 93.098 -15.5590
224.592112 93.064 -15.4822
226.219600 93.031 -15.4086
227.858880 92.999 -15.3370
229.510039 92.966 -15.2657
231.173164 92.934 -15.1924
232.848340 92.901 -15.1160
234.535655 92.868 -15.0367
236.235197 92.835 -14.9561
237.947054 92.801 -14.8765
239.671317 92.767 -14.7991
241.408074 92.731 -14.7234
243.157416 92.695 -14.6470
244.919435 92.658 -14.5659
246.694223 92.620 -14.4751
248.481871 92.581 -14.3691
250.282473 92.542 -14.2433
252.096123 92.503 -14.0956
253.922915 92.467 -13.9281
255.762945 92.434 -13.7479
257.616309 92.404 -13.5651
259.483103 92.377 -13.3902
261.363424 92.352 -13.2283
263.257372 92.327 -13.0780
265.165043 92.301 -12.9332
267.086538 92.274 -12.7871
269.021957 92.247 -12.6345
270.971401 92.220 -12.4733
272.934972 92.194 -12.3042
274.912771 92.169 -12.1298
276.904902 92.146 -11.9531
278.911469 92.125 -11.7764
280.932577 92.105 -11.6014
282.968330 92.088 -11.4314
285.018835 92.072 -11.2712
287.084199 92.057 -11.1270
289.164530 92.042 -11.0043
291.259935 92.026 -10.9034
293.370525 92.007 -10.8188
295.496408 91.985 -10.7399
297.637697 91.959 -10.6566
299.794503 91.931 -10.5618
301.966937 91.901 -10.4525
304.155114 91.871 -10.3290
306.359147 91.840 -10.1938
308.579152 91.810 -10.0503
310.815244 91.779 -9.9017
313.067539 91.748 -9.7501
315.336156 91.717 -9.5945
317.621211 91.684 -9.4316
319.922826 91.652 -9.2567
322.241118 91.619 -9.0675
324.576210 91.587 -8.8646
326.928223 91.557 -8.6515
329.297280 91.527 -8.4325
331.683504 91.499 -8.2117
334.087019 91.472 -7.9919
336.507952 91.445 -7.7752
338.946427 91.418 -7.5615
341.402572 91.392 -7.3491
343.876516 91.364 -7.1349
346.368387 91.336 -6.9158
348.878315 91.307 -6.6899
351.406431 91.279 -6.4572
353.952867 91.251 -6.2180
356.517756 91.223 -5.9729
359.101230 91.195 -5.7229
361.703426 91.168 -5.4689
364.324478 91.141 -5.2117
366.964523 91.115 -4.9515
369.623699 91.088 -4.6877
372.302145 91.063 -4.4197
375.000000 91.037 -4.1469
377.717405 91.012 -3.8690
380.454501 90.988 -3.5859
383.211431 90.964 -3.2979
385.988339 90.940 -3.0048
388.785369 90.918 -2.7068
391.602668 90.896 -2.4041
394.440383 90.875 -2.0968
397.298660 90.855 -1.7859
400.177650 90.835 -1.4727
403.077502 90.817 -1.1592
405.998368 90.799 -0.8472
408.940400 90.782 -0.5375
411.903750 90.764 -0.2285
414.888575 90.746 0.0835
417.895028 90.729 0.4026
420.923268 90.711 0.7314
423.973452 90.695 1.0710
427.045738 90.681 1.4198
430.140287 90.668 1.7740
433.257261 90.658 2.1289
436.396822 90.649 2.4810
439.559133 90.642 2.8293
442.744360 90.637 3.1738
445.952668 90.632 3.5124
449.184225 90.630 3.8404
452.439199 90.628 4.1516
455.717760 90.625 4.4429
459.020079 90.621 4.7175
462.346327 90.614 4.9862
465.696680 90.604 5.2612
469.071310 90.593 5.5502
472.470394 90.581 5.8547
475.894109 90.569 6.1720
479.342634 90.559 6.4964
482.816148 90.549 6.8223
486.314833 90.539 7.1482
489.838871 90.529 7.4788
493.388445 90.518 7.8217
496.963741 90.508 8.1810
500.564945 90.500 8.5528
504.192245 90.493 8.9290
507.845830 90.489 9.3021
511.525890 90.486 9.6693
515.232618 90.483 10.0314
518.966206 90.480 10.3924
522.726849 90.477 10.7568
526.514743 90.473 11.1289
530.330086 90.471 11.5101
534.173076 90.469 11.8976
538.043915 90.470 12.2867
541.942803 90.472 12.6748
545.869944 90.475 13.0625
549.825542 90.479 13.4506
553.809805 90.484 13.8373
557.822939 90.491 14.2195
561.865154 90.498 14.5949
565.936660 90.506 14.9641
570.037671 90.513 15.3301
574.168399 90.520 15.6965
578.329060 90.527 16.0654
582.519870 90.534 16.4362
586.741049 90.541 16.8087
590.992817 90.549 17.1848
595.275394 90.556 17.5674
599.589005 90.565 17.9557
603.933874 90.575 18.3460
608.310228 90.586 18.7339
612.718295 90.597 19.1177
617.158304 90.608 19.4996
621.630488 90.619 19.8854
626.135079 90.629 20.2815
630.672311 90.641 20.6902
635.242423 90.655 21.1072
639.845651 90.671 21.5261
644.482237 90.689 21.9447
649.152421 90.709 22.3641
653.856447 90.731 22.7832
658.594560 90.756 23.1954
663.367008 90.783 23.5906
668.174039 90.811 23.9611
673.015903 90.839 24.3073
677.892854 90.864 24.6371
682.805145 90.887 24.9601
687.753032 90.908 25.2834
692.736774 90.926 25.6129
697.756631 90.944 25.9530
702.812863 90.961 26.3053
707.905735 90.979 26.6675
713.035511 90.997 27.0353
718.202461 91.016 27.4058
723.406852 91.036 27.7782
728.648956 91.056 28.1539
733.929047 91.076 28.5336
739.247399 91.096 28.9176
744.604290 91.117 29.3061
750.000000 91.138 29.6992
755.434809 91.159 30.0971
760.909001 91.181 30.5001
766.422861 91.204 30.9080
771.976677 91.227 31.3205
777.570739 91.251 31.7371
783.205337 91.276 32.1579
788.880766 91.302 32.5844
794.597321 91.328 33.0203
800.355301 91.356 33.4683
806.155005 91.387 33.9274
811.996736 91.421 34.3913
817.880799 91.459 34.8501
823.807501 91.500 35.2922
829.777150 91.543 35.7067
835.790057 91.586 36.0896
841.846536 91.626 36.4480
847.946903 91.663 36.7958
854.091476 91.695 37.1475
860.280575 91.724 37.5152
866.514523 91.750 37.9113
872.793644 91.774 38.3492
879.118267 91.799 38.8380
885.488720 91.829 39.3802
891.905336 91.865 39.9716
898.368450 91.911 40.6003
904.878398 91.970 41.2432
911.435520 92.041 41.8665
918.040157 92.123 42.4344
924.692655 92.211 42.9224
931.393359 92.300 43.3255
938.142619 92.385 43.6546
944.940787 92.465 43.9305
951.788218 92.538 44.1760
958.685268 92.604 44.4096
965.632296 92.667 44.6442
972.629666 92.726 44.8877
979.677741 92.784 45.1434
986.776890 92.841 45.4116
993.927482 92.898 45.6936
1001.129891 92.957 45.9927
1008.384491 93.016 46.3110
1015.691660 93.079 46.6455
1023.051781 93.145 46.9896
1030.465236 93.215 47.3340
1037.932411 93.289 47.6664
1045.453698 93.367 47.9741
1053.029486 93.446 48.2513
1060.660172 93.524 48.5009
1068.346153 93.601 48.7308
1076.087829 93.677 48.9493
1083.885605 93.752 49.1621
1091.739887 93.827 49.3706
1099.651084 93.901 49.5746
1107.619609 93.976 49.7744
1115.645878 94.051 49.9712
1123.730308 94.126 50.1664
1131.873321 94.200 50.3609
1140.075341 94.276 50.5555
1148.336797 94.352 50.7504
1156.658119 94.428 50.9461
1165.039741 94.506 51.1435
1173.482099 94.586 51.3437
1181.985634 94.668 51.5456
1190.550789 94.753 51.7427
1199.178011 94.843 51.9235
1207.867749 94.935 52.0760
1216.620457 95.029 52.1945
1225.436590 95.121 52.2821
1234.316609 95.212 52.3468
1243.260976 95.301 52.3969
1252.270157 95.388 52.4397
1261.344623 95.473 52.4793
1270.484846 95.558 52.5171
1279.691303 95.642 52.5545
1288.964474 95.727 52.5930
1298.304842 95.811 52.6317
1307.712894 95.897 52.6677
1317.189120 95.983 52.6970
1326.734016 96.071 52.7169
1336.348077 96.160 52.7275
1346.031806 96.249 52.7311
1355.785708 96.340 52.7309
1365.610290 96.432 52.7299
1375.506065 96.526 52.7320
1385.473549 96.622 52.7413
1395.513261 96.722 52.7585
1405.625726 96.827 52.7781
1415.811469 96.935 52.7883
1426.071023 97.048 52.7751
1436.404921 97.163 52.7290
1446.813703 97.277 52.6490
1457.297912 97.391 52.5394
1467.858093 97.504 52.4049
1478.494798 97.615 52.2488
1489.208581 97.723 52.0735
1500.000000 97.829 51.8813
1510.869618 97.932 51.6739
1521.818002 98.030 51.4528
1532.845723 98.125 51.2186
1543.953355 98.216 50.9715
1555.141477 98.305 50.7108
1566.410674 98.393 50.4319
1577.761531 98.482 50.1245
1589.194642 98.571 49.7752
1600.710601 98.660 49.3756
1612.310010 98.746 48.9247
1623.993473 98.829 48.4270
1635.761599 98.908 47.8889
1647.615002 98.983 47.3154
1659.554299 99.055 46.7109
1671.580114 99.123 46.0787
1683.693072 99.188 45.4202
1695.893807 99.249 44.7343
1708.182952 99.307 44.0196
1720.561150 99.360 43.2765
1733.029045 99.407 42.5081
1745.587288 99.448 41.7194
1758.236533 99.483 40.9170
1770.977440 99.513 40.1069
1783.810673 99.540 39.2902
1796.736900 99.564 38.4609
1809.756796 99.587 37.6083
1822.871040 99.606 36.7244
1836.080315 99.621 35.8068
1849.385310 99.630 34.8585
1862.786718 99.633 33.8848
1876.285239 99.630 32.8931
1889.881575 99.622 31.8927
1903.576436 99.608 30.8940
1917.370535 99.591 29.9065
1931.264593 99.572 28.9381
1945.259332 99.552 27.9926
1959.355483 99.532 27.0668
1973.553781 99.512 26.1534
1987.854965 99.490 25.2462
2002.259781 99.464 24.3442
2016.768981 99.434 23.4513
2031.383320 99.399 22.5728
2046.103561 99.358 21.7154
2060.930471 99.312 20.8853
2075.864823 99.261 20.0874
2090.907395 99.205 19.3258
2106.058972 99.144 18.6063
2121.320344 99.078 17.9375
2136.692305 99.007 17.3302
2152.175658 98.934 16.7938
2167.771210 98.861 16.3298
2183.479774 98.792 15.9277
2199.302169 98.727 15.5677
2215.239219 98.667 15.2290
2231.291755 98.611 14.8942
2247.460615 98.556 14.5521
2263.746641 98.502 14.1993
2280.150683 98.447 13.8400
2296.673595 98.389 13.4850
2313.316238 98.328 13.1474
2330.079481 98.265 12.8374
2346.964198 98.202 12.5574
2363.971268 98.139 12.3035
2381.101578 98.077 12.0715
2398.356022 98.015 11.8605
2415.735498 97.953 11.6713
2433.240913 97.891 11.5061
2450.873180 97.829 11.3655
2468.633217 97.769 11.2479
2486.521951 97.710 11.1506
2504.540314 97.651 11.0737
2522.689246 97.594 11.0210
2540.969692 97.538 10.9973
2559.382606 97.485 11.0026
2577.928947 97.436 11.0297
2596.609683 97.391 11.0688
2615.425787 97.350 11.1125
2634.378241 97.312 11.1575
2653.468031 97.275 11.2050
2672.696154 97.241 11.2606
2692.063613 97.208 11.3310
2711.571415 97.180 11.4196
2731.220579 97.157 11.5208
2751.012130 97.141 11.6212
2770.947098 97.130 11.7064
2791.026522 97.125 11.7642
2811.251451 97.125 11.7859
2831.622938 97.127 11.7660
2852.142045 97.131 11.7002
2872.809842 97.135 11.5867
2893.627406 97.138 11.4277
2914.595823 97.138 11.2300
2935.716186 97.136 10.9995
2956.989596 97.130 10.7371
2978.417161 97.120 10.4385
3000.000000 97.105 10.1008
3021.739237 97.082 9.7264
3043.636005 97.048 9.3264
3065.691446 97.003 8.9214
3087.906710 96.944 8.5389
3110.282955 96.873 8.2057
3132.821347 96.793 7.9431
3155.523062 96.704 7.7672
3178.389283 96.611 7.6898
3201.421202 96.515 7.7191
3224.620020 96.421 7.8563
3247.986946 96.332 8.0955
3271.523198 96.249 8.4258
3295.230004 96.175 8.8359
3319.108599 96.111 9.3145
3343.160228 96.059 9.8475
3367.386145 96.019 10.4188
3391.787613 95.991 11.0154
3416.365904 95.973 11.6318
3441.122300 95.967 12.2722
3466.058091 95.973 12.9458
3491.174576 95.994 13.6573
3516.473066 96.034 14.3958
3541.954880 96.097 15.1324
3567.621345 96.183 15.8260
3593.473800 96.293 16.4308
3619.513592 96.423 16.9025
3645.742080 96.569 17.2046
3672.160630 96.724 17.3142
3698.770620 96.883 17.2233
3725.573436 97.041 16.9313
3752.570477 97.194 16.4398
3779.763150 97.338 15.7510
3807.152872 97.466 14.8716
3834.741071 97.574 13.8167
3862.529185 97.658 12.6099
3890.518664 97.715 11.2795
3918.710966 97.743 9.8535
3947.107561 97.740 8.3593
3975.709929 97.705 6.8265
4004.519563 97.636 5.2878
4033.537962 97.531 3.7803
4062.766641 97.389 2.3485
4092.207123 97.211 1.0445
4121.860942 96.998 -0.0784
4151.729646 96.754 -0.9716
4181.814790 96.485 -1.5936
4212.117944 96.194 -1.9078
4242.640687 95.891 -1.8796
4273.384610 95.582 -1.4811
4304.351317 95.279 -0.7010
4335.542421 94.994 0.4472
4366.959549 94.739 1.9221
4398.604338 94.525 3.6549
4430.478438 94.358 5.5574
4462.583511 94.241 7.5372
4494.921231 94.172 9.5085
4527.493283 94.149 11.3953
4560.301365 94.165 13.1335
4593.347189 94.211 14.6788
4626.632476 94.278 16.0118
4660.158962 94.359 17.1349
4693.928395 94.447 18.0607
4727.942535 94.540 18.8025
4762.203156 94.633 19.3700
4796.712043 94.724 19.7682
4831.470996 94.811 20.0016
4866.481826 94.888 20.0803
4901.746360 94.954 20.0197
4937.266434 95.004 19.8378
4973.043902 95.035 19.5568
5009.080628 95.043 19.2091
5045.378492 95.026 18.8390
5081.939384 94.984 18.4969
5118.765212 94.918 18.2302
5155.857894 94.834 18.0760
5193.219366 94.735 18.0569
5230.851574 94.628 18.1838
5268.756481 94.516 18.4600
5306.936062 94.403 18.8817
5345.392309 94.293 19.4369
5384.127225 94.188 20.1079
5423.142830 94.090 20.8792
5462.441159 93.998 21.7384
5502.024259 93.913 22.6751
5541.894195 93.836 23.6797
5582.053045 93.768 24.7437
5622.502902 93.707 25.8617
5663.245876 93.655 27.0323
5704.284090 93.613 28.2525
5745.619684 93.580 29.5143
5787.254813 93.557 30.8081
5829.191647 93.543 32.1299
5871.432373 93.537 33.4827
5913.979192 93.541 34.8722
5956.834323 93.554 36.3013
6000.000000 93.579 37.7668
6043.478473 93.615 39.2620
6087.272010 93.665 40.7792
6131.382892 93.728 42.3083
6175.813420 93.804 43.8390
6220.565910 93.892 45.3663
6265.642695 93.991 46.8920
6311.046124 94.101 48.4224
6356.778566 94.223 49.9622
6402.842404 94.358 51.5119
6449.240040 94.507 53.0686
6495.973891 94.671 54.6257
6543.046396 94.851 56.1732
6590.460007 95.047 57.7012
6638.217197 95.259 59.2043
6686.320456 95.488 60.6820
6734.772290 95.733 62.1346
6783.575226 95.996 63.5584
6832.731809 96.279 64.9451
6882.244600 96.581 66.2803
6932.116181 96.903 67.5430
6982.349153 97.245 68.7097
7032.946133 97.607 69.7578
7083.909760 97.987 70.6673
7135.242690 98.387 71.4157
7186.947600 98.804 71.9745
7239.027185 99.238 72.3073
7291.484160 99.684 72.3687
7344.321260 100.139 72.1053
7397.541239 100.596 71.4620
7451.146872 101.047 70.3885
7505.140954 101.485 68.8416
7559.526299 101.902 66.7855
7614.305743 102.292 64.1950
7669.482141 102.646 61.0583
7725.058371 102.957 57.3797
7781.037328 103.215 53.1812
7837.421932 103.413 48.5036
7894.215122 103.544 43.4112
7951.419859 103.606 37.9988
8009.039125 103.599 32.3997
8067.075924 103.526 26.7828
8125.533282 103.391 21.3336
8184.414245 103.201 16.2236
8243.721885 102.960 11.5861
8303.459292 102.673 7.5067
8363.629581 102.345 4.0279
8424.235888 101.984 1.1591
8485.281374 101.599 -1.1172
8546.769221 101.199 -2.8396
8608.702634 100.793 -4.0596
8671.084842 100.391 -4.8297
8733.919097 99.999 -5.1974
8797.208675 99.625 -5.2047
8860.956876 99.277 -4.8893
8925.167022 98.960 -4.2933
8989.842461 98.681 -3.4666
9054.986566 98.445 -2.4634
9120.602731 98.256 -1.3361
9186.694378 98.115 -0.1307
9253.264952 98.024 1.1121
9320.317925 97.986 2.3505
9387.856790 98.003 3.5333
9455.885071 98.075 4.6002
9524.406312 98.203 5.4858
9593.424086 98.384 6.1241
9662.941992 98.614 6.4499
9732.963653 98.888 6.3945
9803.492719 99.198 5.8842
9874.532869 99.531 4.8457
9946.087805 99.874 3.2177
10018.161257 100.208 0.9619
10090.756983 100.516 -1.9302
10163.878768 100.783 -5.4380
10237.530423 100.992 -9.5103
10311.715789 101.130 -14.0637
10386.438732 101.187 -18.9797
10461.703149 101.157 -24.1106
10537.512962 101.037 -29.2933
10613.872125 100.830 -34.3734
10690.784618 100.542 -39.2220
10768.254450 100.180 -43.7450
10846.285661 99.753 -47.8795
10924.882318 99.272 -51.5894
11004.048518 98.746 -54.8627
11083.788390 98.188 -57.7104
11164.106090 97.608 -60.1603
11245.005805 97.016 -62.2477
11326.491752 96.419 -64.0076
11408.568180 95.825 -65.4755
11491.239368 95.241 -66.6920
11574.509626 94.672 -67.7045
11658.383294 94.124 -68.5633
11742.864745 93.599 -69.3179
11827.958384 93.099 -70.0187
11913.668646 92.625 -70.7213
12000.000000 92.175 -71.4850
12086.956947 91.745 -72.3630
12174.544019 91.330 -73.3958
12262.765784 90.921 -74.6104
12351.626840 90.511 -76.0253
12441.131819 90.091 -77.6498
12531.285389 89.652 -79.4796
12622.092249 89.185 -81.4949
12713.557132 88.683 -83.6658
12805.684808 88.140 -85.9584
12898.480079 87.550 -88.3352
12991.947783 86.909 -90.7547
13086.092792 86.216 -93.1763
13180.920015 85.469 -95.5670
13276.434395 84.668 -97.8996
13372.640911 83.810 -100.1412
13469.544580 82.893 -102.2466
13567.150452 81.918 -104.1660
13665.463617 80.886 -105.8655
13764.489200 79.805 -107.3467
13864.232362 78.682 -108.6573
13964.698305 77.525 -109.8918
14065.892266 76.338 -111.1815
14167.819519 75.119 -112.6804
14270.485380 73.867 -114.5650
14373.895200 72.575 -117.0598
14478.054370 71.243 -120.4891
14582.968320 69.875 -125.3656
14688.642520 68.501 -132.5771
14795.082478 67.194 -143.7792
14902.293745 66.098 -161.8352
15010.281908 65.420 171.2503
15119.052599 65.306 142.1703
15228.611486 65.701 120.5363
15338.964283 66.395 106.3474
15450.116741 67.173 96.5421
15562.074656 67.901 89.1987
15674.843864 68.514 83.4261
15788.430244 68.997 78.9039
15902.839718 69.370 75.6119
16018.078250 69.688 73.6425
16134.151848 70.025 72.9866
16251.066563 70.452 73.2947
16368.828491 70.981 73.8262
16487.443769 71.561 73.8187
16606.918584 72.113 72.9797
16727.259161 72.593 71.5208
16848.471777 73.007 69.8182
16970.562748 73.388 68.1381
17093.538442 73.782 66.5530
17217.405268 74.224 64.9661
17342.169684 74.731 63.1672
17467.838194 75.296 60.8958
17594.417350 75.894 57.9000
17721.913751 76.481 53.9849
17850.334044 77.006 49.0441
17979.684923 77.414 43.0839
18109.973131 77.649 36.2382
18241.205462 77.664 28.7702
18373.388756 77.427 21.0576
18506.529905 76.922 13.5541
18640.635849 76.157 6.7228
18775.713581 75.160 0.9609
18911.770141 73.976 -3.4557
19048.812624 72.653 -6.3730
19186.848172 71.243 -7.6917
19325.883983 69.795 -7.3237
19465.927305 68.377 -5.3430
19606.985439 67.075 -2.2188
19749.065738 65.989 1.2231
19892.175609 65.209 4.1005
20036.322514 64.801 5.7272
