* Measurement data measured by REW V5.31
* Source: EXCL: Microphone (USB Sound Device        ), MICROPHONE (Master Volume), L, volume: 0.560
* Format: 256k Log Swept Sine, 1 sweep at -5.0 dBFS with no timing reference
* Dated: May 27, 2024 3:25:19 PM
* REW Settings:
*  C-weighting compensation: Off
*  Target level: 75.0 dB
* Note: Twistura D-Major Blue  L
* Measurement: L Twistura D-Major Blue
* Smoothing: 1/12 octave
* Frequency Step: 96 ppo
* Start Frequency: 0.36621094 Hz
*
* Freq(Hz) SPL(dB) Phase(degrees)
0.366211 78.974 174.5327
0.368865 78.970 174.5234
0.371538 78.965 174.5096
0.374230 78.958 174.4923
0.376942 78.950 174.4724
0.379673 78.941 174.4507
0.382424 78.933 174.4275
0.385196 78.923 174.4031
0.387987 78.914 174.3777
0.390798 78.905 174.3514
0.393630 78.895 174.3242
0.396483 78.886 174.2962
0.399356 78.876 174.2673
0.402250 78.866 174.2375
0.405165 78.857 174.2068
0.408101 78.847 174.1753
0.411058 78.837 174.1429
0.414037 78.827 174.1096
0.417037 78.817 174.0754
0.420059 78.807 174.0403
0.423103 78.796 174.0043
0.426169 78.786 173.9674
0.429257 78.776 173.9296
0.432368 78.765 173.8908
0.435501 78.755 173.8510
0.438656 78.744 173.8103
0.441835 78.734 173.7687
0.445037 78.723 173.7261
0.448262 78.712 173.6825
0.451510 78.701 173.6379
0.454782 78.690 173.5923
0.458077 78.679 173.5458
0.461397 78.668 173.4982
0.464740 78.657 173.4497
0.468108 78.646 173.4001
0.471500 78.634 173.3495
0.474917 78.623 173.2979
0.478358 78.611 173.2452
0.481825 78.600 173.1915
0.485316 78.588 173.1368
0.488833 78.576 173.0810
0.492375 78.564 173.0242
0.495943 78.552 172.9663
0.499537 78.540 172.9074
0.503157 78.528 172.8474
0.506803 78.516 172.7863
0.510475 78.503 172.7242
0.514175 78.491 172.6609
0.517900 78.479 172.5967
0.521653 78.466 172.5313
0.525434 78.453 172.4649
0.529241 78.441 172.3973
0.533076 78.428 172.3287
0.536939 78.415 172.2590
0.540830 78.402 172.1882
0.544749 78.389 172.1164
0.548696 78.375 172.0435
0.552673 78.362 171.9694
0.556677 78.349 171.8943
0.560711 78.335 171.8182
0.564774 78.321 171.7409
0.568867 78.308 171.6626
0.572989 78.294 171.5832
0.577141 78.280 171.5028
0.581324 78.266 171.4213
0.585536 78.252 171.3387
0.589779 78.238 171.2551
0.594053 78.223 171.1705
0.598358 78.209 171.0848
0.602694 78.194 170.9981
0.607061 78.180 170.9104
0.611460 78.165 170.8218
0.615891 78.150 170.7321
0.620354 78.135 170.6414
0.624849 78.120 170.5498
0.629377 78.105 170.4573
0.633938 78.089 170.3638
0.638532 78.074 170.2693
0.643159 78.058 170.1740
0.647819 78.043 170.0779
0.652514 78.027 169.9808
0.657242 78.011 169.8829
0.662005 77.995 169.7842
0.666802 77.979 169.6847
0.671634 77.963 169.5845
0.676501 77.947 169.4834
0.681403 77.930 169.3817
0.686341 77.914 169.2793
0.691314 77.897 169.1763
0.696324 77.880 169.0726
0.701370 77.863 168.9682
0.706452 77.845 168.8633
0.711571 77.827 168.7576
0.716728 77.809 168.6513
0.721921 77.789 168.5441
0.727153 77.767 168.4357
0.732422 77.744 168.3258
0.737729 77.719 168.2140
0.743075 77.692 168.0999
0.748460 77.663 167.9830
0.753883 77.634 167.8631
0.759346 77.604 167.7400
0.764849 77.574 167.6134
0.770391 77.543 167.4835
0.775974 77.513 167.3500
0.781597 77.482 167.2130
0.787261 77.452 167.0723
0.792966 77.421 166.9281
0.798712 77.390 166.7803
0.804500 77.359 166.6288
0.810329 77.328 166.4738
0.816201 77.296 166.3150
0.822116 77.264 166.1526
0.828073 77.232 165.9865
0.834074 77.199 165.8168
0.840118 77.165 165.6433
0.846206 77.131 165.4663
0.852338 77.096 165.2855
0.858514 77.061 165.1011
0.864735 77.024 164.9130
0.871001 76.987 164.7214
0.877313 76.949 164.5260
0.883670 76.909 164.3271
0.890074 76.868 164.1246
0.896524 76.826 163.9186
0.903020 76.782 163.7090
0.909564 76.737 163.4960
0.916155 76.691 163.2795
0.922794 76.642 163.0596
0.929481 76.592 162.8364
0.936216 76.540 162.6098
0.943000 76.485 162.3801
0.949834 76.428 162.1472
0.956717 76.369 161.9112
0.963649 76.308 161.6722
0.970632 76.244 161.4303
0.977666 76.177 161.1856
0.984750 76.107 160.9382
0.991886 76.034 160.6883
0.999074 75.958 160.4359
1.006314 75.878 160.1812
1.013606 75.795 159.9244
1.020951 75.707 159.6656
1.028349 75.616 159.4050
1.035801 75.521 159.1427
1.043307 75.422 158.8791
1.050867 75.317 158.6142
1.058482 75.208 158.3481
1.066152 75.094 158.0810
1.073878 74.974 157.8128
1.081660 74.848 157.5432
1.089498 74.715 157.2717
1.097393 74.574 156.9973
1.105345 74.424 156.7186
1.113355 74.263 156.4344
1.121423 74.092 156.1432
1.129549 73.910 155.8439
1.137734 73.716 155.5356
1.145979 73.510 155.2174
1.154283 73.293 154.8887
1.162647 73.065 154.5490
1.171072 72.827 154.1976
1.179558 72.578 153.8340
1.188106 72.320 153.4576
1.196715 72.053 153.0678
1.205387 71.778 152.6638
1.214122 71.495 152.2450
1.222920 71.205 151.8106
1.231782 70.910 151.3596
1.240708 70.609 150.8911
1.249699 70.304 150.4040
1.258754 69.996 149.8972
1.267876 69.685 149.3694
1.277063 69.372 148.8191
1.286318 69.059 148.2448
1.295639 68.747 147.6445
1.305027 68.437 147.0164
1.314484 68.129 146.3581
1.324009 67.826 145.6671
1.333604 67.529 144.9402
1.343268 67.239 144.1742
1.353002 66.957 143.3652
1.362806 66.685 142.5084
1.372681 66.425 141.5985
1.382628 66.179 140.6293
1.392647 65.947 139.5929
1.402739 65.733 138.4803
1.412904 65.538 137.2800
1.423142 65.363 135.9776
1.433455 65.211 134.5549
1.443843 65.083 132.9877
1.454305 64.979 131.2438
1.464844 64.902 129.2804
1.475459 64.850 127.0397
1.486150 64.823 124.4458
1.496920 64.821 121.3994
1.507767 64.842 117.7709
1.518693 64.886 113.3915
1.529698 64.953 108.0455
1.540783 65.040 101.4729
1.551948 65.148 93.4020
1.563194 65.276 83.6504
1.574521 65.422 72.3148
1.585931 65.585 59.9659
1.597423 65.765 47.5951
1.608999 65.961 36.2005
1.620658 66.172 26.3662
1.632402 66.396 18.1995
1.644232 66.632 11.5227
1.656146 66.879 6.0656
1.668147 67.136 1.5682
1.680235 67.401 -2.1848
1.692411 67.673 -5.3612
1.704675 67.951 -8.0883
1.717028 68.233 -10.4626
1.729470 68.517 -12.5573
1.742003 68.803 -14.4284
1.754626 69.088 -16.1190
1.767341 69.373 -17.6630
1.780147 69.655 -19.0870
1.793047 69.934 -20.4122
1.806040 70.211 -21.6553
1.819128 70.487 -22.8297
1.832310 70.764 -23.9458
1.845587 71.044 -25.0115
1.858961 71.329 -26.0327
1.872432 71.621 -27.0140
1.886001 71.921 -27.9587
1.899667 72.230 -28.8698
1.913433 72.546 -29.7499
1.927299 72.870 -30.6012
1.941265 73.200 -31.4257
1.955332 73.536 -32.2255
1.969501 73.877 -33.0022
1.983773 74.221 -33.7576
1.998148 74.568 -34.4933
2.012627 74.916 -35.2108
2.027212 75.264 -35.9116
2.041902 75.611 -36.5970
2.056698 75.955 -37.2683
2.071602 76.296 -37.9267
2.086614 76.631 -38.5736
2.101734 76.960 -39.2102
2.116964 77.281 -39.8377
2.132304 77.593 -40.4574
2.147756 77.895 -41.0708
2.163320 78.186 -41.6794
2.178996 78.466 -42.2848
2.194786 78.734 -42.8890
2.210690 78.990 -43.4937
2.226710 79.236 -44.1001
2.242845 79.472 -44.7089
2.259098 79.698 -45.3202
2.275468 79.916 -45.9336
2.291957 80.125 -46.5483
2.308566 80.327 -47.1634
2.325295 80.521 -47.7780
2.342145 80.709 -48.3912
2.359117 80.890 -49.0020
2.376212 81.066 -49.6096
2.393431 81.238 -50.2134
2.410775 81.404 -50.8128
2.428244 81.567 -51.4070
2.445840 81.727 -51.9958
2.463564 81.885 -52.5788
2.481416 82.041 -53.1561
2.499397 82.195 -53.7277
2.517509 82.349 -54.2942
2.535752 82.501 -54.8568
2.554127 82.652 -55.4170
2.572635 82.802 -55.9767
2.591277 82.950 -56.5380
2.610055 83.094 -57.1022
2.628968 83.235 -57.6702
2.648019 83.372 -58.2419
2.667208 83.506 -58.8167
2.686535 83.636 -59.3936
2.706003 83.762 -59.9714
2.725612 83.886 -60.5489
2.745363 84.005 -61.1247
2.765257 84.123 -61.6975
2.785295 84.237 -62.2660
2.805478 84.349 -62.8290
2.825808 84.459 -63.3855
2.846285 84.567 -63.9345
2.866910 84.673 -64.4757
2.887685 84.778 -65.0090
2.908611 84.881 -65.5352
2.929688 84.982 -66.0556
2.950917 85.081 -66.5721
2.972301 85.178 -67.0864
2.993839 85.271 -67.5999
3.015534 85.362 -68.1130
3.037386 85.451 -68.6256
3.059396 85.536 -69.1372
3.081565 85.619 -69.6468
3.103896 85.700 -70.1533
3.126388 85.778 -70.6552
3.149043 85.855 -71.1513
3.171862 85.929 -71.6402
3.194847 86.003 -72.1205
3.217998 86.075 -72.5913
3.241317 86.145 -73.0516
3.264805 86.214 -73.5012
3.288463 86.282 -73.9402
3.312293 86.349 -74.3696
3.336295 86.414 -74.7904
3.360471 86.476 -75.2038
3.384822 86.537 -75.6104
3.409350 86.596 -76.0106
3.434056 86.654 -76.4046
3.458940 86.709 -76.7921
3.484005 86.764 -77.1728
3.509252 86.817 -77.5460
3.534681 86.870 -77.9112
3.560295 86.921 -78.2678
3.586094 86.973 -78.6150
3.612081 87.024 -78.9523
3.638255 87.075 -79.2791
3.664620 87.125 -79.5952
3.691175 87.176 -79.9006
3.717923 87.225 -80.1955
3.744864 87.274 -80.4805
3.772001 87.323 -80.7562
3.799335 87.371 -81.0233
3.826866 87.419 -81.2828
3.854597 87.466 -81.5354
3.882529 87.514 -81.7819
3.910664 87.562 -82.0230
3.939002 87.610 -82.2590
3.967546 87.659 -82.4905
3.996296 87.709 -82.7172
4.025255 87.760 -82.9390
4.054423 87.811 -83.1554
4.083804 87.863 -83.3662
4.113396 87.916 -83.5714
4.143204 87.970 -83.7718
4.173227 88.024 -83.9683
4.203468 88.079 -84.1625
4.233928 88.135 -84.3558
4.264609 88.191 -84.5499
4.295512 88.248 -84.7462
4.326639 88.305 -84.9461
4.357992 88.364 -85.1501
4.389572 88.423 -85.3587
4.421380 88.483 -85.5718
4.453419 88.544 -85.7889
4.485691 88.606 -86.0099
4.518196 88.668 -86.2350
4.550936 88.731 -86.4647
4.583914 88.795 -86.6997
4.617131 88.859 -86.9410
4.650589 88.923 -87.1897
4.684289 88.986 -87.4465
4.718233 89.050 -87.7124
4.752424 89.114 -87.9880
4.786862 89.177 -88.2733
4.821549 89.240 -88.5683
4.856488 89.303 -88.8727
4.891680 89.366 -89.1859
4.927127 89.428 -89.5075
4.962831 89.490 -89.8369
4.998794 89.551 -90.1737
5.035017 89.611 -90.5177
5.071503 89.670 -90.8688
5.108253 89.728 -91.2272
5.145270 89.784 -91.5931
5.182555 89.840 -91.9667
5.220110 89.894 -92.3477
5.257937 89.946 -92.7356
5.296038 89.998 -93.1291
5.334415 90.048 -93.5271
5.373071 90.096 -93.9282
5.412006 90.144 -94.3312
5.451224 90.190 -94.7353
5.490725 90.234 -95.1403
5.530514 90.277 -95.5460
5.570590 90.318 -95.9526
5.610957 90.358 -96.3598
5.651616 90.396 -96.7671
5.692570 90.433 -97.1733
5.733821 90.470 -97.5775
5.775370 90.505 -97.9783
5.817221 90.539 -98.3747
5.859375 90.572 -98.7663
5.901834 90.604 -99.1528
5.944602 90.636 -99.5342
5.987679 90.667 -99.9107
6.031068 90.697 -100.2825
6.074771 90.727 -100.6494
6.118792 90.757 -101.0114
6.163131 90.787 -101.3681
6.207792 90.817 -101.7194
6.252776 90.847 -102.0651
6.298086 90.878 -102.4053
6.343725 90.909 -102.7405
6.389694 90.941 -103.0715
6.435996 90.973 -103.3991
6.482634 91.006 -103.7243
6.529610 91.039 -104.0481
6.576926 91.074 -104.3709
6.624585 91.110 -104.6932
6.672590 91.146 -105.0152
6.720942 91.184 -105.3376
6.769645 91.222 -105.6612
6.818700 91.262 -105.9870
6.868111 91.302 -106.3161
6.917881 91.343 -106.6496
6.968010 91.385 -106.9880
7.018504 91.427 -107.3318
7.069362 91.470 -107.6810
7.120590 91.514 -108.0358
7.172189 91.557 -108.3963
7.224161 91.601 -108.7627
7.276511 91.645 -109.1353
7.329239 91.689 -109.5142
7.382350 91.733 -109.8994
7.435845 91.776 -110.2905
7.489729 91.819 -110.6870
7.544002 91.862 -111.0880
7.598669 91.904 -111.4927
7.653732 91.945 -111.9004
7.709194 91.985 -112.3106
7.765058 92.025 -112.7227
7.821327 92.064 -113.1361
7.878004 92.102 -113.5499
7.935091 92.139 -113.9630
7.992592 92.175 -114.3742
8.050510 92.211 -114.7827
8.108847 92.246 -115.1878
8.167607 92.281 -115.5891
8.226793 92.315 -115.9861
8.286408 92.348 -116.3785
8.346454 92.381 -116.7655
8.406936 92.415 -117.1469
8.467856 92.448 -117.5222
8.529218 92.481 -117.8916
8.591024 92.514 -118.2552
8.653278 92.548 -118.6135
8.715983 92.582 -118.9666
8.779143 92.616 -119.3152
8.842760 92.651 -119.6594
8.906839 92.686 -119.9997
8.971381 92.722 -120.3368
9.036392 92.759 -120.6714
9.101873 92.796 -121.0043
9.167829 92.833 -121.3360
9.234263 92.872 -121.6671
9.301178 92.910 -121.9980
9.368578 92.949 -122.3290
9.436467 92.987 -122.6605
9.504847 93.026 -122.9927
9.573723 93.064 -123.3259
9.643099 93.102 -123.6599
9.712976 93.138 -123.9946
9.783361 93.173 -124.3296
9.854255 93.205 -124.6646
9.925663 93.235 -124.9992
9.997588 93.262 -125.3329
10.070035 93.285 -125.6652
10.143007 93.307 -125.9956
10.216507 93.325 -126.3233
10.290540 93.342 -126.6478
10.365109 93.357 -126.9686
10.440219 93.370 -127.2855
10.515873 93.383 -127.5981
10.592076 93.394 -127.9060
10.668830 93.405 -128.2092
10.746141 93.415 -128.5075
10.824012 93.425 -128.8013
10.902447 93.434 -129.0906
10.981451 93.444 -129.3758
11.061027 93.453 -129.6573
11.141180 93.462 -129.9355
11.221913 93.471 -130.2109
11.303232 93.480 -130.4841
11.385140 93.489 -130.7554
11.467641 93.497 -131.0255
11.550741 93.506 -131.2947
11.634442 93.514 -131.5633
11.718750 93.523 -131.8317
11.803669 93.531 -132.1001
11.889203 93.540 -132.3685
11.975357 93.548 -132.6369
12.062136 93.557 -132.9054
12.149543 93.565 -133.1738
12.237583 93.572 -133.4421
12.326262 93.580 -133.7099
12.415583 93.587 -133.9772
12.505552 93.593 -134.2438
12.596172 93.599 -134.5096
12.687449 93.604 -134.7745
12.779387 93.608 -135.0386
12.871992 93.613 -135.3018
12.965268 93.617 -135.5644
13.059220 93.620 -135.8264
13.153852 93.624 -136.0882
13.249170 93.627 -136.3498
13.345179 93.631 -136.6117
13.441884 93.634 -136.8740
13.539289 93.638 -137.1370
13.637401 93.642 -137.4009
13.736223 93.645 -137.6658
13.835761 93.649 -137.9318
13.936021 93.652 -138.1989
14.037007 93.655 -138.4673
14.138725 93.657 -138.7367
14.241180 93.660 -139.0073
14.344377 93.662 -139.2788
14.448323 93.664 -139.5512
14.553021 93.665 -139.8245
14.658478 93.667 -140.0986
14.764700 93.668 -140.3735
14.871691 93.670 -140.6492
14.979457 93.672 -140.9257
15.088005 93.673 -141.2031
15.197339 93.675 -141.4815
15.307465 93.677 -141.7608
15.418389 93.680 -142.0410
15.530117 93.682 -142.3221
15.642655 93.684 -142.6040
15.756008 93.686 -142.8864
15.870182 93.689 -143.1693
15.985184 93.691 -143.4523
16.101019 93.693 -143.7351
16.217694 93.696 -144.0176
16.335214 93.698 -144.2995
16.453586 93.701 -144.5806
16.572815 93.704 -144.8607
16.692909 93.707 -145.1398
16.813872 93.711 -145.4178
16.935713 93.715 -145.6946
17.058436 93.719 -145.9704
17.182048 93.725 -146.2450
17.306556 93.730 -146.5183
17.431967 93.735 -146.7902
17.558286 93.740 -147.0602
17.685521 93.746 -147.3279
17.813677 93.750 -147.5928
17.942762 93.755 -147.8540
18.072783 93.759 -148.1109
18.203746 93.764 -148.3628
18.335658 93.767 -148.6089
18.468526 93.771 -148.8487
18.602356 93.775 -149.0818
18.737156 93.780 -149.3082
18.872934 93.784 -149.5280
19.009695 93.790 -149.7415
19.147447 93.796 -149.9496
19.286197 93.803 -150.1529
19.425953 93.810 -150.3525
19.566721 93.818 -150.5494
19.708510 93.826 -150.7445
19.851326 93.835 -150.9388
19.995177 93.844 -151.1330
20.140070 93.853 -151.3276
20.286013 93.862 -151.5231
20.433014 93.871 -151.7197
20.581080 93.879 -151.9175
20.730219 93.888 -152.1167
20.880439 93.896 -152.3172
21.031747 93.904 -152.5191
21.184152 93.911 -152.7222
21.337661 93.919 -152.9268
21.492282 93.926 -153.1327
21.648024 93.932 -153.3398
21.804895 93.939 -153.5482
21.962902 93.944 -153.7576
22.122054 93.950 -153.9678
22.282360 93.954 -154.1788
22.443827 93.959 -154.3902
22.606464 93.962 -154.6021
22.770280 93.965 -154.8142
22.935283 93.968 -155.0266
23.101481 93.971 -155.2394
23.268884 93.973 -155.4528
23.437500 93.975 -155.6668
23.607338 93.977 -155.8815
23.778406 93.978 -156.0969
23.950714 93.979 -156.3129
24.124271 93.980 -156.5290
24.299086 93.981 -156.7451
24.475167 93.981 -156.9608
24.652524 93.982 -157.1759
24.831166 93.982 -157.3901
25.011103 93.983 -157.6035
25.192344 93.984 -157.8164
25.374898 93.985 -158.0290
25.558775 93.987 -158.2417
25.743984 93.988 -158.4548
25.930536 93.990 -158.6684
26.118439 93.992 -158.8823
26.307704 93.994 -159.0960
26.498341 93.996 -159.3088
26.690359 93.997 -159.5199
26.883768 93.998 -159.7284
27.078579 93.999 -159.9334
27.274801 94.000 -160.1345
27.472446 94.001 -160.3314
27.671522 94.001 -160.5242
27.872042 94.002 -160.7133
28.074014 94.003 -160.8994
28.277450 94.004 -161.0830
28.482360 94.005 -161.2648
28.688755 94.006 -161.4453
28.896645 94.007 -161.6247
29.106042 94.007 -161.8032
29.316957 94.008 -161.9807
29.529400 94.008 -162.1572
29.743382 94.008 -162.3326
29.958915 94.008 -162.5071
30.176009 94.008 -162.6808
30.394677 94.008 -162.8543
30.614929 94.007 -163.0280
30.836778 94.007 -163.2024
31.060234 94.007 -163.3782
31.285309 94.007 -163.5556
31.512015 94.006 -163.7347
31.740364 94.005 -163.9154
31.970368 94.004 -164.0972
32.202039 94.003 -164.2797
32.435388 94.001 -164.4623
32.670428 93.999 -164.6446
32.907171 93.997 -164.8265
33.145630 93.996 -165.0079
33.385817 93.994 -165.1893
33.627745 93.993 -165.3710
33.871425 93.991 -165.5533
34.116871 93.990 -165.7363
34.364096 93.989 -165.9198
34.613113 93.988 -166.1032
34.863934 93.987 -166.2859
35.116572 93.985 -166.4672
35.371041 93.984 -166.6467
35.627354 93.982 -166.8242
35.885525 93.981 -167.0000
36.145566 93.979 -167.1743
36.407492 93.978 -167.3474
36.671316 93.976 -167.5195
36.937051 93.974 -167.6903
37.204712 93.971 -167.8592
37.474313 93.968 -168.0255
37.745867 93.965 -168.1887
38.019389 93.961 -168.3484
38.294893 93.958 -168.5049
38.572394 93.954 -168.6588
38.851905 93.951 -168.8109
39.133442 93.947 -168.9621
39.417019 93.943 -169.1129
39.702651 93.940 -169.2634
39.990353 93.936 -169.4135
40.280140 93.932 -169.5630
40.572026 93.928 -169.7121
40.866028 93.924 -169.8611
41.162160 93.921 -170.0109
41.460438 93.917 -170.1620
41.760877 93.913 -170.3152
42.063494 93.909 -170.4701
42.368303 93.905 -170.6262
42.675322 93.900 -170.7822
42.984565 93.895 -170.9369
43.296048 93.889 -171.0894
43.609789 93.883 -171.2395
43.925804 93.877 -171.3875
44.244108 93.871 -171.5339
44.564719 93.866 -171.6796
44.887654 93.860 -171.8248
45.212928 93.854 -171.9698
45.540560 93.848 -172.1144
45.870565 93.842 -172.2583
46.202962 93.836 -172.4014
46.537768 93.831 -172.5438
46.875000 93.825 -172.6854
47.214676 93.819 -172.8267
47.556813 93.813 -172.9677
47.901429 93.808 -173.1086
48.248542 93.803 -173.2494
48.598171 93.798 -173.3902
48.950334 93.792 -173.5310
49.305048 93.787 -173.6719
49.662333 93.782 -173.8128
50.022206 93.777 -173.9533
50.384688 93.771 -174.0926
50.749796 93.765 -174.2296
51.117550 93.758 -174.3633
51.487969 93.752 -174.4932
51.861072 93.746 -174.6194
52.236879 93.739 -174.7429
52.615409 93.733 -174.8649
52.996681 93.728 -174.9866
53.380717 93.722 -175.1086
53.767536 93.716 -175.2309
54.157158 93.711 -175.3529
54.549603 93.705 -175.4742
54.944892 93.699 -175.5951
55.343045 93.694 -175.7168
55.744084 93.689 -175.8409
56.148028 93.685 -175.9684
56.554900 93.680 -176.1000
56.964720 93.676 -176.2359
57.377510 93.672 -176.3758
57.793291 93.667 -176.5197
58.212085 93.662 -176.6668
58.633914 93.656 -176.8160
59.058799 93.650 -176.9653
59.486764 93.643 -177.1127
59.917829 93.636 -177.2568
60.352019 93.629 -177.3978
60.789354 93.621 -177.5365
61.229859 93.614 -177.6738
61.673556 93.606 -177.8101
62.120468 93.597 -177.9449
62.570618 93.588 -178.0778
63.024031 93.579 -178.2086
63.480729 93.569 -178.3374
63.940736 93.559 -178.4644
64.404077 93.548 -178.5893
64.870776 93.536 -178.7121
65.340856 93.525 -178.8331
65.814343 93.514 -178.9532
66.291261 93.502 -179.0733
66.771635 93.491 -179.1940
67.255489 93.479 -179.3153
67.742850 93.468 -179.4372
68.233743 93.456 -179.5598
68.728193 93.445 -179.6832
69.226226 93.434 -179.8067
69.727867 93.422 -179.9292
70.233144 93.411 179.9509
70.742083 93.400 179.8343
71.254709 93.389 179.7209
71.771050 93.378 179.6098
72.291132 93.368 179.4994
72.814984 93.357 179.3882
73.342631 93.347 179.2760
73.874102 93.336 179.1636
74.409424 93.325 179.0526
74.948626 93.313 178.9441
75.491734 93.301 178.8384
76.038779 93.290 178.7343
76.589787 93.279 178.6302
77.144788 93.268 178.5245
77.703811 93.258 178.4155
78.266885 93.248 178.3018
78.834039 93.238 178.1812
79.405303 93.229 178.0518
79.980706 93.218 177.9128
80.560280 93.207 177.7661
81.144053 93.193 177.6151
81.732056 93.179 177.4631
82.324320 93.162 177.3119
82.920876 93.145 177.1620
83.521755 93.126 177.0143
84.126988 93.106 176.8696
84.736607 93.085 176.7283
85.350643 93.064 176.5909
85.969129 93.041 176.4584
86.592097 93.017 176.3324
87.219579 92.993 176.2145
87.851608 92.968 176.1051
88.488217 92.943 176.0036
89.129439 92.918 175.9084
89.775308 92.892 175.8180
90.425856 92.866 175.7314
91.081119 92.840 175.6473
91.741131 92.813 175.5638
92.405925 92.786 175.4799
93.075536 92.757 175.3958
93.750000 92.729 175.3140
94.429351 92.699 175.2382
95.113625 92.668 175.1722
95.802858 92.637 175.1201
96.497085 92.604 175.0862
97.196342 92.571 175.0755
97.900667 92.536 175.0938
98.610096 92.500 175.1487
99.324665 92.462 175.2505
100.044413 92.424 175.4092
100.769376 92.387 175.6306
101.499592 92.356 175.9117
102.235100 92.332 176.2394
102.975938 92.319 176.5911
103.722144 92.317 176.9387
104.473757 92.327 177.2531
105.230817 92.347 177.5090
105.993363 92.374 177.6895
106.761435 92.406 177.7884
107.535072 92.439 177.8087
108.314315 92.472 177.7586
109.099206 92.502 177.6502
109.889783 92.529 177.4979
110.686090 92.551 177.3167
111.488167 92.568 177.1201
112.296056 92.581 176.9188
113.109800 92.589 176.7224
113.929440 92.590 176.5408
114.755020 92.586 176.3828
115.586582 92.577 176.2545
116.424170 92.563 176.1584
117.267827 92.547 176.0925
118.117598 92.529 176.0480
118.973527 92.513 176.0067
119.835658 92.499 175.9441
120.704037 92.485 175.8434
121.578708 92.470 175.7075
122.459718 92.454 175.5529
123.347111 92.437 175.3947
124.240935 92.420 175.2413
125.141236 92.405 175.0961
126.048061 92.390 174.9606
126.961458 92.376 174.8361
127.881473 92.361 174.7229
128.808154 92.346 174.6198
129.741551 92.329 174.5240
130.681712 92.312 174.4326
131.628686 92.295 174.3426
132.582521 92.277 174.2530
133.543269 92.258 174.1644
134.510979 92.240 174.0785
135.485701 92.221 173.9971
136.467486 92.202 173.9215
137.456386 92.182 173.8517
138.452451 92.162 173.7869
139.455735 92.141 173.7256
140.466288 92.121 173.6664
141.484165 92.099 173.6084
142.509418 92.078 173.5516
143.542100 92.056 173.4965
144.582265 92.034 173.4435
145.629968 92.011 173.3931
146.685262 91.988 173.3459
147.748204 91.964 173.3029
148.818849 91.940 173.2656
149.897251 91.914 173.2356
150.983469 91.888 173.2151
152.077557 91.861 173.2058
153.179574 91.834 173.2079
154.289576 91.807 173.2195
155.407622 91.782 173.2363
156.533770 91.758 173.2533
157.668078 91.735 173.2659
158.810606 91.714 173.2715
159.961413 91.693 173.2690
161.120559 91.672 173.2590
162.288105 91.651 173.2435
163.464112 91.629 173.2249
164.648640 91.605 173.2052
165.841752 91.581 173.1866
167.043510 91.555 173.1712
168.253976 91.529 173.1613
169.473213 91.502 173.1591
170.701286 91.475 173.1666
171.938258 91.448 173.1848
173.184194 91.421 173.2128
174.439158 91.396 173.2479
175.703216 91.371 173.2862
176.976434 91.346 173.3241
178.258878 91.322 173.3591
179.550615 91.298 173.3898
180.851713 91.274 173.4162
182.162239 91.250 173.4394
183.482262 91.227 173.4605
184.811850 91.203 173.4801
186.151073 91.180 173.4981
187.500000 91.157 173.5146
188.858702 91.133 173.5294
190.227250 91.109 173.5435
191.605715 91.084 173.5585
192.994169 91.059 173.5777
194.392685 91.034 173.6060
195.801334 91.008 173.6489
197.220191 90.982 173.7085
198.649330 90.956 173.7830
200.088825 90.931 173.8689
201.538751 90.906 173.9622
202.999184 90.882 174.0592
204.470200 90.860 174.1561
205.951875 90.838 174.2494
207.444287 90.818 174.3370
208.947514 90.797 174.4192
210.461634 90.776 174.4982
211.986726 90.754 174.5778
213.522869 90.731 174.6627
215.070144 90.706 174.7575
216.628631 90.681 174.8653
218.198411 90.657 174.9857
219.779567 90.635 175.1146
221.372180 90.615 175.2450
222.976334 90.596 175.3701
224.592112 90.580 175.4855
226.219600 90.564 175.5899
227.858880 90.548 175.6841
229.510039 90.532 175.7699
231.173164 90.516 175.8488
232.848340 90.499 175.9222
234.535655 90.480 175.9913
236.235197 90.461 176.0570
237.947054 90.441 176.1201
239.671317 90.420 176.1818
241.408074 90.397 176.2441
243.157416 90.373 176.3096
244.919435 90.347 176.3816
246.694223 90.321 176.4632
248.481871 90.293 176.5579
250.282473 90.265 176.6688
252.096123 90.238 176.7974
253.922915 90.213 176.9419
255.762945 90.190 177.0956
257.616309 90.169 177.2485
259.483103 90.151 177.3904
261.363424 90.134 177.5166
263.257372 90.117 177.6292
265.165043 90.098 177.7349
267.086538 90.077 177.8421
269.021957 90.055 177.9574
270.971401 90.033 178.0844
272.934972 90.011 178.2239
274.912771 89.990 178.3737
276.904902 89.970 178.5312
278.911469 89.951 178.6940
280.932577 89.935 178.8601
282.968330 89.920 179.0264
285.018835 89.907 179.1874
287.084199 89.896 179.3360
289.164530 89.885 179.4655
291.259935 89.874 179.5741
293.370525 89.860 179.6672
295.496408 89.844 179.7546
297.637697 89.825 179.8463
299.794503 89.803 179.9489
301.966937 89.781 -179.9354
304.155114 89.758 -179.8076
306.359147 89.735 -179.6706
308.579152 89.713 -179.5282
310.815244 89.690 -179.3835
313.067539 89.667 -179.2380
315.336156 89.644 -179.0905
317.621211 89.619 -178.9372
319.922826 89.594 -178.7738
322.241118 89.570 -178.5981
324.576210 89.545 -178.4112
326.928223 89.522 -178.2163
329.297280 89.500 -178.0167
331.683504 89.480 -177.8159
334.087019 89.460 -177.6169
336.507952 89.440 -177.4218
338.946427 89.421 -177.2313
341.402572 89.401 -177.0440
343.876516 89.380 -176.8569
346.368387 89.359 -176.6668
348.878315 89.337 -176.4719
351.406431 89.316 -176.2718
353.952867 89.294 -176.0671
356.517756 89.272 -175.8586
359.101230 89.251 -175.6469
361.703426 89.230 -175.4325
364.324478 89.210 -175.2160
366.964523 89.189 -174.9972
369.623699 89.169 -174.7756
372.302145 89.149 -174.5506
375.000000 89.129 -174.3219
377.717405 89.109 -174.0900
380.454501 89.090 -173.8556
383.211431 89.071 -173.6190
385.988339 89.052 -173.3804
388.785369 89.033 -173.1397
391.602668 89.015 -172.8964
394.440383 88.997 -172.6502
397.298660 88.979 -172.4007
400.177650 88.963 -172.1484
403.077502 88.946 -171.8950
405.998368 88.930 -171.6424
408.940400 88.914 -171.3911
411.903750 88.897 -171.1392
414.888575 88.880 -170.8835
417.895028 88.862 -170.6207
420.923268 88.844 -170.3484
423.973452 88.827 -170.0662
427.045738 88.811 -169.7757
430.140287 88.797 -169.4806
433.257261 88.785 -169.1858
436.396822 88.774 -168.8944
439.559133 88.765 -168.6065
442.744360 88.756 -168.3217
445.952668 88.749 -168.0414
449.184225 88.742 -167.7704
452.439199 88.736 -167.5147
455.717760 88.730 -167.2776
459.020079 88.721 -167.0555
462.346327 88.709 -166.8379
465.696680 88.695 -166.6129
469.071310 88.678 -166.3732
472.470394 88.661 -166.1172
475.894109 88.643 -165.8476
479.342634 88.627 -165.5700
482.816148 88.610 -165.2900
486.314833 88.594 -165.0097
489.838871 88.576 -164.7252
493.388445 88.558 -164.4288
496.963741 88.540 -164.1164
500.564945 88.524 -163.7911
504.192245 88.509 -163.4602
507.845830 88.496 -163.1305
511.525890 88.484 -162.8050
515.232618 88.472 -162.4829
518.966206 88.459 -162.1608
522.726849 88.445 -161.8343
526.514743 88.431 -161.4992
530.330086 88.418 -161.1537
534.173076 88.405 -160.7999
538.043915 88.394 -160.4422
541.942803 88.384 -160.0829
545.869944 88.374 -159.7213
549.825542 88.365 -159.3567
553.809805 88.358 -158.9910
557.822939 88.351 -158.6277
561.865154 88.344 -158.2690
565.936660 88.338 -157.9144
570.037671 88.331 -157.5604
574.168399 88.323 -157.2033
578.329060 88.316 -156.8406
582.519870 88.308 -156.4726
586.741049 88.300 -156.0999
590.992817 88.291 -155.7206
595.275394 88.283 -155.3322
599.589005 88.276 -154.9354
603.933874 88.270 -154.5343
608.310228 88.265 -154.1330
612.718295 88.260 -153.7327
617.158304 88.254 -153.3312
621.630488 88.249 -152.9227
626.135079 88.243 -152.5012
630.672311 88.238 -152.0648
635.242423 88.234 -151.6176
639.845651 88.233 -151.1654
644.482237 88.233 -150.7099
649.152421 88.235 -150.2496
653.856447 88.239 -149.7856
658.594560 88.245 -149.3241
663.367008 88.254 -148.8754
668.174039 88.263 -148.4473
673.015903 88.272 -148.0389
677.892854 88.278 -147.6423
682.805145 88.281 -147.2476
687.753032 88.282 -146.8469
692.736774 88.281 -146.4340
697.756631 88.279 -146.0037
702.812863 88.277 -145.5539
707.905735 88.276 -145.0866
713.035511 88.276 -144.6065
718.202461 88.277 -144.1176
723.406852 88.279 -143.6212
728.648956 88.283 -143.1168
733.929047 88.287 -142.6037
739.247399 88.292 -142.0815
744.604290 88.299 -141.5506
750.000000 88.306 -141.0118
755.434809 88.316 -140.4661
760.909001 88.327 -139.9143
766.422861 88.339 -139.3573
771.976677 88.353 -138.7959
777.570739 88.369 -138.2311
783.205337 88.386 -137.6633
788.880766 88.405 -137.0914
794.597321 88.425 -136.5127
800.355301 88.447 -135.9251
806.155005 88.472 -135.3303
811.996736 88.500 -134.7346
817.880799 88.533 -134.1472
823.807501 88.569 -133.5776
829.777150 88.607 -133.0338
835.790057 88.646 -132.5173
841.846536 88.683 -132.0206
847.946903 88.718 -131.5324
854.091476 88.752 -131.0439
860.280575 88.785 -130.5513
866.514523 88.817 -130.0517
872.793644 88.848 -129.5423
879.118267 88.881 -129.0235
885.488720 88.915 -128.4998
891.905336 88.950 -127.9751
898.368450 88.986 -127.4497
904.878398 89.023 -126.9212
911.435520 89.061 -126.3880
918.040157 89.101 -125.8514
924.692655 89.143 -125.3142
931.393359 89.187 -124.7802
938.142619 89.233 -124.2533
944.940787 89.280 -123.7356
951.788218 89.328 -123.2258
958.685268 89.376 -122.7211
965.632296 89.425 -122.2184
972.629666 89.475 -121.7150
979.677741 89.526 -121.2104
986.776890 89.578 -120.7053
993.927482 89.630 -120.1990
1001.129891 89.684 -119.6880
1008.384491 89.739 -119.1686
1015.691660 89.797 -118.6415
1023.051781 89.858 -118.1114
1030.465236 89.924 -117.5857
1037.932411 89.993 -117.0763
1045.453698 90.066 -116.5956
1053.029486 90.140 -116.1491
1060.660172 90.213 -115.7331
1068.346153 90.285 -115.3386
1076.087829 90.355 -114.9561
1083.885605 90.424 -114.5788
1091.739887 90.491 -114.2047
1099.651084 90.558 -113.8339
1107.619609 90.625 -113.4662
1115.645878 90.691 -113.1008
1123.730308 90.756 -112.7365
1131.873321 90.822 -112.3720
1140.075341 90.886 -112.0064
1148.336797 90.952 -111.6388
1156.658119 91.017 -111.2683
1165.039741 91.083 -110.8937
1173.482099 91.150 -110.5133
1181.985634 91.219 -110.1278
1190.550789 91.291 -109.7435
1199.178011 91.367 -109.3715
1207.867749 91.445 -109.0238
1216.620457 91.524 -108.7059
1225.436590 91.601 -108.4142
1234.316609 91.675 -108.1400
1243.260976 91.747 -107.8740
1252.270157 91.816 -107.6086
1261.344623 91.883 -107.3393
1270.484846 91.949 -107.0645
1279.691303 92.013 -106.7826
1288.964474 92.077 -106.4916
1298.304842 92.140 -106.1914
1307.712894 92.204 -105.8842
1317.189120 92.268 -105.5732
1326.734016 92.333 -105.2605
1336.348077 92.398 -104.9449
1346.031806 92.463 -104.6232
1355.785708 92.529 -104.2910
1365.610290 92.596 -103.9442
1375.506065 92.665 -103.5773
1385.473549 92.736 -103.1849
1395.513261 92.810 -102.7650
1405.625726 92.890 -102.3224
1415.811469 92.974 -101.8685
1426.071023 93.064 -101.4181
1436.404921 93.157 -100.9810
1446.813703 93.253 -100.5592
1457.297912 93.350 -100.1492
1467.858093 93.447 -99.7474
1478.494798 93.545 -99.3528
1489.208581 93.642 -98.9655
1500.000000 93.739 -98.5858
1510.869618 93.834 -98.2134
1521.818002 93.925 -97.8470
1532.845723 94.014 -97.4842
1543.953355 94.099 -97.1219
1555.141477 94.183 -96.7574
1566.410674 94.266 -96.3916
1577.761531 94.351 -96.0324
1589.194642 94.437 -95.6908
1600.710601 94.524 -95.3737
1612.310010 94.610 -95.0799
1623.993473 94.694 -94.8032
1635.761599 94.777 -94.5353
1647.615002 94.859 -94.2698
1659.554299 94.939 -94.0015
1671.580114 95.020 -93.7272
1683.693072 95.101 -93.4461
1695.893807 95.183 -93.1605
1708.182952 95.265 -92.8729
1720.561150 95.347 -92.5834
1733.029045 95.429 -92.2893
1745.587288 95.510 -91.9856
1758.236533 95.590 -91.6661
1770.977440 95.673 -91.3261
1783.810673 95.759 -90.9671
1796.736900 95.850 -90.5994
1809.756796 95.946 -90.2384
1822.871040 96.047 -89.8959
1836.080315 96.151 -89.5768
1849.385310 96.257 -89.2801
1862.786718 96.366 -89.0028
1876.285239 96.476 -88.7404
1889.881575 96.589 -88.4877
1903.576436 96.706 -88.2390
1917.370535 96.828 -87.9895
1931.264593 96.957 -87.7365
1945.259332 97.093 -87.4824
1959.355483 97.238 -87.2370
1973.553781 97.390 -87.0148
1987.854965 97.548 -86.8275
2002.259781 97.709 -86.6798
2016.768981 97.871 -86.5707
2031.383320 98.035 -86.4965
2046.103561 98.198 -86.4529
2060.930471 98.362 -86.4368
2075.864823 98.525 -86.4478
2090.907395 98.689 -86.4868
2106.058972 98.851 -86.5535
2121.320344 99.013 -86.6446
2136.692305 99.172 -86.7543
2152.175658 99.332 -86.8771
2167.771210 99.492 -87.0134
2183.479774 99.654 -87.1722
2199.302169 99.818 -87.3673
2215.239219 99.983 -87.6103
2231.291755 100.148 -87.9081
2247.460615 100.312 -88.2634
2263.746641 100.474 -88.6752
2280.150683 100.633 -89.1398
2296.673595 100.789 -89.6521
2313.316238 100.943 -90.2085
2330.079481 101.095 -90.8104
2346.964198 101.246 -91.4663
2363.971268 101.395 -92.1888
2381.101578 101.541 -92.9879
2398.356022 101.682 -93.8685
2415.735498 101.816 -94.8307
2433.240913 101.943 -95.8711
2450.873180 102.060 -96.9852
2468.633217 102.169 -98.1681
2486.521951 102.267 -99.4139
2504.540314 102.355 -100.7138
2522.689246 102.433 -102.0564
2540.969692 102.502 -103.4310
2559.382606 102.564 -104.8328
2577.928947 102.619 -106.2648
2596.609683 102.668 -107.7332
2615.425787 102.710 -109.2438
2634.378241 102.743 -110.7983
2653.468031 102.767 -112.3930
2672.696154 102.780 -114.0179
2692.063613 102.781 -115.6576
2711.571415 102.772 -117.2964
2731.220579 102.753 -118.9233
2751.012130 102.724 -120.5317
2770.947098 102.687 -122.1164
2791.026522 102.640 -123.6707
2811.251451 102.584 -125.1861
2831.622938 102.518 -126.6533
2852.142045 102.444 -128.0637
2872.809842 102.361 -129.4089
2893.627406 102.270 -130.6795
2914.595823 102.172 -131.8645
2935.716186 102.069 -132.9557
2956.989596 101.962 -133.9521
2978.417161 101.855 -134.8604
3000.000000 101.747 -135.6903
3021.739237 101.639 -136.4505
3043.636005 101.530 -137.1454
3065.691446 101.421 -137.7731
3087.906710 101.311 -138.3281
3110.282955 101.203 -138.8070
3132.821347 101.098 -139.2133
3155.523062 100.996 -139.5552
3178.389283 100.899 -139.8420
3201.421202 100.807 -140.0820
3224.620020 100.718 -140.2819
3247.986946 100.633 -140.4467
3271.523198 100.551 -140.5776
3295.230004 100.472 -140.6702
3319.108599 100.395 -140.7173
3343.160228 100.324 -140.7157
3367.386145 100.258 -140.6688
3391.787613 100.199 -140.5846
3416.365904 100.147 -140.4705
3441.122300 100.102 -140.3295
3466.058091 100.064 -140.1595
3491.174576 100.033 -139.9573
3516.473066 100.011 -139.7254
3541.954880 99.999 -139.4726
3567.621345 99.997 -139.2111
3593.473800 100.005 -138.9532
3619.513592 100.021 -138.7096
3645.742080 100.045 -138.4876
3672.160630 100.076 -138.2881
3698.770620 100.111 -138.1053
3725.573436 100.152 -137.9331
3752.570477 100.200 -137.7709
3779.763150 100.253 -137.6234
3807.152872 100.313 -137.4965
3834.741071 100.378 -137.3920
3862.529185 100.449 -137.3066
3890.518664 100.526 -137.2381
3918.710966 100.611 -137.1913
3947.107561 100.706 -137.1783
3975.709929 100.812 -137.2160
4004.519563 100.928 -137.3234
4033.537962 101.053 -137.5190
4062.766641 101.186 -137.8152
4092.207123 101.325 -138.2184
4121.860942 101.470 -138.7342
4151.729646 101.618 -139.3719
4181.814790 101.769 -140.1436
4212.117944 101.920 -141.0596
4242.640687 102.069 -142.1244
4273.384610 102.214 -143.3389
4304.351317 102.355 -144.7066
4335.542421 102.489 -146.2349
4366.959549 102.616 -147.9340
4398.604338 102.732 -149.8145
4430.478438 102.834 -151.8820
4462.583511 102.917 -154.1319
4494.921231 102.980 -156.5488
4527.493283 103.017 -159.1108
4560.301365 103.027 -161.7922
4593.347189 103.006 -164.5627
4626.632476 102.953 -167.3842
4660.158962 102.865 -170.2128
4693.928395 102.743 -173.0031
4727.942535 102.589 -175.7148
4762.203156 102.404 -178.3152
4796.712043 102.190 179.2188
4831.470996 101.950 176.9034
4866.481826 101.686 174.7538
4901.746360 101.399 172.7832
4937.266434 101.093 171.0003
4973.043902 100.769 169.4083
5009.080628 100.430 168.0094
5045.378492 100.078 166.8087
5081.939384 99.715 165.8121
5118.765212 99.345 165.0222
5155.857894 98.972 164.4345
5193.219366 98.598 164.0361
5230.851574 98.228 163.8092
5268.756481 97.862 163.7372
5306.936062 97.503 163.8051
5345.392309 97.151 163.9969
5384.127225 96.807 164.2981
5423.142830 96.469 164.7003
5462.441159 96.137 165.2031
5502.024259 95.810 165.8098
5541.894195 95.492 166.5222
5582.053045 95.183 167.3355
5622.502902 94.884 168.2391
5663.245876 94.599 169.2219
5704.284090 94.326 170.2719
5745.619684 94.067 171.3755
5787.254813 93.822 172.5189
5829.191647 93.589 173.6948
5871.432373 93.367 174.9029
5913.979192 93.155 176.1475
5956.834323 92.954 177.4320
6000.000000 92.764 178.7557
6043.478473 92.585 -179.8842
6087.272010 92.418 -178.4915
6131.382892 92.264 -177.0728
6175.813420 92.122 -175.6359
6220.565910 91.992 -174.1849
6265.642695 91.873 -172.7175
6311.046124 91.764 -171.2265
6356.778566 91.666 -169.7051
6402.842404 91.580 -168.1505
6449.240040 91.508 -166.5632
6495.973891 91.450 -164.9472
6543.046396 91.408 -163.3110
6590.460007 91.382 -161.6636
6638.217197 91.372 -160.0102
6686.320456 91.378 -158.3504
6734.772290 91.402 -156.6821
6783.575226 91.444 -155.0061
6832.731809 91.506 -153.3263
6882.244600 91.590 -151.6517
6932.116181 91.695 -149.9964
6982.349153 91.824 -148.3767
7032.946133 91.977 -146.8062
7083.909760 92.154 -145.2949
7135.242690 92.359 -143.8521
7186.947600 92.594 -142.4914
7239.027185 92.863 -141.2335
7291.484160 93.168 -140.1091
7344.321260 93.511 -139.1608
7397.541239 93.894 -138.4386
7451.146872 94.317 -137.9959
7505.140954 94.777 -137.8899
7559.526299 95.271 -138.1849
7614.305743 95.796 -138.9524
7669.482141 96.341 -140.2699
7725.058371 96.893 -142.2161
7781.037328 97.434 -144.8586
7837.421932 97.941 -148.2383
7894.215122 98.390 -152.3569
7951.419859 98.754 -157.1695
8009.039125 99.011 -162.5791
8067.075924 99.141 -168.4362
8125.533282 99.132 -174.5481
8184.414245 98.977 179.3055
8243.721885 98.678 173.3515
8303.459292 98.246 167.7984
8363.629581 97.695 162.8161
8424.235888 97.047 158.5237
8485.281374 96.326 154.9861
8546.769221 95.554 152.2161
8608.702634 94.757 150.1841
8671.084842 93.953 148.8327
8733.919097 93.159 148.0903
8797.208675 92.387 147.8833
8860.956876 91.646 148.1415
8925.167022 90.943 148.7971
8989.842461 90.282 149.7834
9054.986566 89.665 151.0373
9120.602731 89.091 152.5052
9186.694378 88.560 154.1471
9253.264952 88.068 155.9363
9320.317925 87.614 157.8535
9387.856790 87.198 159.8782
9455.885071 86.818 161.9881
9524.406312 86.473 164.1613
9593.424086 86.162 166.3831
9662.941992 85.884 168.6484
9732.963653 85.638 170.9550
9803.492719 85.424 173.2961
9874.532869 85.242 175.6592
9946.087805 85.092 178.0302
10018.161257 84.971 -179.5993
10090.756983 84.879 -177.2295
10163.878768 84.816 -174.8614
10237.530423 84.782 -172.5021
10311.715789 84.778 -170.1653
10386.438732 84.804 -167.8650
10461.703149 84.860 -165.6082
10537.512962 84.946 -163.3988
10613.872125 85.064 -161.2450
10690.784618 85.214 -159.1638
10768.254450 85.397 -157.1777
10846.285661 85.614 -155.3067
10924.882318 85.864 -153.5683
11004.048518 86.150 -151.9843
11083.788390 86.470 -150.5861
11164.106090 86.825 -149.4135
11245.005805 87.213 -148.5073
11326.491752 87.630 -147.9059
11408.568180 88.073 -147.6490
11491.239368 88.537 -147.7802
11574.509626 89.012 -148.3431
11658.383294 89.489 -149.3717
11742.864745 89.956 -150.8837
11827.958384 90.399 -152.8800
11913.668646 90.806 -155.3451
12000.000000 91.162 -158.2446
12086.956947 91.456 -161.5184
12174.544019 91.676 -165.0812
12262.765784 91.816 -168.8289
12351.626840 91.875 -172.6498
12441.131819 91.854 -176.4315
12531.285389 91.759 179.9329
12622.092249 91.600 176.5372
12713.557132 91.393 173.4524
12805.684808 91.153 170.7189
12898.480079 90.897 168.3473
12991.947783 90.642 166.3226
13086.092792 90.403 164.6060
13180.920015 90.196 163.1333
13276.434395 90.033 161.8189
13372.640911 89.921 160.5629
13469.544580 89.865 159.2572
13567.150452 89.865 157.7869
13665.463617 89.917 156.0342
13764.489200 90.012 153.8887
13864.232362 90.135 151.2583
13964.698305 90.266 148.0759
14065.892266 90.383 144.3041
14167.819519 90.462 139.9450
14270.485380 90.476 135.0481
14373.895200 90.400 129.7105
14478.054370 90.217 124.0705
14582.968320 89.912 118.2984
14688.642520 89.479 112.5831
14795.082478 88.921 107.1116
14902.293745 88.249 102.0492
15010.281908 87.478 97.5278
15119.052599 86.629 93.6418
15228.611486 85.727 90.4460
15338.964283 84.798 87.9561
15450.116741 83.869 86.1538
15562.074656 82.965 84.9926
15674.843864 82.111 84.4012
15788.430244 81.330 84.2832
15902.839718 80.642 84.5184
16018.078250 80.065 84.9622
16134.151848 79.615 85.4404
16251.066563 79.303 85.7456
16368.828491 79.134 85.6429
16487.443769 79.100 84.8843
16606.918584 79.177 83.2311
16727.259161 79.325 80.4870
16848.471777 79.485 76.5358
16970.562748 79.591 71.3711
17093.538442 79.576 65.1194
17217.405268 79.378 58.0519
17342.169684 78.953 50.5615
17467.838194 78.281 43.1028
17594.417350 77.365 36.1129
17721.913751 76.229 29.9503
17850.334044 74.905 24.8713
17979.684923 73.430 21.0361
18109.973131 71.844 18.5277
18241.205462 70.186 17.3627
18373.388756 68.492 17.4991
18506.529905 66.800 18.8451
18640.635849 65.142 21.2654
18775.713581 63.550 24.5865
18911.770141 62.052 28.6099
19048.812624 60.669 33.1292
19186.848172 59.417 37.9450
19325.883983 58.312 42.8771
19465.927305 57.370 47.7519
19606.985439 56.618 52.3606
19749.065738 56.076 56.4088
19892.175609 55.743 59.5014
20036.322514 55.592 61.2037
