* Measurement data measured by REW V5.31.3
* Source: EXCL: Microphone (USB Sound Device        ), MICROPHONE (Master Volume), R, volume: 0.390
* Format: 256k Log Swept Sine, 1 sweep at -12.0 dBFS with no timing reference
* Dated: Jul 13, 2025 6:25:57 PM
* REW Settings:
*  C-weighting compensation: Off
*  Target level: 75.0 dB
* Note: Ziigaat Luna L
* Measurement: L Ziigaat Luna
* Smoothing: 1/12 octave
* Frequency Step: 96 ppo
* Start Frequency: 0.36621094 Hz
*
* Freq(Hz) SPL(dB) Phase(degrees)
0.366211 89.808 177.7427
0.368865 89.811 177.7312
0.371538 89.816 177.7140
0.374230 89.822 177.6928
0.376942 89.828 177.6686
0.379673 89.835 177.6425
0.382424 89.842 177.6150
0.385196 89.850 177.5865
0.387987 89.858 177.5571
0.390798 89.865 177.5271
0.393630 89.873 177.4965
0.396483 89.881 177.4653
0.399356 89.889 177.4335
0.402250 89.897 177.4012
0.405165 89.905 177.3682
0.408101 89.913 177.3346
0.411058 89.921 177.3004
0.414037 89.929 177.2656
0.417037 89.937 177.2302
0.420059 89.946 177.1942
0.423103 89.954 177.1575
0.426169 89.963 177.1201
0.429257 89.971 177.0821
0.432368 89.980 177.0434
0.435501 89.988 177.0040
0.438656 89.997 176.9639
0.441835 90.006 176.9231
0.445037 90.014 176.8816
0.448262 90.023 176.8393
0.451510 90.032 176.7963
0.454782 90.041 176.7525
0.458077 90.050 176.7080
0.461397 90.059 176.6627
0.464740 90.069 176.6165
0.468108 90.078 176.5696
0.471500 90.087 176.5219
0.474917 90.097 176.4733
0.478358 90.106 176.4238
0.481825 90.116 176.3735
0.485316 90.125 176.3223
0.488833 90.135 176.2703
0.492375 90.145 176.2173
0.495943 90.155 176.1634
0.499537 90.164 176.1086
0.503157 90.174 176.0528
0.506803 90.184 175.9960
0.510475 90.195 175.9383
0.514175 90.205 175.8795
0.517900 90.215 175.8198
0.521653 90.225 175.7590
0.525434 90.236 175.6971
0.529241 90.246 175.6342
0.533076 90.257 175.5702
0.536939 90.267 175.5051
0.540830 90.278 175.4388
0.544749 90.289 175.3714
0.548696 90.300 175.3029
0.552673 90.311 175.2332
0.556677 90.322 175.1622
0.560711 90.333 175.0900
0.564774 90.344 175.0166
0.568867 90.355 174.9419
0.572989 90.367 174.8659
0.577141 90.378 174.7886
0.581324 90.390 174.7100
0.585536 90.401 174.6300
0.589779 90.413 174.5486
0.594053 90.425 174.4658
0.598358 90.436 174.3815
0.602694 90.448 174.2958
0.607061 90.460 174.2086
0.611460 90.472 174.1198
0.615891 90.485 174.0295
0.620354 90.497 173.9376
0.624849 90.509 173.8441
0.629377 90.522 173.7490
0.633938 90.534 173.6522
0.638532 90.547 173.5536
0.643159 90.560 173.4534
0.647819 90.573 173.3513
0.652514 90.585 173.2475
0.657242 90.598 173.1417
0.662005 90.612 173.0341
0.666802 90.625 172.9246
0.671634 90.638 172.8131
0.676501 90.651 172.6995
0.681403 90.665 172.5840
0.686341 90.679 172.4663
0.691314 90.692 172.3465
0.696324 90.706 172.2244
0.701370 90.720 172.1002
0.706452 90.734 171.9736
0.711571 90.748 171.8447
0.716728 90.762 171.7133
0.721921 90.776 171.5795
0.727153 90.790 171.4432
0.732422 90.805 171.3042
0.737729 90.819 171.1626
0.743075 90.833 171.0182
0.748460 90.847 170.8710
0.753883 90.862 170.7211
0.759346 90.876 170.5682
0.764849 90.891 170.4126
0.770391 90.906 170.2541
0.775974 90.921 170.0927
0.781597 90.935 169.9285
0.787261 90.951 169.7614
0.792966 90.966 169.5916
0.798712 90.981 169.4189
0.804500 90.997 169.2433
0.810329 91.012 169.0650
0.816201 91.028 168.8838
0.822116 91.043 168.6998
0.828073 91.059 168.5131
0.834074 91.075 168.3236
0.840118 91.091 168.1312
0.846206 91.108 167.9362
0.852338 91.124 167.7383
0.858514 91.140 167.5378
0.864735 91.157 167.3344
0.871001 91.173 167.1284
0.877313 91.190 166.9196
0.883670 91.206 166.7081
0.890074 91.223 166.4939
0.896524 91.240 166.2771
0.903020 91.257 166.0575
0.909564 91.274 165.8352
0.916155 91.291 165.6103
0.922794 91.308 165.3828
0.929481 91.325 165.1525
0.936216 91.342 164.9196
0.943000 91.359 164.6841
0.949834 91.377 164.4459
0.956717 91.394 164.2050
0.963649 91.411 163.9615
0.970632 91.428 163.7154
0.977666 91.445 163.4666
0.984750 91.463 163.2151
0.991886 91.480 162.9609
0.999074 91.497 162.7041
1.006314 91.514 162.4446
1.013606 91.531 162.1824
1.020951 91.548 161.9174
1.028349 91.565 161.6497
1.035801 91.582 161.3793
1.043307 91.599 161.1060
1.050867 91.616 160.8298
1.058482 91.633 160.5507
1.066152 91.649 160.2686
1.073878 91.666 159.9834
1.081660 91.682 159.6947
1.089498 91.698 159.4024
1.097393 91.715 159.1061
1.105345 91.731 158.8053
1.113355 91.747 158.4997
1.121423 91.763 158.1888
1.129549 91.778 157.8725
1.137734 91.794 157.5506
1.145979 91.810 157.2230
1.154283 91.825 156.8899
1.162647 91.841 156.5511
1.171072 91.856 156.2068
1.179558 91.872 155.8570
1.188106 91.887 155.5019
1.196715 91.902 155.1415
1.205387 91.918 154.7759
1.214122 91.933 154.4052
1.222920 91.948 154.0296
1.231782 91.962 153.6491
1.240708 91.977 153.2639
1.249699 91.992 152.8741
1.258754 92.006 152.4798
1.267876 92.021 152.0812
1.277063 92.035 151.6784
1.286318 92.050 151.2715
1.295639 92.064 150.8606
1.305027 92.078 150.4460
1.314484 92.091 150.0278
1.324009 92.105 149.6061
1.333604 92.119 149.1811
1.343268 92.132 148.7530
1.353002 92.145 148.3219
1.362806 92.158 147.8880
1.372681 92.171 147.4514
1.382628 92.184 147.0124
1.392647 92.197 146.5710
1.402739 92.209 146.1275
1.412904 92.221 145.6819
1.423142 92.233 145.2343
1.433455 92.245 144.7845
1.443843 92.257 144.3324
1.454305 92.268 143.8776
1.464844 92.280 143.4194
1.475459 92.290 142.9570
1.486150 92.301 142.4896
1.496920 92.312 142.0166
1.507767 92.322 141.5376
1.518693 92.331 141.0523
1.529698 92.341 140.5606
1.540783 92.350 140.0626
1.551948 92.359 139.5583
1.563194 92.368 139.0478
1.574521 92.376 138.5313
1.585931 92.384 138.0091
1.597423 92.392 137.4812
1.608999 92.400 136.9480
1.620658 92.407 136.4095
1.632402 92.414 135.8662
1.644232 92.420 135.3181
1.656146 92.427 134.7655
1.668147 92.433 134.2088
1.680235 92.439 133.6481
1.692411 92.444 133.0838
1.704675 92.450 132.5160
1.717028 92.455 131.9452
1.729470 92.460 131.3716
1.742003 92.464 130.7953
1.754626 92.468 130.2168
1.767341 92.472 129.6362
1.780147 92.476 129.0535
1.793047 92.480 128.4688
1.806040 92.483 127.8818
1.819128 92.486 127.2918
1.832310 92.489 126.6980
1.845587 92.491 126.0993
1.858961 92.493 125.4947
1.872432 92.494 124.8832
1.886001 92.496 124.2643
1.899667 92.496 123.6378
1.913433 92.497 123.0036
1.927299 92.496 122.3620
1.941265 92.496 121.7132
1.955332 92.495 121.0575
1.969501 92.493 120.3953
1.983773 92.492 119.7273
1.998148 92.490 119.0538
2.012627 92.487 118.3755
2.027212 92.484 117.6930
2.041902 92.481 117.0070
2.056698 92.478 116.3180
2.071602 92.474 115.6270
2.086614 92.470 114.9346
2.101734 92.466 114.2416
2.116964 92.462 113.5488
2.132304 92.457 112.8567
2.147756 92.453 112.1660
2.163320 92.448 111.4769
2.178996 92.442 110.7892
2.194786 92.437 110.1025
2.210690 92.431 109.4157
2.226710 92.425 108.7277
2.242845 92.419 108.0375
2.259098 92.412 107.3443
2.275468 92.404 106.6476
2.291957 92.397 105.9474
2.308566 92.389 105.2438
2.325295 92.380 104.5369
2.342145 92.371 103.8273
2.359117 92.362 103.1153
2.376212 92.353 102.4015
2.393431 92.344 101.6867
2.410775 92.334 100.9715
2.428244 92.324 100.2566
2.445840 92.314 99.5431
2.463564 92.305 98.8317
2.481416 92.295 98.1234
2.499397 92.285 97.4190
2.517509 92.276 96.7193
2.535752 92.266 96.0249
2.554127 92.257 95.3360
2.572635 92.248 94.6526
2.591277 92.238 93.9742
2.610055 92.229 93.3002
2.628968 92.219 92.6302
2.648019 92.210 91.9638
2.667208 92.200 91.3006
2.686535 92.190 90.6406
2.706003 92.180 89.9837
2.725612 92.170 89.3300
2.745363 92.161 88.6796
2.765257 92.152 88.0328
2.785295 92.143 87.3898
2.805478 92.135 86.7511
2.825808 92.127 86.1170
2.846285 92.120 85.4882
2.866910 92.113 84.8653
2.887685 92.108 84.2490
2.908611 92.103 83.6400
2.929688 92.099 83.0391
2.950917 92.095 82.4469
2.972301 92.092 81.8638
2.993839 92.090 81.2899
3.015534 92.089 80.7250
3.037386 92.088 80.1689
3.059396 92.089 79.6211
3.081565 92.089 79.0811
3.103896 92.091 78.5483
3.126388 92.094 78.0222
3.149043 92.098 77.5022
3.171862 92.103 76.9879
3.194847 92.109 76.4790
3.217998 92.117 75.9752
3.241317 92.126 75.4767
3.264805 92.136 74.9838
3.288463 92.148 74.4973
3.312293 92.162 74.0182
3.336295 92.177 73.5474
3.360471 92.194 73.0856
3.384822 92.213 72.6330
3.409350 92.233 72.1891
3.434056 92.255 71.7532
3.458940 92.278 71.3243
3.484005 92.303 70.9011
3.509252 92.329 70.4823
3.534681 92.357 70.0667
3.560295 92.386 69.6529
3.586094 92.416 69.2401
3.612081 92.448 68.8274
3.638255 92.482 68.4146
3.664620 92.517 68.0021
3.691175 92.553 67.5906
3.717923 92.592 67.1807
3.744864 92.632 66.7731
3.772001 92.674 66.3680
3.799335 92.717 65.9651
3.826866 92.762 65.5639
3.854597 92.808 65.1637
3.882529 92.854 64.7638
3.910664 92.902 64.3631
3.939002 92.951 63.9608
3.967546 93.000 63.5561
3.996296 93.049 63.1485
4.025255 93.099 62.7376
4.054423 93.150 62.3234
4.083804 93.201 61.9063
4.113396 93.253 61.4867
4.143204 93.305 61.0650
4.173227 93.358 60.6418
4.203468 93.411 60.2175
4.233928 93.465 59.7923
4.264609 93.518 59.3665
4.295512 93.571 58.9403
4.326639 93.624 58.5135
4.357992 93.676 58.0860
4.389572 93.727 57.6574
4.421380 93.777 57.2275
4.453419 93.827 56.7959
4.485691 93.877 56.3630
4.518196 93.925 55.9294
4.550936 93.973 55.4959
4.583914 94.020 55.0637
4.617131 94.067 54.6340
4.650589 94.112 54.2079
4.684289 94.156 53.7863
4.718233 94.200 53.3699
4.752424 94.242 52.9587
4.786862 94.283 52.5527
4.821549 94.322 52.1516
4.856488 94.360 51.7552
4.891680 94.398 51.3641
4.927127 94.434 50.9788
4.962831 94.469 50.6003
4.998794 94.503 50.2298
5.035017 94.536 49.8684
5.071503 94.568 49.5170
5.108253 94.600 49.1764
5.145270 94.630 48.8467
5.182555 94.660 48.5281
5.220110 94.689 48.2202
5.257937 94.717 47.9230
5.296038 94.744 47.6364
5.334415 94.771 47.3603
5.373071 94.798 47.0948
5.412006 94.825 46.8404
5.451224 94.851 46.5971
5.490725 94.878 46.3654
5.530514 94.904 46.1454
5.570590 94.931 45.9370
5.610957 94.958 45.7397
5.651616 94.986 45.5528
5.692570 95.013 45.3752
5.733821 95.041 45.2059
5.775370 95.070 45.0438
5.817221 95.099 44.8883
5.859375 95.129 44.7390
5.901834 95.160 44.5957
5.944602 95.191 44.4581
5.987679 95.223 44.3256
6.031068 95.256 44.1971
6.074771 95.290 44.0715
6.118792 95.324 43.9471
6.163131 95.358 43.8228
6.207792 95.393 43.6976
6.252776 95.429 43.5709
6.298086 95.464 43.4425
6.343725 95.500 43.3121
6.389694 95.537 43.1795
6.435996 95.573 43.0442
6.482634 95.609 42.9055
6.529610 95.645 42.7630
6.576926 95.680 42.6160
6.624585 95.714 42.4645
6.672590 95.748 42.3083
6.720942 95.781 42.1477
6.769645 95.813 41.9832
6.818700 95.844 41.8153
6.868111 95.874 41.6444
6.917881 95.902 41.4710
6.968010 95.930 41.2954
7.018504 95.955 41.1177
7.069362 95.979 40.9384
7.120590 96.002 40.7580
7.172189 96.023 40.5776
7.224161 96.043 40.3979
7.276511 96.061 40.2199
7.329239 96.078 40.0443
7.382350 96.093 39.8714
7.435845 96.106 39.7015
7.489729 96.119 39.5349
7.544002 96.130 39.3722
7.598669 96.140 39.2136
7.653732 96.149 39.0597
7.709194 96.157 38.9108
7.765058 96.164 38.7669
7.821327 96.170 38.6279
7.878004 96.176 38.4934
7.935091 96.181 38.3631
7.992592 96.186 38.2364
8.050510 96.191 38.1131
8.108847 96.196 37.9928
8.167607 96.200 37.8749
8.226793 96.205 37.7588
8.286408 96.210 37.6437
8.346454 96.214 37.5284
8.406936 96.219 37.4123
8.467856 96.224 37.2947
8.529218 96.229 37.1749
8.591024 96.234 37.0524
8.653278 96.239 36.9265
8.715983 96.243 36.7966
8.779143 96.248 36.6621
8.842760 96.253 36.5224
8.906839 96.258 36.3776
8.971381 96.262 36.2273
9.036392 96.266 36.0716
9.101873 96.269 35.9106
9.167829 96.272 35.7441
9.234263 96.275 35.5724
9.301178 96.277 35.3956
9.368578 96.279 35.2140
9.436467 96.280 35.0282
9.504847 96.281 34.8384
9.573723 96.281 34.6450
9.643099 96.281 34.4482
9.712976 96.280 34.2484
9.783361 96.279 34.0458
9.854255 96.278 33.8409
9.925663 96.277 33.6336
9.997588 96.276 33.4242
10.070035 96.275 33.2127
10.143007 96.274 32.9991
10.216507 96.274 32.7832
10.290540 96.273 32.5650
10.365109 96.274 32.3444
10.440219 96.274 32.1210
10.515873 96.275 31.8949
10.592076 96.277 31.6655
10.668830 96.280 31.4329
10.746141 96.283 31.1968
10.824012 96.286 30.9571
10.902447 96.291 30.7136
10.981451 96.296 30.4664
11.061027 96.301 30.2155
11.141180 96.307 29.9609
11.221913 96.314 29.7027
11.303232 96.322 29.4412
11.385140 96.330 29.1766
11.467641 96.338 28.9091
11.550741 96.347 28.6391
11.634442 96.357 28.3669
11.718750 96.367 28.0929
11.803669 96.378 27.8174
11.889203 96.389 27.5407
11.975357 96.401 27.2632
12.062136 96.413 26.9852
12.149543 96.426 26.7071
12.237583 96.440 26.4291
12.326262 96.453 26.1517
12.415583 96.467 25.8751
12.505552 96.482 25.5997
12.596172 96.497 25.3258
12.687449 96.512 25.0539
12.779387 96.527 24.7844
12.871992 96.543 24.5176
12.965268 96.559 24.2542
13.059220 96.574 23.9944
13.153852 96.590 23.7388
13.249170 96.606 23.4878
13.345179 96.622 23.2419
13.441884 96.638 23.0013
13.539289 96.654 22.7665
13.637401 96.670 22.5375
13.736223 96.686 22.3146
13.835761 96.702 22.0977
13.936021 96.718 21.8867
14.037007 96.734 21.6816
14.138725 96.750 21.4819
14.241180 96.765 21.2875
14.344377 96.781 21.0979
14.448323 96.796 20.9127
14.553021 96.812 20.7316
14.658478 96.826 20.5543
14.764700 96.841 20.3803
14.871691 96.854 20.2096
14.979457 96.868 20.0420
15.088005 96.880 19.8774
15.197339 96.891 19.7158
15.307465 96.902 19.5572
15.418389 96.912 19.4017
15.530117 96.921 19.2494
15.642655 96.928 19.1003
15.756008 96.935 18.9544
15.870182 96.941 18.8115
15.985184 96.946 18.6713
16.101019 96.950 18.5336
16.217694 96.954 18.3977
16.335214 96.957 18.2631
16.453586 96.959 18.1290
16.572815 96.961 17.9946
16.692909 96.962 17.8591
16.813872 96.962 17.7216
16.935713 96.962 17.5813
17.058436 96.961 17.4374
17.182048 96.960 17.2894
17.306556 96.958 17.1365
17.431967 96.956 16.9785
17.558286 96.953 16.8150
17.685521 96.949 16.6460
17.813677 96.944 16.4713
17.942762 96.939 16.2911
18.072783 96.933 16.1056
18.203746 96.927 15.9151
18.335658 96.920 15.7200
18.468526 96.912 15.5207
18.602356 96.904 15.3175
18.737156 96.896 15.1110
18.872934 96.888 14.9014
19.009695 96.880 14.6892
19.147447 96.872 14.4745
19.286197 96.865 14.2575
19.425953 96.858 14.0384
19.566721 96.851 13.8169
19.708510 96.846 13.5931
19.851326 96.841 13.3668
19.995177 96.838 13.1378
20.140070 96.835 12.9061
20.286013 96.833 12.6715
20.433014 96.832 12.4343
20.581080 96.832 12.1948
20.730219 96.833 11.9535
20.880439 96.834 11.7112
21.031747 96.835 11.4689
21.184152 96.837 11.2274
21.337661 96.840 10.9878
21.492282 96.843 10.7511
21.648024 96.846 10.5182
21.804895 96.850 10.2898
21.962902 96.854 10.0663
22.122054 96.858 9.8482
22.282360 96.863 9.6355
22.443827 96.867 9.4283
22.606464 96.872 9.2266
22.770280 96.877 9.0306
22.935283 96.882 8.8404
23.101481 96.887 8.6560
23.268884 96.891 8.4778
23.437500 96.895 8.3058
23.607338 96.899 8.1400
23.778406 96.902 7.9801
23.950714 96.905 7.8255
24.124271 96.908 7.6753
24.299086 96.910 7.5283
24.475167 96.912 7.3833
24.652524 96.914 7.2387
24.831166 96.915 7.0934
25.011103 96.916 6.9462
25.192344 96.915 6.7967
25.374898 96.914 6.6444
25.558775 96.912 6.4896
25.743984 96.908 6.3325
25.930536 96.903 6.1735
26.118439 96.898 6.0130
26.307704 96.891 5.8512
26.498341 96.885 5.6879
26.690359 96.877 5.5226
26.883768 96.870 5.3547
27.078579 96.862 5.1833
27.274801 96.855 5.0079
27.472446 96.848 4.8277
27.671522 96.841 4.6424
27.872042 96.834 4.4521
28.074014 96.827 4.2572
28.277450 96.821 4.0581
28.482360 96.814 3.8556
28.688755 96.808 3.6504
28.896645 96.803 3.4434
29.106042 96.798 3.2350
29.316957 96.794 3.0261
29.529400 96.790 2.8171
29.743382 96.786 2.6087
29.958915 96.783 2.4014
30.176009 96.781 2.1960
30.394677 96.778 1.9931
30.614929 96.776 1.7935
30.836778 96.775 1.5978
31.060234 96.773 1.4068
31.285309 96.772 1.2207
31.512015 96.770 1.0399
31.740364 96.769 0.8643
31.970368 96.768 0.6936
32.202039 96.767 0.5272
32.435388 96.765 0.3643
32.670428 96.764 0.2040
32.907171 96.763 0.0455
33.145630 96.761 -0.1124
33.385817 96.759 -0.2702
33.627745 96.756 -0.4289
33.871425 96.752 -0.5888
34.116871 96.748 -0.7506
34.364096 96.744 -0.9147
34.613113 96.738 -1.0815
34.863934 96.732 -1.2513
35.116572 96.726 -1.4245
35.371041 96.719 -1.6011
35.627354 96.711 -1.7812
35.885525 96.703 -1.9643
36.145566 96.694 -2.1502
36.407492 96.685 -2.3383
36.671316 96.676 -2.5281
36.937051 96.667 -2.7192
37.204712 96.658 -2.9113
37.474313 96.649 -3.1041
37.745867 96.640 -3.2978
38.019389 96.632 -3.4920
38.294893 96.624 -3.6867
38.572394 96.616 -3.8815
38.851905 96.608 -4.0760
39.133442 96.601 -4.2696
39.417019 96.593 -4.4619
39.702651 96.585 -4.6522
39.990353 96.577 -4.8402
40.280140 96.569 -5.0255
40.572026 96.560 -5.2079
40.866028 96.551 -5.3871
41.162160 96.542 -5.5629
41.460438 96.532 -5.7354
41.760877 96.522 -5.9051
42.063494 96.512 -6.0724
42.368303 96.501 -6.2385
42.675322 96.490 -6.4041
42.984565 96.479 -6.5700
43.296048 96.467 -6.7364
43.609789 96.455 -6.9035
43.925804 96.443 -7.0710
44.244108 96.430 -7.2386
44.564719 96.417 -7.4063
44.887654 96.404 -7.5740
45.212928 96.390 -7.7413
45.540560 96.376 -7.9074
45.870565 96.362 -8.0712
46.202962 96.348 -8.2318
46.537768 96.334 -8.3886
46.875000 96.321 -8.5421
47.214676 96.308 -8.6938
47.556813 96.296 -8.8456
47.901429 96.285 -8.9993
48.248542 96.274 -9.1556
48.598171 96.263 -9.3143
48.950334 96.252 -9.4741
49.305048 96.241 -9.6338
49.662333 96.229 -9.7924
50.022206 96.217 -9.9496
50.384688 96.206 -10.1057
50.749796 96.195 -10.2614
51.117550 96.183 -10.4173
51.487969 96.172 -10.5737
51.861072 96.161 -10.7308
52.236879 96.150 -10.8884
52.615409 96.139 -11.0461
52.996681 96.128 -11.2031
53.380717 96.116 -11.3586
53.767536 96.105 -11.5121
54.157158 96.093 -11.6634
54.549603 96.082 -11.8125
54.944892 96.070 -11.9602
55.343045 96.059 -12.1072
55.744084 96.047 -12.2541
56.148028 96.036 -12.4021
56.554900 96.025 -12.5523
56.964720 96.013 -12.7063
57.377510 96.001 -12.8658
57.793291 95.989 -13.0323
58.212085 95.976 -13.2063
58.633914 95.962 -13.3870
59.058799 95.947 -13.5722
59.486764 95.930 -13.7595
59.917829 95.913 -13.9462
60.352019 95.894 -14.1306
60.789354 95.876 -14.3119
61.229859 95.857 -14.4901
61.673556 95.839 -14.6650
62.120468 95.821 -14.8365
62.570618 95.803 -15.0046
63.024031 95.785 -15.1694
63.480729 95.767 -15.3310
63.940736 95.749 -15.4898
64.404077 95.732 -15.6458
64.870776 95.714 -15.7991
65.340856 95.695 -15.9495
65.814343 95.677 -16.0972
66.291261 95.658 -16.2425
66.771635 95.639 -16.3855
67.255489 95.620 -16.5266
67.742850 95.600 -16.6660
68.233743 95.581 -16.8037
68.728193 95.561 -16.9404
69.226226 95.542 -17.0766
69.727867 95.523 -17.2131
70.233144 95.504 -17.3500
70.742083 95.485 -17.4872
71.254709 95.466 -17.6241
71.771050 95.447 -17.7599
72.291132 95.428 -17.8937
72.814984 95.409 -18.0248
73.342631 95.389 -18.1524
73.874102 95.369 -18.2766
74.409424 95.350 -18.3978
74.948626 95.330 -18.5168
75.491734 95.310 -18.6346
76.038779 95.291 -18.7513
76.589787 95.271 -18.8672
77.144788 95.252 -18.9826
77.703811 95.233 -19.0981
78.266885 95.214 -19.2149
78.834039 95.195 -19.3345
79.405303 95.176 -19.4585
79.980706 95.156 -19.5881
80.560280 95.137 -19.7240
81.144053 95.116 -19.8666
81.732056 95.095 -20.0156
82.324320 95.072 -20.1696
82.920876 95.047 -20.3267
83.521755 95.021 -20.4837
84.126988 94.993 -20.6369
84.736607 94.964 -20.7828
85.350643 94.933 -20.9188
85.969129 94.902 -21.0438
86.592097 94.870 -21.1574
87.219579 94.838 -21.2597
87.851608 94.806 -21.3509
88.488217 94.773 -21.4323
89.129439 94.741 -21.5055
89.775308 94.709 -21.5722
90.425856 94.678 -21.6342
91.081119 94.647 -21.6935
91.741131 94.618 -21.7528
92.405925 94.589 -21.8150
93.075536 94.560 -21.8828
93.750000 94.532 -21.9570
94.429351 94.503 -22.0354
95.113625 94.473 -22.1128
95.802858 94.442 -22.1843
96.497085 94.411 -22.2470
97.196342 94.379 -22.3009
97.900667 94.347 -22.3476
98.610096 94.315 -22.3886
99.324665 94.283 -22.4250
100.044413 94.251 -22.4568
100.769376 94.218 -22.4837
101.499592 94.185 -22.5057
102.235100 94.153 -22.5233
102.975938 94.121 -22.5370
103.722144 94.090 -22.5477
104.473757 94.060 -22.5565
105.230817 94.030 -22.5644
105.993363 94.001 -22.5721
106.761435 93.972 -22.5801
107.535072 93.942 -22.5889
108.314315 93.913 -22.5987
109.099206 93.883 -22.6095
109.889783 93.853 -22.6211
110.686090 93.823 -22.6324
111.488167 93.792 -22.6424
112.296056 93.762 -22.6488
113.109800 93.730 -22.6483
113.929440 93.698 -22.6358
114.755020 93.665 -22.6052
115.586582 93.631 -22.5505
116.424170 93.597 -22.4676
117.267827 93.564 -22.3571
118.117598 93.533 -22.2265
118.973527 93.505 -22.0906
119.835658 93.481 -21.9668
120.704037 93.457 -21.8654
121.578708 93.435 -21.7860
122.459718 93.413 -21.7233
123.347111 93.393 -21.6741
124.240935 93.374 -21.6371
125.141236 93.357 -21.6119
126.048061 93.341 -21.5981
126.961458 93.326 -21.5949
127.881473 93.311 -21.6018
128.808154 93.295 -21.6182
129.741551 93.278 -21.6433
130.681712 93.259 -21.6757
131.628686 93.237 -21.7137
132.582521 93.213 -21.7557
133.543269 93.186 -21.7993
134.510979 93.158 -21.8417
135.485701 93.127 -21.8796
136.467486 93.095 -21.9103
137.456386 93.061 -21.9322
138.452451 93.026 -21.9447
139.455735 92.992 -21.9480
140.466288 92.957 -21.9430
141.484165 92.922 -21.9300
142.509418 92.888 -21.9091
143.542100 92.853 -21.8805
144.582265 92.819 -21.8444
145.629968 92.784 -21.8014
146.685262 92.750 -21.7521
147.748204 92.714 -21.6971
148.818849 92.678 -21.6360
149.897251 92.641 -21.5675
150.983469 92.604 -21.4890
152.077557 92.567 -21.3979
153.179574 92.530 -21.2922
154.289576 92.495 -21.1722
155.407622 92.461 -21.0408
156.533770 92.430 -20.9032
157.668078 92.400 -20.7655
158.810606 92.373 -20.6330
159.961413 92.346 -20.5085
161.120559 92.320 -20.3925
162.288105 92.294 -20.2834
163.464112 92.268 -20.1789
164.648640 92.240 -20.0765
165.841752 92.212 -19.9734
167.043510 92.182 -19.8665
168.253976 92.152 -19.7523
169.473213 92.121 -19.6280
170.701286 92.090 -19.4913
171.938258 92.061 -19.3418
173.184194 92.032 -19.1817
174.439158 92.005 -19.0150
175.703216 91.979 -18.8460
176.976434 91.954 -18.6783
178.258878 91.930 -18.5140
179.550615 91.906 -18.3542
180.851713 91.883 -18.1991
182.162239 91.861 -18.0480
183.482262 91.838 -17.8998
184.811850 91.815 -17.7530
186.151073 91.792 -17.6057
187.500000 91.768 -17.4561
188.858702 91.744 -17.3031
190.227250 91.719 -17.1473
191.605715 91.693 -16.9892
192.994169 91.668 -16.8287
194.392685 91.642 -16.6646
195.801334 91.616 -16.4951
197.220191 91.591 -16.3183
198.649330 91.566 -16.1330
200.088825 91.542 -15.9388
201.538751 91.519 -15.7368
202.999184 91.498 -15.5296
204.470200 91.479 -15.3211
205.951875 91.461 -15.1156
207.444287 91.443 -14.9163
208.947514 91.426 -14.7243
210.461634 91.408 -14.5382
211.986726 91.389 -14.3549
213.522869 91.368 -14.1697
215.070144 91.347 -13.9772
216.628631 91.326 -13.7726
218.198411 91.305 -13.5543
219.779567 91.286 -13.3249
221.372180 91.269 -13.0901
222.976334 91.255 -12.8567
224.592112 91.242 -12.6292
226.219600 91.230 -12.4089
227.858880 91.219 -12.1946
229.510039 91.209 -11.9841
231.173164 91.198 -11.7759
232.848340 91.188 -11.5695
234.535655 91.177 -11.3661
236.235197 91.166 -11.1675
237.947054 91.155 -10.9751
239.671317 91.143 -10.7890
241.408074 91.130 -10.6071
243.157416 91.117 -10.4261
244.919435 91.102 -10.2419
246.694223 91.087 -10.0503
248.481871 91.071 -9.8474
250.282473 91.054 -9.6298
252.096123 91.039 -9.3962
253.922915 91.025 -9.1488
255.762945 91.014 -8.8943
257.616309 91.006 -8.6431
259.483103 91.001 -8.4051
261.363424 90.996 -8.1857
263.257372 90.991 -7.9837
265.165043 90.985 -7.7929
267.086538 90.977 -7.6049
269.021957 90.968 -7.4120
270.971401 90.958 -7.2095
272.934972 90.948 -6.9962
274.912771 90.939 -6.7739
276.904902 90.931 -6.5452
278.911469 90.925 -6.3125
280.932577 90.921 -6.0778
282.968330 90.919 -5.8450
285.018835 90.919 -5.6199
287.084199 90.921 -5.4100
289.164530 90.924 -5.2215
291.259935 90.925 -5.0560
293.370525 90.925 -4.9081
295.496408 90.921 -4.7681
297.637697 90.915 -4.6261
299.794503 90.907 -4.4757
301.966937 90.898 -4.3149
304.155114 90.888 -4.1451
306.359147 90.879 -3.9689
308.579152 90.870 -3.7893
310.815244 90.861 -3.6089
313.067539 90.852 -3.4286
315.336156 90.843 -3.2473
317.621211 90.833 -3.0615
319.922826 90.822 -2.8673
322.241118 90.811 -2.6629
324.576210 90.801 -2.4492
326.928223 90.792 -2.2295
329.297280 90.784 -2.0075
331.683504 90.778 -1.7870
334.087019 90.772 -1.5710
336.507952 90.768 -1.3614
338.946427 90.763 -1.1585
341.402572 90.758 -0.9608
343.876516 90.753 -0.7653
346.368387 90.747 -0.5694
348.878315 90.741 -0.3715
351.406431 90.735 -0.1713
353.952867 90.729 0.0307
356.517756 90.723 0.2337
359.101230 90.718 0.4374
361.703426 90.713 0.6415
364.324478 90.708 0.8463
366.964523 90.703 1.0519
369.623699 90.699 1.2587
372.302145 90.694 1.4669
375.000000 90.690 1.6763
377.717405 90.686 1.8865
380.454501 90.682 2.0972
383.211431 90.679 2.3082
385.988339 90.675 2.5195
388.785369 90.672 2.7313
391.602668 90.669 2.9436
394.440383 90.666 3.1565
397.298660 90.663 3.3698
400.177650 90.661 3.5823
403.077502 90.660 3.7925
405.998368 90.658 3.9994
408.940400 90.657 4.2027
411.903750 90.655 4.4043
414.888575 90.652 4.6073
417.895028 90.649 4.8152
420.923268 90.645 5.0307
423.973452 90.642 5.2550
427.045738 90.641 5.4870
430.140287 90.641 5.7227
433.257261 90.642 5.9571
436.396822 90.645 6.1863
439.559133 90.649 6.4095
442.744360 90.654 6.6265
445.952668 90.661 6.8353
449.184225 90.668 7.0315
452.439199 90.676 7.2095
455.717760 90.682 7.3664
459.020079 90.687 7.5060
462.346327 90.688 7.6391
465.696680 90.686 7.7781
469.071310 90.682 7.9309
472.470394 90.676 8.0994
475.894109 90.671 8.2808
479.342634 90.666 8.4694
482.816148 90.661 8.6589
486.314833 90.656 8.8470
489.838871 90.649 9.0378
493.388445 90.642 9.2391
496.963741 90.635 9.4548
500.564945 90.629 9.6814
504.192245 90.625 9.9109
507.845830 90.623 10.1364
511.525890 90.621 10.3550
515.232618 90.618 10.5679
518.966206 90.615 10.7792
522.726849 90.611 10.9939
526.514743 90.607 11.2169
530.330086 90.602 11.4498
534.173076 90.598 11.6902
538.043915 90.596 11.9327
541.942803 90.593 12.1746
545.869944 90.592 12.4166
549.825542 90.590 12.6601
553.809805 90.590 12.9038
557.822939 90.590 13.1450
561.865154 90.590 13.3816
565.936660 90.590 13.6138
570.037671 90.590 13.8445
574.168399 90.588 14.0772
578.329060 90.586 14.3143
582.519870 90.584 14.5557
586.741049 90.581 14.8011
590.992817 90.578 15.0527
595.275394 90.575 15.3125
599.589005 90.573 15.5797
603.933874 90.572 15.8497
608.310228 90.572 16.1184
612.718295 90.571 16.3844
617.158304 90.571 16.6501
621.630488 90.569 16.9221
626.135079 90.568 17.2072
630.672311 90.567 17.5077
635.242423 90.569 17.8194
639.845651 90.572 18.1359
644.482237 90.577 18.4549
649.152421 90.584 18.7771
653.856447 90.594 19.1009
658.594560 90.607 19.4190
663.367008 90.622 19.7208
668.174039 90.638 19.9981
673.015903 90.653 20.2516
677.892854 90.667 20.4897
682.805145 90.678 20.7219
687.753032 90.686 20.9557
692.736774 90.693 21.1966
697.756631 90.699 21.4491
702.812863 90.704 21.7151
707.905735 90.710 21.9925
713.035511 90.717 22.2768
718.202461 90.724 22.5644
723.406852 90.731 22.8539
728.648956 90.739 23.1458
733.929047 90.747 23.4411
739.247399 90.756 23.7401
744.604290 90.765 24.0434
750.000000 90.774 24.3516
755.434809 90.785 24.6649
760.909001 90.795 24.9830
766.422861 90.807 25.3057
771.976677 90.820 25.6322
777.570739 90.834 25.9620
783.205337 90.848 26.2946
788.880766 90.864 26.6314
794.597321 90.880 26.9752
800.355301 90.899 27.3281
806.155005 90.919 27.6886
811.996736 90.944 28.0505
817.880799 90.971 28.4046
823.807501 91.002 28.7409
829.777150 91.034 29.0514
835.790057 91.067 29.3344
841.846536 91.098 29.5972
847.946903 91.126 29.8511
854.091476 91.153 30.1046
860.280575 91.179 30.3617
866.514523 91.203 30.6255
872.793644 91.228 30.8987
879.118267 91.252 31.1810
885.488720 91.278 31.4680
891.905336 91.304 31.7553
898.368450 91.331 32.0425
904.878398 91.358 32.3317
911.435520 91.387 32.6242
918.040157 91.417 32.9188
924.692655 91.449 33.2126
931.393359 91.482 33.5025
938.142619 91.517 33.7846
944.940787 91.552 34.0569
951.788218 91.588 34.3203
958.685268 91.623 34.5774
965.632296 91.659 34.8309
972.629666 91.695 35.0836
979.677741 91.730 35.3361
986.776890 91.767 35.5878
993.927482 91.803 35.8393
1001.129891 91.840 36.0945
1008.384491 91.878 36.3569
1015.691660 91.918 36.6261
1023.051781 91.961 36.8972
1030.465236 92.007 37.1626
1037.932411 92.058 37.4103
1045.453698 92.111 37.6279
1053.029486 92.165 37.8100
1060.660172 92.218 37.9603
1068.346153 92.269 38.0881
1076.087829 92.317 38.2032
1083.885605 92.364 38.3125
1091.739887 92.408 38.4183
1099.651084 92.452 38.5207
1107.619609 92.494 38.6200
1115.645878 92.535 38.7169
1123.730308 92.574 38.8126
1131.873321 92.613 38.9086
1140.075341 92.651 39.0058
1148.336797 92.689 39.1049
1156.658119 92.726 39.2064
1165.039741 92.763 39.3111
1173.482099 92.800 39.4205
1181.985634 92.839 39.5340
1190.550789 92.880 39.6460
1199.178011 92.924 39.7456
1207.867749 92.969 39.8215
1216.620457 93.014 39.8679
1225.436590 93.056 39.8884
1234.316609 93.095 39.8915
1243.260976 93.131 39.8869
1252.270157 93.163 39.8827
1261.344623 93.193 39.8836
1270.484846 93.220 39.8910
1279.691303 93.246 39.9063
1288.964474 93.270 39.9312
1298.304842 93.293 39.9656
1307.712894 93.316 40.0070
1317.189120 93.338 40.0520
1326.734016 93.360 40.0986
1336.348077 93.380 40.1477
1346.031806 93.399 40.2027
1355.785708 93.416 40.2679
1365.610290 93.432 40.3475
1375.506065 93.446 40.4464
1385.473549 93.461 40.5698
1395.513261 93.476 40.7193
1405.625726 93.495 40.8902
1415.811469 93.517 41.0713
1426.071023 93.543 41.2492
1436.404921 93.571 41.4155
1446.813703 93.600 41.5708
1457.297912 93.628 41.7218
1467.858093 93.656 41.8761
1478.494798 93.683 42.0391
1489.208581 93.711 42.2149
1500.000000 93.741 42.4059
1510.869618 93.772 42.6127
1521.818002 93.806 42.8343
1532.845723 93.843 43.0676
1543.953355 93.886 43.3075
1555.141477 93.934 43.5471
1566.410674 93.989 43.7745
1577.761531 94.050 43.9722
1589.194642 94.116 44.1216
1600.710601 94.183 44.2119
1612.310010 94.249 44.2440
1623.993473 94.312 44.2274
1635.761599 94.371 44.1754
1647.615002 94.424 44.1012
1659.554299 94.472 44.0163
1671.580114 94.516 43.9304
1683.693072 94.556 43.8491
1695.893807 94.593 43.7740
1708.182952 94.628 43.7056
1720.561150 94.659 43.6459
1733.029045 94.689 43.5986
1745.587288 94.716 43.5689
1758.236533 94.741 43.5631
1770.977440 94.767 43.5861
1783.810673 94.794 43.6364
1796.736900 94.826 43.7043
1809.756796 94.861 43.7748
1822.871040 94.899 43.8363
1836.080315 94.939 43.8844
1849.385310 94.980 43.9202
1862.786718 95.020 43.9470
1876.285239 95.061 43.9692
1889.881575 95.102 43.9916
1903.576436 95.142 44.0187
1917.370535 95.184 44.0539
1931.264593 95.228 44.0980
1945.259332 95.275 44.1469
1959.355483 95.326 44.1889
1973.553781 95.382 44.2082
1987.854965 95.440 44.1924
2002.259781 95.499 44.1377
2016.768981 95.557 44.0470
2031.383320 95.613 43.9266
2046.103561 95.666 43.7847
2060.930471 95.716 43.6281
2075.864823 95.764 43.4613
2090.907395 95.808 43.2873
2106.058972 95.850 43.1099
2121.320344 95.889 42.9357
2136.692305 95.925 42.7735
2152.175658 95.960 42.6313
2167.771210 95.996 42.5108
2183.479774 96.034 42.4040
2199.302169 96.076 42.2975
2215.239219 96.120 42.1795
2231.291755 96.166 42.0435
2247.460615 96.213 41.8878
2263.746641 96.259 41.7149
2280.150683 96.305 41.5303
2296.673595 96.352 41.3404
2313.316238 96.399 41.1486
2330.079481 96.449 40.9519
2346.964198 96.502 40.7374
2363.971268 96.559 40.4871
2381.101578 96.617 40.1857
2398.356022 96.675 39.8249
2415.735498 96.729 39.4042
2433.240913 96.778 38.9295
2450.873180 96.821 38.4109
2468.633217 96.855 37.8599
2486.521951 96.881 37.2907
2504.540314 96.897 36.7201
2522.689246 96.905 36.1675
2540.969692 96.905 35.6506
2559.382606 96.902 35.1779
2577.928947 96.898 34.7469
2596.609683 96.894 34.3482
2615.425787 96.892 33.9704
2634.378241 96.891 33.6033
2653.468031 96.892 33.2397
2672.696154 96.893 32.8758
2692.063613 96.896 32.5098
2711.571415 96.900 32.1383
2731.220579 96.906 31.7521
2751.012130 96.914 31.3384
2770.947098 96.922 30.8863
2791.026522 96.927 30.3909
2811.251451 96.929 29.8542
2831.622938 96.924 29.2826
2852.142045 96.913 28.6851
2872.809842 96.894 28.0726
2893.627406 96.867 27.4596
2914.595823 96.831 26.8632
2935.716186 96.789 26.2984
2956.989596 96.742 25.7717
2978.417161 96.691 25.2820
3000.000000 96.639 24.8245
3021.739237 96.584 24.3950
3043.636005 96.528 23.9928
3065.691446 96.469 23.6216
3087.906710 96.409 23.2872
3110.282955 96.350 22.9911
3132.821347 96.292 22.7270
3155.523062 96.237 22.4833
3178.389283 96.185 22.2483
3201.421202 96.135 22.0126
3224.620020 96.086 21.7697
3247.986946 96.036 21.5159
3271.523198 95.984 21.2526
3295.230004 95.930 20.9871
3319.108599 95.871 20.7301
3343.160228 95.810 20.4888
3367.386145 95.747 20.2646
3391.787613 95.681 20.0556
3416.365904 95.614 19.8607
3441.122300 95.543 19.6838
3466.058091 95.469 19.5341
3491.174576 95.392 19.4212
3516.473066 95.314 19.3496
3541.954880 95.236 19.3168
3567.621345 95.160 19.3169
3593.473800 95.084 19.3434
3619.513592 95.010 19.3905
3645.742080 94.935 19.4546
3672.160630 94.859 19.5384
3698.770620 94.782 19.6505
3725.573436 94.705 19.7996
3752.570477 94.627 19.9889
3779.763150 94.552 20.2166
3807.152872 94.478 20.4798
3834.741071 94.405 20.7805
3862.529185 94.335 21.1267
3890.518664 94.267 21.5262
3918.710966 94.205 21.9805
3947.107561 94.150 22.4835
3975.709929 94.103 23.0238
4004.519563 94.066 23.5872
4033.537962 94.039 24.1591
4062.766641 94.020 24.7304
4092.207123 94.010 25.2983
4121.860942 94.008 25.8605
4151.729646 94.015 26.4105
4181.814790 94.030 26.9379
4212.117944 94.053 27.4344
4242.640687 94.082 27.8987
4273.384610 94.117 28.3338
4304.351317 94.158 28.7399
4335.542421 94.207 29.1114
4366.959549 94.262 29.4375
4398.604338 94.324 29.7041
4430.478438 94.391 29.8989
4462.583511 94.460 30.0168
4494.921231 94.530 30.0602
4527.493283 94.600 30.0328
4560.301365 94.667 29.9364
4593.347189 94.730 29.7736
4626.632476 94.789 29.5525
4660.158962 94.841 29.2863
4693.928395 94.888 28.9878
4727.942535 94.930 28.6643
4762.203156 94.968 28.3169
4796.712043 95.003 27.9409
4831.470996 95.034 27.5311
4866.481826 95.060 27.0871
4901.746360 95.080 26.6122
4937.266434 95.094 26.1089
4973.043902 95.101 25.5791
5009.080628 95.099 25.0279
5045.378492 95.090 24.4665
5081.939384 95.071 23.9083
5118.765212 95.045 23.3639
5155.857894 95.013 22.8370
5193.219366 94.975 22.3246
5230.851574 94.932 21.8211
5268.756481 94.883 21.3248
5306.936062 94.827 20.8369
5345.392309 94.763 20.3599
5384.127225 94.690 19.8982
5423.142830 94.607 19.4622
5462.441159 94.511 19.0699
5502.024259 94.402 18.7470
5541.894195 94.279 18.5278
5582.053045 94.143 18.4540
5622.502902 93.998 18.5753
5663.245876 93.852 18.9438
5704.284090 93.716 19.5900
5745.619684 93.606 20.4918
5787.254813 93.534 21.5656
5829.191647 93.503 22.6945
5871.432373 93.511 23.7700
5913.979192 93.547 24.7206
5956.834323 93.601 25.5145
6000.000000 93.665 26.1510
6043.478473 93.731 26.6504
6087.272010 93.796 27.0417
6131.382892 93.858 27.3509
6175.813420 93.916 27.5970
6220.565910 93.970 27.7949
6265.642695 94.021 27.9589
6311.046124 94.069 28.1023
6356.778566 94.116 28.2338
6402.842404 94.163 28.3558
6449.240040 94.212 28.4650
6495.973891 94.265 28.5527
6543.046396 94.320 28.6054
6590.460007 94.378 28.6102
6638.217197 94.435 28.5622
6686.320456 94.489 28.4695
6734.772290 94.539 28.3528
6783.575226 94.585 28.2391
6832.731809 94.629 28.1519
6882.244600 94.676 28.1020
6932.116181 94.729 28.0836
6982.349153 94.790 28.0799
7032.946133 94.863 28.0713
7083.909760 94.948 28.0394
7135.242690 95.046 27.9656
7186.947600 95.158 27.8292
7239.027185 95.285 27.6057
7291.484160 95.426 27.2653
7344.321260 95.581 26.7726
7397.541239 95.746 26.0922
7451.146872 95.917 25.1940
7505.140954 96.089 24.0566
7559.526299 96.255 22.6652
7614.305743 96.411 21.0121
7669.482141 96.549 19.0954
7725.058371 96.663 16.9193
7781.037328 96.746 14.4973
7837.421932 96.788 11.8582
7894.215122 96.784 9.0495
7951.419859 96.728 6.1341
8009.039125 96.616 3.1849
8067.075924 96.448 0.2783
8125.533282 96.225 -2.5151
8184.414245 95.953 -5.1345
8243.721885 95.634 -7.5284
8303.459292 95.274 -9.6521
8363.629581 94.879 -11.4691
8424.235888 94.455 -12.9515
8485.281374 94.013 -14.0841
8546.769221 93.559 -14.8679
8608.702634 93.101 -15.3192
8671.084842 92.648 -15.4612
8733.919097 92.202 -15.3184
8797.208675 91.768 -14.9124
8860.956876 91.350 -14.2620
8925.167022 90.951 -13.3884
8989.842461 90.575 -12.3195
9054.986566 90.223 -11.0861
9120.602731 89.897 -9.7163
9186.694378 89.596 -8.2313
9253.264952 89.321 -6.6441
9320.317925 89.073 -4.9659
9387.856790 88.852 -3.2125
9455.885071 88.659 -1.4047
9524.406312 88.494 0.4360
9593.424086 88.357 2.2923
9662.941992 88.247 4.1546
9732.963653 88.165 6.0138
9803.492719 88.110 7.8551
9874.532869 88.084 9.6569
9946.087805 88.086 11.3951
10018.161257 88.113 13.0500
10090.756983 88.165 14.6077
10163.878768 88.241 16.0535
10237.530423 88.339 17.3666
10311.715789 88.457 18.5214
10386.438732 88.592 19.4939
10461.703149 88.738 20.2690
10537.512962 88.892 20.8382
10613.872125 89.048 21.1941
10690.784618 89.201 21.3295
10768.254450 89.345 21.2411
10846.285661 89.472 20.9393
10924.882318 89.574 20.4515
11004.048518 89.645 19.8195
11083.788390 89.681 19.0956
11164.106090 89.678 18.3404
11245.005805 89.638 17.6207
11326.491752 89.562 17.0020
11408.568180 89.455 16.5395
11491.239368 89.325 16.2724
11574.509626 89.178 16.2261
11658.383294 89.021 16.4187
11742.864745 88.862 16.8622
11827.958384 88.708 17.5568
11913.668646 88.569 18.4825
12000.000000 88.455 19.5975
12086.956947 88.371 20.8460
12174.544019 88.323 22.1665
12262.765784 88.313 23.4958
12351.626840 88.342 24.7710
12441.131819 88.407 25.9371
12531.285389 88.505 26.9577
12622.092249 88.630 27.8169
12713.557132 88.781 28.5136
12805.684808 88.953 29.0537
12898.480079 89.146 29.4491
12991.947783 89.357 29.7167
13086.092792 89.589 29.8716
13180.920015 89.845 29.9166
13276.434395 90.128 29.8405
13372.640911 90.441 29.6206
13469.544580 90.787 29.2232
13567.150452 91.169 28.5998
13665.463617 91.584 27.6881
13764.489200 92.030 26.4205
13864.232362 92.497 24.7322
13964.698305 92.976 22.5652
14065.892266 93.452 19.8725
14167.819519 93.908 16.6276
14270.485380 94.326 12.8343
14373.895200 94.688 8.5288
14478.054370 94.979 3.7819
14582.968320 95.185 -1.3005
14688.642520 95.302 -6.5846
14795.082478 95.334 -11.9345
14902.293745 95.294 -17.2422
15010.281908 95.202 -22.4402
15119.052599 95.080 -27.5102
15228.611486 94.952 -32.4963
15338.964283 94.838 -37.5029
15450.116741 94.750 -42.6753
15562.074656 94.686 -48.1723
15674.843864 94.630 -54.1382
15788.430244 94.553 -60.6718
15902.839718 94.415 -67.7962
16018.078250 94.175 -75.4386
16134.151848 93.795 -83.4295
16251.066563 93.245 -91.5219
16368.828491 92.513 -99.4273
16487.443769 91.597 -106.8587
16606.918584 90.509 -113.5695
16727.259161 89.271 -119.3729
16848.471777 87.910 -124.1469
16970.562748 86.455 -127.8351
17093.538442 84.937 -130.4432
17217.405268 83.389 -132.0289
17342.169684 81.840 -132.6872
17467.838194 80.315 -132.5349
17594.417350 78.836 -131.6956
17721.913751 77.420 -130.2874
17850.334044 76.079 -128.4169
17979.684923 74.817 -126.1741
18109.973131 73.639 -123.6280
18241.205462 72.545 -120.8319
18373.388756 71.536 -117.8385
18506.529905 70.614 -114.7182
18640.635849 69.783 -111.5779
18775.713581 69.041 -108.5602
18911.770141 68.385 -105.8089
19048.812624 67.802 -103.4274
19186.848172 67.275 -101.4587
19325.883983 66.790 -99.8896
19465.927305 66.339 -98.6755
19606.985439 65.928 -97.7682
19749.065738 65.576 -97.1294
19892.175609 65.312 -96.7296
20036.322514 65.170 -96.5412
