* Measurement data measured by REW V5.31.3
* Source: EXCL: Microphone (USB Sound Device        ), MICROPHONE (Master Volume), R, volume: 0.390
* Format: 256k Log Swept Sine, 1 sweep at -12.0 dBFS with no timing reference
* Dated: Apr 8, 2025 11:58:41 PM
* REW Settings:
*  C-weighting compensation: Off
*  Target level: 75.0 dB
* Note: Ziigaat Lush R
* Measurement: R Ziigaat Lush
* Smoothing: 1/12 octave
* Frequency Step: 96 ppo
* Start Frequency: 0.36621094 Hz
*
* Freq(Hz) SPL(dB) Phase(degrees)
0.366211 90.533 175.7479
0.368865 90.534 175.7388
0.371538 90.535 175.7251
0.374230 90.537 175.7082
0.376942 90.539 175.6888
0.379673 90.541 175.6677
0.382424 90.543 175.6454
0.385196 90.545 175.6221
0.387987 90.547 175.5981
0.390798 90.549 175.5734
0.393630 90.552 175.5480
0.396483 90.554 175.5220
0.399356 90.556 175.4954
0.402250 90.559 175.4681
0.405165 90.561 175.4402
0.408101 90.564 175.4117
0.411058 90.566 175.3826
0.414037 90.568 175.3528
0.417037 90.571 175.3224
0.420059 90.573 175.2913
0.423103 90.576 175.2595
0.426169 90.578 175.2271
0.429257 90.581 175.1939
0.432368 90.583 175.1601
0.435501 90.586 175.1256
0.438656 90.588 175.0904
0.441835 90.591 175.0545
0.445037 90.594 175.0179
0.448262 90.596 174.9805
0.451510 90.599 174.9424
0.454782 90.602 174.9036
0.458077 90.604 174.8640
0.461397 90.607 174.8237
0.464740 90.610 174.7826
0.468108 90.612 174.7408
0.471500 90.615 174.6981
0.474917 90.618 174.6547
0.478358 90.621 174.6105
0.481825 90.624 174.5655
0.485316 90.626 174.5197
0.488833 90.629 174.4731
0.492375 90.632 174.4256
0.495943 90.635 174.3774
0.499537 90.638 174.3283
0.503157 90.641 174.2784
0.506803 90.644 174.2276
0.510475 90.647 174.1759
0.514175 90.650 174.1235
0.517900 90.653 174.0701
0.521653 90.656 174.0159
0.525434 90.659 173.9608
0.529241 90.662 173.9048
0.533076 90.665 173.8479
0.536939 90.668 173.7901
0.540830 90.672 173.7314
0.544749 90.675 173.6718
0.548696 90.678 173.6112
0.552673 90.681 173.5498
0.556677 90.684 173.4874
0.560711 90.688 173.4240
0.564774 90.691 173.3598
0.568867 90.694 173.2945
0.572989 90.698 173.2284
0.577141 90.701 173.1612
0.581324 90.705 173.0931
0.585536 90.708 173.0240
0.589779 90.711 172.9539
0.594053 90.715 172.8829
0.598358 90.718 172.8109
0.602694 90.722 172.7378
0.607061 90.726 172.6638
0.611460 90.729 172.5887
0.615891 90.733 172.5126
0.620354 90.736 172.4356
0.624849 90.740 172.3575
0.629377 90.744 172.2783
0.633938 90.747 172.1981
0.638532 90.751 172.1169
0.643159 90.755 172.0347
0.647819 90.759 171.9514
0.652514 90.762 171.8670
0.657242 90.766 171.7816
0.662005 90.770 171.6951
0.666802 90.774 171.6076
0.671634 90.778 171.5189
0.676501 90.782 171.4292
0.681403 90.786 171.3385
0.686341 90.790 171.2466
0.691314 90.794 171.1536
0.696324 90.798 171.0596
0.701370 90.802 170.9644
0.706452 90.806 170.8681
0.711571 90.810 170.7706
0.716728 90.814 170.6719
0.721921 90.819 170.5720
0.727153 90.822 170.4707
0.732422 90.826 170.3679
0.737729 90.830 170.2635
0.743075 90.833 170.1573
0.748460 90.837 170.0492
0.753883 90.840 169.9391
0.759346 90.843 169.8270
0.764849 90.847 169.7127
0.770391 90.850 169.5964
0.775974 90.853 169.4779
0.781597 90.857 169.3573
0.787261 90.860 169.2346
0.792966 90.863 169.1097
0.798712 90.867 168.9827
0.804500 90.870 168.8537
0.810329 90.873 168.7225
0.816201 90.877 168.5892
0.822116 90.880 168.4538
0.828073 90.883 168.3164
0.834074 90.887 168.1769
0.840118 90.890 168.0354
0.846206 90.893 167.8918
0.852338 90.897 167.7462
0.858514 90.900 167.5986
0.864735 90.903 167.4490
0.871001 90.906 167.2975
0.877313 90.910 167.1440
0.883670 90.913 166.9886
0.890074 90.916 166.8313
0.896524 90.919 166.6721
0.903020 90.922 166.5110
0.909564 90.925 166.3481
0.916155 90.928 166.1834
0.922794 90.931 166.0170
0.929481 90.933 165.8488
0.936216 90.936 165.6788
0.943000 90.939 165.5072
0.949834 90.941 165.3340
0.956717 90.944 165.1591
0.963649 90.946 164.9827
0.970632 90.948 164.8047
0.977666 90.951 164.6252
0.984750 90.953 164.4443
0.991886 90.955 164.2619
0.999074 90.956 164.0782
1.006314 90.958 163.8931
1.013606 90.960 163.7067
1.020951 90.961 163.5191
1.028349 90.962 163.3303
1.035801 90.963 163.1403
1.043307 90.964 162.9492
1.050867 90.965 162.7571
1.058482 90.965 162.5639
1.066152 90.966 162.3696
1.073878 90.966 162.1742
1.081660 90.966 161.9777
1.089498 90.965 161.7798
1.097393 90.965 161.5804
1.105345 90.964 161.3790
1.113355 90.963 161.1753
1.121423 90.962 160.9691
1.129549 90.961 160.7602
1.137734 90.960 160.5483
1.145979 90.958 160.3335
1.154283 90.956 160.1157
1.162647 90.954 159.8948
1.171072 90.952 159.6710
1.179558 90.949 159.4442
1.188106 90.947 159.2145
1.196715 90.944 158.9819
1.205387 90.941 158.7465
1.214122 90.937 158.5082
1.222920 90.934 158.2673
1.231782 90.930 158.0236
1.240708 90.926 157.7773
1.249699 90.922 157.5285
1.258754 90.918 157.2772
1.267876 90.913 157.0235
1.277063 90.908 156.7675
1.286318 90.903 156.5093
1.295639 90.898 156.2490
1.305027 90.892 155.9866
1.314484 90.886 155.7223
1.324009 90.880 155.4561
1.333604 90.873 155.1883
1.343268 90.867 154.9189
1.353002 90.860 154.6481
1.362806 90.852 154.3759
1.372681 90.845 154.1026
1.382628 90.837 153.8282
1.392647 90.829 153.5530
1.402739 90.820 153.2771
1.412904 90.811 153.0005
1.423142 90.802 152.7234
1.433455 90.793 152.4459
1.443843 90.783 152.1678
1.454305 90.773 151.8890
1.464844 90.762 151.6092
1.475459 90.751 151.3279
1.486150 90.740 151.0447
1.496920 90.728 150.7592
1.507767 90.716 150.4713
1.518693 90.703 150.1805
1.529698 90.689 149.8871
1.540783 90.675 149.5908
1.551948 90.661 149.2918
1.563194 90.646 148.9902
1.574521 90.631 148.6859
1.585931 90.615 148.3793
1.597423 90.599 148.0702
1.608999 90.583 147.7590
1.620658 90.566 147.4457
1.632402 90.548 147.1306
1.644232 90.531 146.8137
1.656146 90.513 146.4952
1.668147 90.494 146.1755
1.680235 90.475 145.8546
1.692411 90.456 145.5329
1.704675 90.437 145.2106
1.717028 90.417 144.8878
1.729470 90.398 144.5651
1.742003 90.377 144.2425
1.754626 90.357 143.9204
1.767341 90.337 143.5991
1.780147 90.316 143.2790
1.793047 90.295 142.9601
1.806040 90.274 142.6427
1.819128 90.253 142.3269
1.832310 90.231 142.0125
1.845587 90.209 141.6993
1.858961 90.186 141.3871
1.872432 90.163 141.0756
1.886001 90.140 140.7646
1.899667 90.115 140.4540
1.913433 90.091 140.1437
1.927299 90.065 139.8336
1.941265 90.040 139.5238
1.955332 90.014 139.2142
1.969501 89.987 138.9050
1.983773 89.960 138.5961
1.998148 89.934 138.2877
2.012627 89.907 137.9799
2.027212 89.880 137.6727
2.041902 89.853 137.3664
2.056698 89.826 137.0611
2.071602 89.799 136.7570
2.086614 89.773 136.4543
2.101734 89.747 136.1532
2.116964 89.722 135.8542
2.132304 89.697 135.5574
2.147756 89.673 135.2634
2.163320 89.650 134.9726
2.178996 89.627 134.6855
2.194786 89.605 134.4028
2.210690 89.583 134.1252
2.226710 89.562 133.8530
2.242845 89.541 133.5867
2.259098 89.520 133.3264
2.275468 89.500 133.0719
2.291957 89.479 132.8229
2.308566 89.460 132.5790
2.325295 89.440 132.3399
2.342145 89.422 132.1050
2.359117 89.404 131.8738
2.376212 89.387 131.6457
2.393431 89.371 131.4200
2.410775 89.356 131.1963
2.428244 89.342 130.9738
2.445840 89.330 130.7520
2.463564 89.319 130.5302
2.481416 89.310 130.3081
2.499397 89.303 130.0854
2.517509 89.298 129.8620
2.535752 89.295 129.6382
2.554127 89.294 129.4150
2.572635 89.295 129.1935
2.591277 89.299 128.9751
2.610055 89.304 128.7610
2.628968 89.312 128.5516
2.648019 89.322 128.3468
2.667208 89.334 128.1461
2.686535 89.348 127.9487
2.706003 89.364 127.7531
2.725612 89.382 127.5582
2.745363 89.402 127.3624
2.765257 89.424 127.1641
2.785295 89.449 126.9617
2.805478 89.475 126.7536
2.825808 89.504 126.5383
2.846285 89.534 126.3143
2.866910 89.567 126.0807
2.887685 89.602 125.8367
2.908611 89.640 125.5823
2.929688 89.680 125.3181
2.950917 89.723 125.0455
2.972301 89.768 124.7658
2.993839 89.817 124.4799
3.015534 89.868 124.1884
3.037386 89.922 123.8912
3.059396 89.979 123.5877
3.081565 90.038 123.2773
3.103896 90.099 122.9588
3.126388 90.163 122.6312
3.149043 90.228 122.2932
3.171862 90.295 121.9436
3.194847 90.363 121.5812
3.217998 90.432 121.2049
3.241317 90.502 120.8138
3.264805 90.574 120.4071
3.288463 90.646 119.9848
3.312293 90.720 119.5471
3.336295 90.795 119.0947
3.360471 90.871 118.6285
3.384822 90.949 118.1494
3.409350 91.029 117.6583
3.434056 91.110 117.1560
3.458940 91.192 116.6430
3.484005 91.274 116.1200
3.509252 91.358 115.5872
3.534681 91.442 115.0450
3.560295 91.526 114.4933
3.586094 91.610 113.9320
3.612081 91.693 113.3608
3.638255 91.777 112.7790
3.664620 91.859 112.1861
3.691175 91.942 111.5815
3.717923 92.024 110.9651
3.744864 92.107 110.3372
3.772001 92.189 109.6989
3.799335 92.270 109.0517
3.826866 92.352 108.3971
3.854597 92.433 107.7369
3.882529 92.513 107.0727
3.910664 92.593 106.4061
3.939002 92.672 105.7383
3.967546 92.750 105.0698
3.996296 92.827 104.4007
4.025255 92.903 103.7304
4.054423 92.978 103.0581
4.083804 93.051 102.3827
4.113396 93.123 101.7041
4.143204 93.194 101.0227
4.173227 93.265 100.3399
4.203468 93.334 99.6573
4.233928 93.401 98.9771
4.264609 93.468 98.3012
4.295512 93.534 97.6317
4.326639 93.599 96.9699
4.357992 93.663 96.3167
4.389572 93.726 95.6723
4.421380 93.787 95.0361
4.453419 93.848 94.4072
4.485691 93.907 93.7851
4.518196 93.965 93.1698
4.550936 94.022 92.5620
4.583914 94.078 91.9625
4.617131 94.133 91.3728
4.650589 94.188 90.7943
4.684289 94.243 90.2283
4.718233 94.297 89.6759
4.752424 94.351 89.1378
4.786862 94.405 88.6140
4.821549 94.458 88.1043
4.856488 94.511 87.6081
4.891680 94.564 87.1248
4.927127 94.616 86.6539
4.962831 94.669 86.1951
4.998794 94.722 85.7483
5.035017 94.776 85.3133
5.071503 94.830 84.8903
5.108253 94.886 84.4796
5.145270 94.942 84.0814
5.182555 94.999 83.6957
5.220110 95.056 83.3222
5.257937 95.115 82.9599
5.296038 95.175 82.6076
5.334415 95.235 82.2637
5.373071 95.297 81.9266
5.412006 95.360 81.5951
5.451224 95.423 81.2682
5.490725 95.488 80.9453
5.530514 95.555 80.6264
5.570590 95.622 80.3113
5.610957 95.691 79.9995
5.651616 95.761 79.6903
5.692570 95.831 79.3822
5.733821 95.903 79.0739
5.775370 95.975 78.7639
5.817221 96.047 78.4511
5.859375 96.120 78.1347
5.901834 96.193 77.8144
5.944602 96.266 77.4903
5.987679 96.339 77.1625
6.031068 96.413 76.8310
6.074771 96.486 76.4958
6.118792 96.558 76.1566
6.163131 96.630 75.8131
6.207792 96.701 75.4651
6.252776 96.771 75.1124
6.298086 96.840 74.7551
6.343725 96.907 74.3937
6.389694 96.974 74.0289
6.435996 97.039 73.6618
6.482634 97.102 73.2933
6.529610 97.164 72.9245
6.576926 97.224 72.5557
6.624585 97.283 72.1872
6.672590 97.339 71.8195
6.720942 97.394 71.4528
6.769645 97.447 71.0882
6.818700 97.498 70.7267
6.868111 97.548 70.3696
6.917881 97.595 70.0178
6.968010 97.642 69.6719
7.018504 97.686 69.3323
7.069362 97.730 68.9991
7.120590 97.772 68.6723
7.172189 97.812 68.3523
7.224161 97.852 68.0394
7.276511 97.890 67.7339
7.329239 97.928 67.4360
7.382350 97.966 67.1457
7.435845 98.002 66.8626
7.489729 98.038 66.5861
7.544002 98.074 66.3154
7.598669 98.110 66.0497
7.653732 98.145 65.7883
7.709194 98.181 65.5306
7.765058 98.216 65.2759
7.821327 98.252 65.0236
7.878004 98.287 64.7726
7.935091 98.323 64.5217
7.992592 98.358 64.2698
8.050510 98.394 64.0157
8.108847 98.429 63.7587
8.167607 98.465 63.4984
8.226793 98.500 63.2342
8.286408 98.534 62.9654
8.346454 98.569 62.6916
8.406936 98.602 62.4121
8.467856 98.635 62.1268
8.529218 98.667 61.8354
8.591024 98.698 61.5382
8.653278 98.728 61.2355
8.715983 98.757 60.9276
8.779143 98.784 60.6149
8.842760 98.811 60.2976
8.906839 98.836 59.9763
8.971381 98.859 59.6514
9.036392 98.882 59.3237
9.101873 98.903 58.9940
9.167829 98.922 58.6628
9.234263 98.941 58.3306
9.301178 98.958 57.9978
9.368578 98.974 57.6646
9.436467 98.990 57.3316
9.504847 99.004 56.9988
9.573723 99.018 56.6666
9.643099 99.032 56.3348
9.712976 99.045 56.0031
9.783361 99.058 55.6713
9.854255 99.070 55.3390
9.925663 99.083 55.0058
9.997588 99.095 54.6712
10.070035 99.108 54.3346
10.143007 99.120 53.9955
10.216507 99.133 53.6532
10.290540 99.146 53.3072
10.365109 99.159 52.9570
10.440219 99.172 52.6022
10.515873 99.185 52.2427
10.592076 99.198 51.8781
10.668830 99.211 51.5084
10.746141 99.224 51.1335
10.824012 99.237 50.7538
10.902447 99.250 50.3695
10.981451 99.263 49.9812
11.061027 99.275 49.5891
11.141180 99.287 49.1938
11.221913 99.299 48.7960
11.303232 99.310 48.3963
11.385140 99.322 47.9951
11.467641 99.333 47.5932
11.550741 99.345 47.1908
11.634442 99.356 46.7885
11.718750 99.368 46.3865
11.803669 99.380 45.9851
11.889203 99.392 45.5845
11.975357 99.405 45.1847
12.062136 99.418 44.7857
12.149543 99.432 44.3874
12.237583 99.446 43.9897
12.326262 99.460 43.5927
12.415583 99.475 43.1962
12.505552 99.491 42.8003
12.596172 99.506 42.4049
12.687449 99.522 42.0103
12.779387 99.539 41.6166
12.871992 99.555 41.2242
12.965268 99.572 40.8334
13.059220 99.589 40.4448
13.153852 99.606 40.0587
13.249170 99.622 39.6758
13.345179 99.639 39.2965
13.441884 99.656 38.9213
13.539289 99.673 38.5505
13.637401 99.689 38.1846
13.736223 99.706 37.8238
13.835761 99.723 37.4681
13.936021 99.740 37.1175
14.037007 99.756 36.7719
14.138725 99.773 36.4313
14.241180 99.790 36.0953
14.344377 99.807 35.7636
14.448323 99.823 35.4360
14.553021 99.839 35.1123
14.658478 99.856 34.7922
14.764700 99.871 34.4756
14.871691 99.886 34.1625
14.979457 99.901 33.8530
15.088005 99.915 33.5470
15.197339 99.928 33.2447
15.307465 99.941 32.9462
15.418389 99.952 32.6517
15.530117 99.963 32.3612
15.642655 99.973 32.0747
15.756008 99.983 31.7920
15.870182 99.991 31.5130
15.985184 99.999 31.2373
16.101019 100.007 30.9644
16.217694 100.013 30.6937
16.335214 100.019 30.4247
16.453586 100.024 30.1568
16.572815 100.029 29.8894
16.692909 100.033 29.6219
16.813872 100.036 29.3538
16.935713 100.038 29.0849
17.058436 100.040 28.8149
17.182048 100.040 28.5435
17.306556 100.040 28.2707
17.431967 100.039 27.9964
17.558286 100.037 27.7206
17.685521 100.035 27.4432
17.813677 100.031 27.1640
17.942762 100.028 26.8828
18.072783 100.023 26.5995
18.203746 100.019 26.3135
18.335658 100.014 26.0247
18.468526 100.008 25.7328
18.602356 100.003 25.4373
18.737156 99.997 25.1383
18.872934 99.991 24.8355
19.009695 99.984 24.5292
19.147447 99.978 24.2193
19.286197 99.972 23.9063
19.425953 99.965 23.5906
19.566721 99.959 23.2724
19.708510 99.952 22.9523
19.851326 99.946 22.6306
19.995177 99.940 22.3076
20.140070 99.935 21.9836
20.286013 99.930 21.6587
20.433014 99.925 21.3333
20.581080 99.921 21.0073
20.730219 99.917 20.6812
20.880439 99.914 20.3551
21.031747 99.911 20.0295
21.184152 99.909 19.7047
21.337661 99.907 19.3814
21.492282 99.906 19.0601
21.648024 99.905 18.7414
21.804895 99.904 18.4256
21.962902 99.903 18.1134
22.122054 99.903 17.8048
22.282360 99.903 17.5003
22.443827 99.903 17.1999
22.606464 99.903 16.9037
22.770280 99.904 16.6117
22.935283 99.904 16.3240
23.101481 99.904 16.0408
23.268884 99.904 15.7620
23.437500 99.903 15.4879
23.607338 99.902 15.2184
23.778406 99.901 14.9536
23.950714 99.899 14.6933
24.124271 99.897 14.4373
24.299086 99.894 14.1850
24.475167 99.891 13.9360
24.652524 99.887 13.6898
24.831166 99.882 13.4455
25.011103 99.877 13.2027
25.192344 99.871 12.9609
25.374898 99.865 12.7195
25.558775 99.857 12.4782
25.743984 99.849 12.2366
25.930536 99.840 11.9944
26.118439 99.831 11.7512
26.307704 99.821 11.5067
26.498341 99.810 11.2604
26.690359 99.799 11.0122
26.883768 99.788 10.7615
27.078579 99.776 10.5083
27.274801 99.763 10.2524
27.472446 99.751 9.9937
27.671522 99.738 9.7323
27.872042 99.726 9.4684
28.074014 99.713 9.2020
28.277450 99.701 8.9334
28.482360 99.688 8.6627
28.688755 99.676 8.3902
28.896645 99.664 8.1162
29.106042 99.653 7.8412
29.316957 99.642 7.5655
29.529400 99.631 7.2896
29.743382 99.620 7.0142
29.958915 99.610 6.7396
30.176009 99.600 6.4664
30.394677 99.591 6.1951
30.614929 99.582 5.9260
30.836778 99.573 5.6596
31.060234 99.564 5.3962
31.285309 99.555 5.1362
31.512015 99.546 4.8800
31.740364 99.537 4.6275
31.970368 99.528 4.3788
32.202039 99.519 4.1338
32.435388 99.509 3.8920
32.670428 99.499 3.6531
32.907171 99.489 3.4167
33.145630 99.479 3.1823
33.385817 99.467 2.9498
33.627745 99.455 2.7190
33.871425 99.442 2.4896
34.116871 99.429 2.2617
34.364096 99.415 2.0348
34.613113 99.400 1.8086
34.863934 99.385 1.5826
35.116572 99.369 1.3566
35.371041 99.353 1.1303
35.627354 99.336 0.9035
35.885525 99.319 0.6763
36.145566 99.301 0.4491
36.407492 99.283 0.2222
36.671316 99.265 -0.0041
36.937051 99.247 -0.2296
37.204712 99.230 -0.4543
37.474313 99.212 -0.6780
37.745867 99.195 -0.9012
38.019389 99.178 -1.1240
38.294893 99.162 -1.3466
38.572394 99.146 -1.5691
38.851905 99.130 -1.7916
39.133442 99.115 -2.0140
39.417019 99.099 -2.2361
39.702651 99.084 -2.4576
39.990353 99.069 -2.6781
40.280140 99.053 -2.8975
40.572026 99.037 -3.1155
40.866028 99.021 -3.3318
41.162160 99.005 -3.5461
41.460438 98.988 -3.7582
41.760877 98.970 -3.9679
42.063494 98.952 -4.1751
42.368303 98.934 -4.3798
42.675322 98.915 -4.5823
42.984565 98.896 -4.7830
43.296048 98.877 -4.9823
43.609789 98.857 -5.1804
43.925804 98.838 -5.3777
44.244108 98.818 -5.5744
44.564719 98.797 -5.7704
44.887654 98.777 -5.9657
45.212928 98.756 -6.1601
45.540560 98.735 -6.3535
45.870565 98.714 -6.5456
46.202962 98.693 -6.7364
46.537768 98.672 -6.9259
46.875000 98.650 -7.1139
47.214676 98.629 -7.3004
47.556813 98.607 -7.4853
47.901429 98.586 -7.6682
48.248542 98.563 -7.8490
48.598171 98.541 -8.0275
48.950334 98.519 -8.2037
49.305048 98.496 -8.3778
49.662333 98.473 -8.5499
50.022206 98.450 -8.7201
50.384688 98.426 -8.8885
50.749796 98.402 -9.0551
51.117550 98.378 -9.2197
51.487969 98.354 -9.3819
51.861072 98.330 -9.5414
52.236879 98.306 -9.6979
52.615409 98.281 -9.8514
52.996681 98.257 -10.0020
53.380717 98.233 -10.1496
53.767536 98.210 -10.2946
54.157158 98.187 -10.4370
54.549603 98.164 -10.5770
54.944892 98.141 -10.7154
55.343045 98.119 -10.8527
55.744084 98.097 -10.9899
56.148028 98.076 -11.1279
56.554900 98.054 -11.2671
56.964720 98.032 -11.4078
57.377510 98.010 -11.5500
57.793291 97.987 -11.6937
58.212085 97.964 -11.8388
58.633914 97.940 -11.9849
59.058799 97.916 -12.1315
59.486764 97.891 -12.2779
59.917829 97.865 -12.4236
60.352019 97.840 -12.5683
60.789354 97.814 -12.7118
61.229859 97.787 -12.8540
61.673556 97.761 -12.9945
62.120468 97.734 -13.1329
62.570618 97.707 -13.2689
63.024031 97.680 -13.4025
63.480729 97.652 -13.5333
63.940736 97.624 -13.6613
64.404077 97.596 -13.7858
64.870776 97.567 -13.9065
65.340856 97.538 -14.0234
65.814343 97.509 -14.1365
66.291261 97.479 -14.2463
66.771635 97.449 -14.3532
67.255489 97.419 -14.4574
67.742850 97.389 -14.5592
68.233743 97.358 -14.6590
68.728193 97.328 -14.7568
69.226226 97.297 -14.8525
69.727867 97.267 -14.9458
70.233144 97.237 -15.0367
70.742083 97.206 -15.1249
71.254709 97.176 -15.2098
71.771050 97.145 -15.2911
72.291132 97.115 -15.3683
72.814984 97.084 -15.4414
73.342631 97.054 -15.5109
73.874102 97.024 -15.5772
74.409424 96.994 -15.6407
74.948626 96.964 -15.7018
75.491734 96.934 -15.7605
76.038779 96.904 -15.8170
76.589787 96.874 -15.8715
77.144788 96.845 -15.9245
77.703811 96.816 -15.9769
78.266885 96.787 -16.0295
78.834039 96.759 -16.0835
79.405303 96.731 -16.1396
79.980706 96.702 -16.1986
80.560280 96.674 -16.2610
81.144053 96.644 -16.3272
81.732056 96.614 -16.3971
82.324320 96.583 -16.4697
82.920876 96.551 -16.5433
83.521755 96.517 -16.6154
84.126988 96.481 -16.6834
84.736607 96.444 -16.7442
85.350643 96.407 -16.7957
85.969129 96.368 -16.8363
86.592097 96.329 -16.8655
87.219579 96.290 -16.8835
87.851608 96.251 -16.8914
88.488217 96.212 -16.8902
89.129439 96.174 -16.8813
89.775308 96.137 -16.8659
90.425856 96.100 -16.8452
91.081119 96.063 -16.8205
91.741131 96.027 -16.7929
92.405925 95.992 -16.7629
93.075536 95.957 -16.7309
93.750000 95.922 -16.6966
94.429351 95.888 -16.6599
95.113625 95.853 -16.6204
95.802858 95.819 -16.5781
96.497085 95.785 -16.5326
97.196342 95.751 -16.4839
97.900667 95.717 -16.4317
98.610096 95.684 -16.3758
99.324665 95.650 -16.3156
100.044413 95.616 -16.2501
100.769376 95.583 -16.1785
101.499592 95.550 -16.1006
102.235100 95.518 -16.0172
102.975938 95.487 -15.9296
103.722144 95.456 -15.8392
104.473757 95.427 -15.7478
105.230817 95.398 -15.6567
105.993363 95.370 -15.5668
106.761435 95.342 -15.4788
107.535072 95.315 -15.3932
108.314315 95.287 -15.3102
109.099206 95.260 -15.2297
109.889783 95.232 -15.1520
110.686090 95.204 -15.0771
111.488167 95.176 -15.0049
112.296056 95.146 -14.9348
113.109800 95.115 -14.8646
113.929440 95.083 -14.7914
114.755020 95.049 -14.7110
115.586582 95.014 -14.6189
116.424170 94.979 -14.5108
117.267827 94.943 -14.3844
118.117598 94.908 -14.2398
118.973527 94.875 -14.0796
119.835658 94.844 -13.9079
120.704037 94.816 -13.7296
121.578708 94.789 -13.5493
122.459718 94.764 -13.3708
123.347111 94.741 -13.1960
124.240935 94.718 -13.0258
125.141236 94.696 -12.8598
126.048061 94.674 -12.6971
126.961458 94.653 -12.5368
127.881473 94.633 -12.3780
128.808154 94.612 -12.2202
129.741551 94.592 -12.0631
130.681712 94.572 -11.9071
131.628686 94.553 -11.7526
132.582521 94.534 -11.5998
133.543269 94.514 -11.4486
134.510979 94.495 -11.2982
135.485701 94.475 -11.1473
136.467486 94.455 -10.9944
137.456386 94.434 -10.8385
138.452451 94.414 -10.6788
139.455735 94.395 -10.5155
140.466288 94.376 -10.3496
141.484165 94.357 -10.1820
142.509418 94.340 -10.0136
143.542100 94.322 -9.8448
144.582265 94.306 -9.6755
145.629968 94.289 -9.5058
146.685262 94.272 -9.3353
147.748204 94.255 -9.1631
148.818849 94.238 -8.9880
149.897251 94.220 -8.8085
150.983469 94.202 -8.6229
152.077557 94.184 -8.4297
153.179574 94.167 -8.2275
154.289576 94.151 -8.0165
155.407622 94.137 -7.7992
156.533770 94.125 -7.5799
157.668078 94.115 -7.3639
158.810606 94.106 -7.1554
159.961413 94.099 -6.9569
161.120559 94.092 -6.7691
162.288105 94.085 -6.5911
163.464112 94.078 -6.4210
164.648640 94.070 -6.2559
165.841752 94.061 -6.0923
167.043510 94.051 -5.9263
168.253976 94.040 -5.7540
169.473213 94.030 -5.5729
170.701286 94.020 -5.3823
171.938258 94.012 -5.1839
173.184194 94.004 -4.9812
174.439158 93.999 -4.7778
175.703216 93.994 -4.5766
176.976434 93.990 -4.3793
178.258878 93.987 -4.1866
179.550615 93.984 -3.9983
180.851713 93.982 -3.8145
182.162239 93.979 -3.6350
183.482262 93.977 -3.4598
184.811850 93.975 -3.2889
186.151073 93.973 -3.1219
187.500000 93.970 -2.9575
188.858702 93.967 -2.7943
190.227250 93.963 -2.6310
191.605715 93.959 -2.4670
192.994169 93.955 -2.3029
194.392685 93.952 -2.1396
195.801334 93.948 -1.9775
197.220191 93.945 -1.8154
198.649330 93.942 -1.6502
200.088825 93.940 -1.4797
201.538751 93.938 -1.3030
202.999184 93.937 -1.1224
204.470200 93.937 -0.9422
205.951875 93.939 -0.7675
207.444287 93.941 -0.6018
208.947514 93.943 -0.4462
210.461634 93.944 -0.2989
211.986726 93.943 -0.1560
213.522869 93.942 -0.0124
215.070144 93.939 0.1373
216.628631 93.936 0.2977
218.198411 93.934 0.4702
219.779567 93.932 0.6520
221.372180 93.933 0.8373
222.976334 93.935 1.0199
224.592112 93.938 1.1954
226.219600 93.943 1.3626
227.858880 93.947 1.5222
229.510039 93.952 1.6760
231.173164 93.956 1.8252
232.848340 93.961 1.9710
234.535655 93.965 2.1134
236.235197 93.969 2.2518
237.947054 93.973 2.3858
239.671317 93.977 2.5156
241.408074 93.979 2.6428
243.157416 93.980 2.7698
244.919435 93.980 2.8995
246.694223 93.979 3.0348
248.481871 93.978 3.1786
250.282473 93.976 3.3338
252.096123 93.975 3.5019
253.922915 93.976 3.6817
255.762945 93.979 3.8676
257.616309 93.985 4.0499
259.483103 93.993 4.2185
261.363424 94.002 4.3683
263.257372 94.010 4.5012
265.165043 94.017 4.6242
267.086538 94.021 4.7456
269.021957 94.024 4.8725
270.971401 94.026 5.0092
272.934972 94.029 5.1570
274.912771 94.032 5.3148
276.904902 94.036 5.4803
278.911469 94.041 5.6509
280.932577 94.049 5.8235
282.968330 94.058 5.9939
285.018835 94.070 6.1561
287.084199 94.084 6.3026
289.164530 94.098 6.4279
291.259935 94.111 6.5307
293.370525 94.122 6.6166
295.496408 94.131 6.6959
297.637697 94.137 6.7783
299.794503 94.141 6.8705
301.966937 94.144 6.9747
304.155114 94.147 7.0897
306.359147 94.150 7.2126
308.579152 94.155 7.3397
310.815244 94.160 7.4672
313.067539 94.166 7.5928
315.336156 94.172 7.7165
317.621211 94.178 7.8410
319.922826 94.184 7.9694
322.241118 94.191 8.1028
324.576210 94.199 8.2391
326.928223 94.208 8.3744
329.297280 94.219 8.5043
331.683504 94.230 8.6250
334.087019 94.243 8.7339
336.507952 94.255 8.8293
338.946427 94.267 8.9110
341.402572 94.278 8.9809
343.876516 94.288 9.0428
346.368387 94.296 9.1009
348.878315 94.302 9.1583
351.406431 94.308 9.2168
353.952867 94.312 9.2775
356.517756 94.315 9.3408
359.101230 94.318 9.4067
361.703426 94.320 9.4754
364.324478 94.322 9.5471
366.964523 94.323 9.6222
369.623699 94.324 9.7010
372.302145 94.324 9.7839
375.000000 94.325 9.8709
377.717405 94.325 9.9616
380.454501 94.326 10.0555
383.211431 94.327 10.1519
385.988339 94.328 10.2503
388.785369 94.328 10.3508
391.602668 94.329 10.4534
394.440383 94.330 10.5582
397.298660 94.331 10.6649
400.177650 94.333 10.7722
403.077502 94.335 10.8785
405.998368 94.336 10.9822
408.940400 94.338 11.0828
411.903750 94.339 11.1826
414.888575 94.339 11.2848
417.895028 94.339 11.3931
420.923268 94.338 11.5096
423.973452 94.338 11.6349
427.045738 94.339 11.7673
430.140287 94.342 11.9029
433.257261 94.346 12.0370
436.396822 94.351 12.1669
439.559133 94.357 12.2921
442.744360 94.364 12.4126
445.952668 94.372 12.5264
449.184225 94.381 12.6288
452.439199 94.390 12.7138
455.717760 94.397 12.7787
459.020079 94.403 12.8270
462.346327 94.405 12.8694
465.696680 94.403 12.9176
469.071310 94.400 12.9790
472.470394 94.395 13.0552
475.894109 94.391 13.1438
479.342634 94.387 13.2393
482.816148 94.383 13.3364
486.314833 94.378 13.4334
489.838871 94.372 13.5346
493.388445 94.366 13.6472
496.963741 94.360 13.7752
500.564945 94.354 13.9149
504.192245 94.351 14.0587
507.845830 94.348 14.1999
511.525890 94.346 14.3356
515.232618 94.344 14.4666
518.966206 94.341 14.5964
522.726849 94.337 14.7297
526.514743 94.332 14.8710
530.330086 94.328 15.0222
534.173076 94.324 15.1813
538.043915 94.320 15.3437
541.942803 94.318 15.5072
545.869944 94.315 15.6728
549.825542 94.313 15.8422
553.809805 94.312 16.0144
557.822939 94.311 16.1876
561.865154 94.310 16.3603
565.936660 94.310 16.5335
570.037671 94.310 16.7099
574.168399 94.311 16.8921
578.329060 94.312 17.0798
582.519870 94.315 17.2689
586.741049 94.318 17.4544
590.992817 94.322 17.6343
595.275394 94.326 17.8097
599.589005 94.330 17.9815
603.933874 94.334 18.1493
608.310228 94.337 18.3129
612.718295 94.338 18.4735
617.158304 94.338 18.6348
621.630488 94.337 18.8028
626.135079 94.335 18.9834
630.672311 94.334 19.1787
635.242423 94.335 19.3841
639.845651 94.337 19.5935
644.482237 94.342 19.8049
649.152421 94.348 20.0192
653.856447 94.357 20.2351
658.594560 94.369 20.4461
663.367008 94.382 20.6421
668.174039 94.397 20.8151
673.015903 94.411 20.9654
677.892854 94.422 21.1005
682.805145 94.431 21.2291
687.753032 94.437 21.3582
692.736774 94.442 21.4930
697.756631 94.445 21.6378
702.812863 94.447 21.7943
707.905735 94.450 21.9601
713.035511 94.453 22.1311
718.202461 94.456 22.3040
723.406852 94.460 22.4781
728.648956 94.464 22.6543
733.929047 94.468 22.8336
739.247399 94.472 23.0167
744.604290 94.475 23.2039
750.000000 94.479 23.3952
755.434809 94.483 23.5909
760.909001 94.488 23.7906
766.422861 94.492 23.9940
771.976677 94.498 24.2005
777.570739 94.504 24.4093
783.205337 94.510 24.6201
788.880766 94.516 24.8342
794.597321 94.523 25.0542
800.355301 94.531 25.2825
806.155005 94.541 25.5179
811.996736 94.553 25.7547
817.880799 94.568 25.9846
823.807501 94.585 26.1984
829.777150 94.604 26.3889
835.790057 94.621 26.5547
841.846536 94.636 26.7036
847.946903 94.648 26.8470
854.091476 94.657 26.9938
860.280575 94.664 27.1487
866.514523 94.669 27.3150
872.793644 94.674 27.4959
879.118267 94.679 27.6914
885.488720 94.685 27.8974
891.905336 94.692 28.1097
898.368450 94.699 28.3274
904.878398 94.707 28.5522
911.435520 94.715 28.7846
918.040157 94.725 29.0229
924.692655 94.737 29.2640
931.393359 94.750 29.5046
938.142619 94.764 29.7409
944.940787 94.779 29.9714
951.788218 94.794 30.1969
958.685268 94.809 30.4200
965.632296 94.824 30.6431
972.629666 94.839 30.8685
979.677741 94.854 31.0970
986.776890 94.870 31.3279
993.927482 94.886 31.5626
1001.129891 94.902 31.8052
1008.384491 94.920 32.0595
1015.691660 94.940 32.3242
1023.051781 94.963 32.5941
1030.465236 94.990 32.8614
1037.932411 95.020 33.1143
1045.453698 95.054 33.3406
1053.029486 95.088 33.5343
1060.660172 95.122 33.6988
1068.346153 95.154 33.8423
1076.087829 95.183 33.9743
1083.885605 95.210 34.1014
1091.739887 95.237 34.2260
1099.651084 95.262 34.3484
1107.619609 95.286 34.4688
1115.645878 95.310 34.5883
1123.730308 95.332 34.7081
1131.873321 95.354 34.8291
1140.075341 95.375 34.9524
1148.336797 95.395 35.0784
1156.658119 95.415 35.2079
1165.039741 95.436 35.3420
1173.482099 95.457 35.4824
1181.985634 95.479 35.6285
1190.550789 95.503 35.7747
1199.178011 95.530 35.9104
1207.867749 95.559 36.0240
1216.620457 95.587 36.1097
1225.436590 95.614 36.1708
1234.316609 95.637 36.2157
1243.260976 95.657 36.2532
1252.270157 95.674 36.2914
1261.344623 95.688 36.3351
1270.484846 95.701 36.3860
1279.691303 95.711 36.4460
1288.964474 95.721 36.5167
1298.304842 95.730 36.5979
1307.712894 95.739 36.6871
1317.189120 95.747 36.7811
1326.734016 95.755 36.8777
1336.348077 95.762 36.9776
1346.031806 95.767 37.0835
1355.785708 95.771 37.1989
1365.610290 95.774 37.3276
1375.506065 95.777 37.4743
1385.473549 95.779 37.6439
1395.513261 95.783 37.8377
1405.625726 95.790 38.0504
1415.811469 95.800 38.2703
1426.071023 95.815 38.4827
1436.404921 95.831 38.6782
1446.813703 95.848 38.8559
1457.297912 95.864 39.0211
1467.858093 95.879 39.1798
1478.494798 95.893 39.3367
1489.208581 95.906 39.4953
1500.000000 95.919 39.6593
1510.869618 95.930 39.8321
1521.818002 95.941 40.0167
1532.845723 95.953 40.2152
1543.953355 95.965 40.4295
1555.141477 95.979 40.6596
1566.410674 95.997 40.9013
1577.761531 96.018 41.1435
1589.194642 96.042 41.3722
1600.710601 96.069 41.5780
1612.310010 96.096 41.7601
1623.993473 96.123 41.9234
1635.761599 96.147 42.0756
1647.615002 96.171 42.2230
1659.554299 96.193 42.3708
1671.580114 96.214 42.5227
1683.693072 96.236 42.6795
1695.893807 96.257 42.8393
1708.182952 96.278 42.9998
1720.561150 96.298 43.1610
1733.029045 96.318 43.3258
1745.587288 96.337 43.4992
1758.236533 96.356 43.6877
1770.977440 96.375 43.8964
1783.810673 96.397 44.1246
1796.736900 96.423 44.3630
1809.756796 96.454 44.5969
1822.871040 96.487 44.8148
1836.080315 96.522 45.0124
1849.385310 96.558 45.1906
1862.786718 96.593 45.3529
1876.285239 96.628 45.5045
1889.881575 96.663 45.6512
1903.576436 96.696 45.7991
1917.370535 96.731 45.9534
1931.264593 96.766 46.1168
1945.259332 96.804 46.2874
1959.355483 96.846 46.4557
1973.553781 96.891 46.6076
1987.854965 96.939 46.7321
2002.259781 96.988 46.8251
2016.768981 97.036 46.8888
2031.383320 97.083 46.9278
2046.103561 97.130 46.9477
2060.930471 97.175 46.9533
2075.864823 97.218 46.9466
2090.907395 97.261 46.9282
2106.058972 97.302 46.8999
2121.320344 97.341 46.8667
2136.692305 97.377 46.8360
2152.175658 97.413 46.8157
2167.771210 97.450 46.8075
2183.479774 97.488 46.8048
2199.302169 97.529 46.7954
2215.239219 97.571 46.7694
2231.291755 97.614 46.7218
2247.460615 97.657 46.6519
2263.746641 97.699 46.5631
2280.150683 97.739 46.4622
2296.673595 97.778 46.3566
2313.316238 97.817 46.2525
2330.079481 97.857 46.1499
2346.964198 97.899 46.0407
2363.971268 97.943 45.9118
2381.101578 97.989 45.7522
2398.356022 98.035 45.5566
2415.735498 98.080 45.3242
2433.240913 98.123 45.0581
2450.873180 98.162 44.7618
2468.633217 98.199 44.4389
2486.521951 98.232 44.0936
2504.540314 98.261 43.7325
2522.689246 98.285 43.3655
2540.969692 98.305 43.0021
2559.382606 98.323 42.6458
2577.928947 98.340 42.2921
2596.609683 98.356 41.9332
2615.425787 98.371 41.5625
2634.378241 98.383 41.1776
2653.468031 98.392 40.7807
2672.696154 98.396 40.3791
2692.063613 98.397 39.9826
2711.571415 98.395 39.5983
2731.220579 98.393 39.2259
2751.012130 98.390 38.8583
2770.947098 98.386 38.4869
2791.026522 98.381 38.1056
2811.251451 98.374 37.7120
2831.622938 98.365 37.3064
2852.142045 98.352 36.8905
2872.809842 98.334 36.4677
2893.627406 98.313 36.0451
2914.595823 98.286 35.6334
2935.716186 98.255 35.2429
2956.989596 98.221 34.8769
2978.417161 98.186 34.5328
3000.000000 98.149 34.2055
3021.739237 98.110 33.8911
3043.636005 98.068 33.5902
3065.691446 98.024 33.3087
3087.906710 97.977 33.0554
3110.282955 97.929 32.8358
3132.821347 97.882 32.6475
3155.523062 97.836 32.4832
3178.389283 97.791 32.3343
3201.421202 97.747 32.1939
3224.620020 97.704 32.0568
3247.986946 97.661 31.9202
3271.523198 97.616 31.7850
3295.230004 97.569 31.6581
3319.108599 97.521 31.5491
3343.160228 97.471 31.4637
3367.386145 97.422 31.4014
3391.787613 97.374 31.3577
3416.365904 97.326 31.3284
3441.122300 97.278 31.3135
3466.058091 97.230 31.3181
3491.174576 97.183 31.3472
3516.473066 97.139 31.3996
3541.954880 97.099 31.4664
3567.621345 97.062 31.5339
3593.473800 97.030 31.5878
3619.513592 97.001 31.6142
3645.742080 96.972 31.6031
3672.160630 96.941 31.5522
3698.770620 96.906 31.4688
3725.573436 96.864 31.3654
3752.570477 96.815 31.2557
3779.763150 96.757 31.1563
3807.152872 96.688 31.0903
3834.741071 96.610 31.0924
3862.529185 96.525 31.2047
3890.518664 96.440 31.4613
3918.710966 96.364 31.8666
3947.107561 96.309 32.3773
3975.709929 96.280 32.9040
4004.519563 96.273 33.3421
4033.537962 96.278 33.6200
4062.766641 96.281 33.7302
4092.207123 96.272 33.7200
4121.860942 96.248 33.6568
4151.729646 96.208 33.5997
4181.814790 96.156 33.5874
4212.117944 96.095 33.6423
4242.640687 96.028 33.7783
4273.384610 95.959 34.0037
4304.351317 95.891 34.3183
4335.542421 95.828 34.7129
4366.959549 95.772 35.1714
4398.604338 95.725 35.6732
4430.478438 95.686 36.1990
4462.583511 95.656 36.7366
4494.921231 95.633 37.2812
4527.493283 95.617 37.8294
4560.301365 95.608 38.3752
4593.347189 95.607 38.9127
4626.632476 95.611 39.4408
4660.158962 95.621 39.9639
4693.928395 95.638 40.4855
4727.942535 95.662 41.0033
4762.203156 95.696 41.5076
4796.712043 95.738 41.9828
4831.470996 95.790 42.4130
4866.481826 95.848 42.7873
4901.746360 95.913 43.0996
4937.266434 95.984 43.3435
4973.043902 96.059 43.5122
5009.080628 96.135 43.6029
5045.378492 96.212 43.6192
5081.939384 96.289 43.5675
5118.765212 96.365 43.4513
5155.857894 96.441 43.2682
5193.219366 96.517 43.0095
5230.851574 96.591 42.6653
5268.756481 96.660 42.2305
5306.936062 96.724 41.7040
5345.392309 96.779 41.0867
5384.127225 96.822 40.3836
5423.142830 96.851 39.6075
5462.441159 96.864 38.7792
5502.024259 96.859 37.9233
5541.894195 96.837 37.0624
5582.053045 96.799 36.2133
5622.502902 96.745 35.3884
5663.245876 96.676 34.5994
5704.284090 96.593 33.8573
5745.619684 96.496 33.1705
5787.254813 96.387 32.5465
5829.191647 96.265 31.9960
5871.432373 96.132 31.5332
5913.979192 95.988 31.1732
5956.834323 95.838 30.9264
6000.000000 95.682 30.7962
6043.478473 95.525 30.7810
6087.272010 95.367 30.8769
6131.382892 95.211 31.0770
6175.813420 95.059 31.3734
6220.565910 94.910 31.7617
6265.642695 94.764 32.2436
6311.046124 94.624 32.8245
6356.778566 94.492 33.5083
6402.842404 94.369 34.2929
6449.240040 94.259 35.1707
6495.973891 94.164 36.1281
6543.046396 94.086 37.1459
6590.460007 94.026 38.2029
6638.217197 93.982 39.2832
6686.320456 93.956 40.3778
6734.772290 93.947 41.4830
6783.575226 93.955 42.5959
6832.731809 93.982 43.7112
6882.244600 94.031 44.8180
6932.116181 94.102 45.8947
6982.349153 94.196 46.9107
7032.946133 94.312 47.8318
7083.909760 94.448 48.6299
7135.242690 94.599 49.2899
7186.947600 94.762 49.8130
7239.027185 94.936 50.2094
7291.484160 95.124 50.4814
7344.321260 95.326 50.6125
7397.541239 95.545 50.5692
7451.146872 95.778 50.3121
7505.140954 96.021 49.8046
7559.526299 96.268 49.0163
7614.305743 96.515 47.9242
7669.482141 96.752 46.5120
7725.058371 96.974 44.7690
7781.037328 97.170 42.6941
7837.421932 97.331 40.3027
7894.215122 97.446 37.6311
7951.419859 97.506 34.7358
8009.039125 97.506 31.6902
8067.075924 97.440 28.5796
8125.533282 97.308 25.4925
8184.414245 97.110 22.5165
8243.721885 96.849 19.7371
8303.459292 96.529 17.2375
8363.629581 96.156 15.0953
8424.235888 95.741 13.3797
8485.281374 95.294 12.1466
8546.769221 94.831 11.4329
8608.702634 94.366 11.2553
8671.084842 93.916 11.6132
8733.919097 93.500 12.4869
8797.208675 93.138 13.8284
8860.956876 92.851 15.5452
8925.167022 92.658 17.4793
8989.842461 92.572 19.4033
9054.986566 92.590 21.0501
9120.602731 92.691 22.1701
9186.694378 92.840 22.5955
9253.264952 92.993 22.2820
9320.317925 93.112 21.3122
9387.856790 93.163 19.8671
9455.885071 93.131 18.1815
9524.406312 93.014 16.4953
9593.424086 92.822 15.0143
9662.941992 92.573 13.8867
9732.963653 92.293 13.1916
9803.492719 92.004 12.9411
9874.532869 91.727 13.0933
9946.087805 91.480 13.5734
10018.161257 91.271 14.2953
10090.756983 91.106 15.1767
10163.878768 90.989 16.1412
10237.530423 90.920 17.1166
10311.715789 90.896 18.0353
10386.438732 90.915 18.8394
10461.703149 90.970 19.4852
10537.512962 91.058 19.9385
10613.872125 91.173 20.1673
10690.784618 91.310 20.1392
10768.254450 91.460 19.8258
10846.285661 91.615 19.2121
10924.882318 91.766 18.2989
11004.048518 91.904 17.0991
11083.788390 92.022 15.6338
11164.106090 92.112 13.9329
11245.005805 92.166 12.0397
11326.491752 92.181 10.0110
11408.568180 92.154 7.9100
11491.239368 92.084 5.7981
11574.509626 91.973 3.7311
11658.383294 91.826 1.7602
11742.864745 91.646 -0.0682
11827.958384 91.441 -1.7177
11913.668646 91.219 -3.1685
12000.000000 90.988 -4.4177
12086.956947 90.754 -5.4724
12174.544019 90.525 -6.3443
12262.765784 90.305 -7.0498
12351.626840 90.101 -7.6141
12441.131819 89.915 -8.0684
12531.285389 89.750 -8.4434
12622.092249 89.609 -8.7674
12713.557132 89.493 -9.0699
12805.684808 89.404 -9.3864
12898.480079 89.343 -9.7561
12991.947783 89.309 -10.2177
13086.092792 89.301 -10.8097
13180.920015 89.316 -11.5741
13276.434395 89.351 -12.5536
13372.640911 89.398 -13.7847
13469.544580 89.449 -15.2912
13567.150452 89.496 -17.0851
13665.463617 89.527 -19.1658
13764.489200 89.533 -21.5144
13864.232362 89.503 -24.0913
13964.698305 89.428 -26.8392
14065.892266 89.303 -29.6900
14167.819519 89.125 -32.5670
14270.485380 88.891 -35.3873
14373.895200 88.605 -38.0678
14478.054370 88.271 -40.5343
14582.968320 87.900 -42.7237
14688.642520 87.499 -44.5841
14795.082478 87.081 -46.0789
14902.293745 86.658 -47.1898
15010.281908 86.243 -47.9144
15119.052599 85.849 -48.2620
15228.611486 85.487 -48.2533
15338.964283 85.170 -47.9205
15450.116741 84.908 -47.3036
15562.074656 84.712 -46.4482
15674.843864 84.592 -45.4065
15788.430244 84.557 -44.2406
15902.839718 84.618 -43.0225
16018.078250 84.782 -41.8358
16134.151848 85.057 -40.7809
16251.066563 85.448 -39.9764
16368.828491 85.953 -39.5542
16487.443769 86.566 -39.6566
16606.918584 87.274 -40.4312
16727.259161 88.052 -42.0195
16848.471777 88.872 -44.5410
16970.562748 89.699 -48.0822
17093.538442 90.493 -52.6830
17217.405268 91.216 -58.3244
17342.169684 91.832 -64.9228
17467.838194 92.311 -72.3285
17594.417350 92.633 -80.3332
17721.913751 92.790 -88.6926
17850.334044 92.786 -97.1622
17979.684923 92.637 -105.5300
18109.973131 92.364 -113.6375
18241.205462 91.995 -121.3948
18373.388756 91.558 -128.7828
18506.529905 91.075 -135.8409
18640.635849 90.564 -142.6443
18775.713581 90.027 -149.2725
18911.770141 89.460 -155.7774
19048.812624 88.849 -162.1624
19186.848172 88.184 -168.3768
19325.883983 87.458 -174.3218
19465.927305 86.681 -179.8606
19606.985439 85.887 175.1784
19749.065738 85.140 171.0169
19892.175609 84.539 167.9450
20036.322514 84.198 166.2899
