* Measurement data measured by REW V5.31
* Source: EXCL: Microphone (USB Sound Device        ), MICROPHONE (Master Volume), L, volume: 0.250
* Format: 256k Log Swept Sine, 1 sweep at -5.0 dBFS with no timing reference
* Dated: Jun 18, 2024 7:29:03 PM
* REW Settings:
*  C-weighting compensation: Off
*  Target level: 75.0 dB
* Note: Dunu Titan S2 R
* Measurement: R Dunu Titan S2
* Smoothing: 1/12 octave
* Frequency Step: 96 ppo
* Start Frequency: 0.36621094 Hz
*
* Freq(Hz) SPL(dB) Phase(degrees)
0.366211 77.889 -175.8075
0.368865 77.890 -175.8159
0.371538 77.892 -175.8284
0.374230 77.894 -175.8438
0.376942 77.896 -175.8614
0.379673 77.899 -175.8805
0.382424 77.901 -175.9005
0.385196 77.904 -175.9213
0.387987 77.906 -175.9427
0.390798 77.909 -175.9646
0.393630 77.912 -175.9870
0.396483 77.915 -176.0098
0.399356 77.917 -176.0331
0.402250 77.920 -176.0568
0.405165 77.923 -176.0809
0.408101 77.926 -176.1055
0.411058 77.929 -176.1305
0.414037 77.931 -176.1561
0.417037 77.934 -176.1821
0.420059 77.937 -176.2085
0.423103 77.940 -176.2355
0.426169 77.943 -176.2630
0.429257 77.946 -176.2909
0.432368 77.949 -176.3194
0.435501 77.952 -176.3484
0.438656 77.955 -176.3780
0.441835 77.958 -176.4081
0.445037 77.961 -176.4387
0.448262 77.964 -176.4699
0.451510 77.967 -176.5017
0.454782 77.971 -176.5341
0.458077 77.974 -176.5671
0.461397 77.977 -176.6007
0.464740 77.980 -176.6349
0.468108 77.983 -176.6697
0.471500 77.987 -176.7051
0.474917 77.990 -176.7413
0.478358 77.993 -176.7780
0.481825 77.997 -176.8155
0.485316 78.000 -176.8537
0.488833 78.003 -176.8925
0.492375 78.007 -176.9321
0.495943 78.010 -176.9724
0.499537 78.014 -177.0134
0.503157 78.017 -177.0552
0.506803 78.021 -177.0978
0.510475 78.024 -177.1411
0.514175 78.028 -177.1853
0.517900 78.031 -177.2303
0.521653 78.035 -177.2761
0.525434 78.039 -177.3228
0.529241 78.042 -177.3703
0.533076 78.046 -177.4188
0.536939 78.050 -177.4681
0.540830 78.053 -177.5184
0.544749 78.057 -177.5696
0.548696 78.061 -177.6218
0.552673 78.065 -177.6750
0.556677 78.069 -177.7292
0.560711 78.073 -177.7844
0.564774 78.076 -177.8407
0.568867 78.080 -177.8980
0.572989 78.084 -177.9565
0.577141 78.088 -178.0161
0.581324 78.092 -178.0768
0.585536 78.096 -178.1387
0.589779 78.100 -178.2019
0.594053 78.105 -178.2663
0.598358 78.109 -178.3319
0.602694 78.113 -178.3989
0.607061 78.117 -178.4672
0.611460 78.121 -178.5368
0.615891 78.126 -178.6079
0.620354 78.130 -178.6804
0.624849 78.134 -178.7544
0.629377 78.139 -178.8299
0.633938 78.143 -178.9069
0.638532 78.147 -178.9856
0.643159 78.152 -179.0659
0.647819 78.156 -179.1479
0.652514 78.161 -179.2316
0.657242 78.165 -179.3171
0.662005 78.170 -179.4045
0.666802 78.175 -179.4937
0.671634 78.179 -179.5849
0.676501 78.184 -179.6781
0.681403 78.189 -179.7734
0.686341 78.193 -179.8708
0.691314 78.198 -179.9705
0.696324 78.203 179.9276
0.701370 78.207 179.8233
0.706452 78.212 179.7166
0.711571 78.216 179.6073
0.716728 78.220 179.4952
0.721921 78.223 179.3803
0.727153 78.224 179.2622
0.732422 78.225 179.1407
0.737729 78.223 179.0155
0.743075 78.220 178.8863
0.748460 78.216 178.7529
0.753883 78.211 178.6151
0.759346 78.205 178.4727
0.764849 78.199 178.3258
0.770391 78.192 178.1742
0.775974 78.185 178.0180
0.781597 78.178 177.8571
0.787261 78.171 177.6916
0.792966 78.163 177.5214
0.798712 78.155 177.3465
0.804500 78.147 177.1670
0.810329 78.139 176.9828
0.816201 78.130 176.7941
0.822116 78.121 176.6008
0.828073 78.112 176.4028
0.834074 78.102 176.2004
0.840118 78.092 175.9933
0.846206 78.081 175.7818
0.852338 78.070 175.5657
0.858514 78.058 175.3453
0.864735 78.046 175.1203
0.871001 78.033 174.8910
0.877313 78.020 174.6573
0.883670 78.005 174.4192
0.890074 77.991 174.1768
0.896524 77.975 173.9302
0.903020 77.959 173.6794
0.909564 77.942 173.4243
0.916155 77.924 173.1651
0.922794 77.905 172.9018
0.929481 77.885 172.6344
0.936216 77.865 172.3630
0.943000 77.843 172.0876
0.949834 77.820 171.8083
0.956717 77.796 171.5251
0.963649 77.771 171.2381
0.970632 77.744 170.9473
0.977666 77.717 170.6527
0.984750 77.688 170.3544
0.991886 77.657 170.0525
0.999074 77.625 169.7469
1.006314 77.592 169.4377
1.013606 77.556 169.1251
1.020951 77.520 168.8089
1.028349 77.481 168.4893
1.035801 77.441 168.1661
1.043307 77.398 167.8396
1.050867 77.354 167.5095
1.058482 77.308 167.1759
1.066152 77.259 166.8384
1.073878 77.209 166.4966
1.081660 77.155 166.1500
1.089498 77.100 165.7974
1.097393 77.041 165.4374
1.105345 76.980 165.0682
1.113355 76.915 164.6880
1.121423 76.847 164.2950
1.129549 76.776 163.8879
1.137734 76.702 163.4655
1.145979 76.624 163.0273
1.154283 76.543 162.5726
1.162647 76.458 162.1009
1.171072 76.371 161.6119
1.179558 76.280 161.1051
1.188106 76.186 160.5804
1.196715 76.089 160.0372
1.205387 75.989 159.4753
1.214122 75.887 158.8944
1.222920 75.782 158.2941
1.231782 75.675 157.6741
1.240708 75.565 157.0341
1.249699 75.453 156.3735
1.258754 75.338 155.6922
1.267876 75.222 154.9898
1.277063 75.104 154.2658
1.286318 74.984 153.5200
1.295639 74.863 152.7520
1.305027 74.740 151.9613
1.314484 74.617 151.1476
1.324009 74.492 150.3106
1.333604 74.367 149.4498
1.343268 74.241 148.5649
1.353002 74.115 147.6554
1.362806 73.989 146.7209
1.372681 73.863 145.7610
1.382628 73.737 144.7751
1.392647 73.612 143.7626
1.402739 73.488 142.7227
1.412904 73.365 141.6544
1.423142 73.243 140.5560
1.433455 73.122 139.4253
1.443843 73.002 138.2587
1.454305 72.882 137.0509
1.464844 72.761 135.7947
1.475459 72.637 134.4810
1.486150 72.511 133.0993
1.496920 72.380 131.6394
1.507767 72.244 130.0910
1.518693 72.103 128.4445
1.529698 71.957 126.6901
1.540783 71.807 124.8185
1.551948 71.653 122.8198
1.563194 71.496 120.6843
1.574521 71.336 118.4017
1.585931 71.175 115.9620
1.597423 71.014 113.3556
1.608999 70.853 110.5732
1.620658 70.694 107.6069
1.632402 70.537 104.4509
1.644232 70.384 101.1018
1.656146 70.236 97.5599
1.668147 70.094 93.8300
1.680235 69.960 89.9224
1.692411 69.835 85.8531
1.704675 69.720 81.6445
1.717028 69.618 77.3245
1.729470 69.529 72.9258
1.742003 69.455 68.4843
1.754626 69.398 64.0367
1.767341 69.361 59.6188
1.780147 69.344 55.2625
1.793047 69.350 50.9942
1.806040 69.382 46.8344
1.819128 69.440 42.7961
1.832310 69.527 38.8876
1.845587 69.645 35.1131
1.858961 69.793 31.4762
1.872432 69.971 27.9808
1.886001 70.179 24.6313
1.899667 70.416 21.4313
1.913433 70.680 18.3826
1.927299 70.968 15.4851
1.941265 71.279 12.7368
1.955332 71.609 10.1337
1.969501 71.958 7.6705
1.983773 72.321 5.3406
1.998148 72.697 3.1368
2.012627 73.082 1.0516
2.027212 73.475 -0.9230
2.041902 73.871 -2.7948
2.056698 74.268 -4.5713
2.071602 74.663 -6.2601
2.086614 75.053 -7.8684
2.101734 75.435 -9.4031
2.116964 75.807 -10.8709
2.132304 76.166 -12.2786
2.147756 76.509 -13.6329
2.163320 76.837 -14.9406
2.178996 77.147 -16.2087
2.194786 77.442 -17.4446
2.210690 77.722 -18.6548
2.226710 77.990 -19.8451
2.242845 78.248 -21.0190
2.259098 78.496 -22.1785
2.275468 78.737 -23.3240
2.291957 78.971 -24.4550
2.308566 79.199 -25.5706
2.325295 79.421 -26.6694
2.342145 79.636 -27.7506
2.359117 79.847 -28.8127
2.376212 80.052 -29.8550
2.393431 80.253 -30.8765
2.410775 80.450 -31.8765
2.428244 80.642 -32.8544
2.445840 80.831 -33.8100
2.463564 81.016 -34.7433
2.481416 81.198 -35.6547
2.499397 81.377 -36.5449
2.517509 81.553 -37.4156
2.535752 81.726 -38.2694
2.554127 81.896 -39.1097
2.572635 82.063 -39.9408
2.591277 82.225 -40.7670
2.610055 82.382 -41.5916
2.628968 82.534 -42.4164
2.648019 82.681 -43.2419
2.667208 82.823 -44.0673
2.686535 82.960 -44.8911
2.706003 83.093 -45.7114
2.725612 83.220 -46.5260
2.745363 83.344 -47.3328
2.765257 83.464 -48.1293
2.785295 83.580 -48.9133
2.805478 83.693 -49.6827
2.825808 83.804 -50.4355
2.846285 83.911 -51.1704
2.866910 84.017 -51.8863
2.887685 84.120 -52.5833
2.908611 84.220 -53.2623
2.929688 84.318 -53.9258
2.950917 84.413 -54.5769
2.972301 84.504 -55.2190
2.993839 84.592 -55.8544
3.015534 84.676 -56.4845
3.037386 84.757 -57.1094
3.059396 84.833 -57.7283
3.081565 84.906 -58.3401
3.103896 84.977 -58.9427
3.126388 85.044 -59.5344
3.149043 85.109 -60.1128
3.171862 85.171 -60.6757
3.194847 85.232 -61.2207
3.217998 85.291 -61.7460
3.241317 85.349 -62.2499
3.264805 85.405 -62.7314
3.288463 85.459 -63.1908
3.312293 85.512 -63.6287
3.336295 85.562 -64.0467
3.360471 85.610 -64.4464
3.384822 85.656 -64.8290
3.409350 85.699 -65.1953
3.434056 85.741 -65.5458
3.458940 85.781 -65.8804
3.484005 85.819 -66.1989
3.509252 85.857 -66.5006
3.534681 85.894 -66.7851
3.560295 85.931 -67.0514
3.586094 85.969 -67.2985
3.612081 86.008 -67.5253
3.638255 86.048 -67.7308
3.664620 86.088 -67.9139
3.691175 86.130 -68.0740
3.717923 86.172 -68.2108
3.744864 86.214 -68.3253
3.772001 86.257 -68.4187
3.799335 86.300 -68.4930
3.826866 86.345 -68.5505
3.854597 86.390 -68.5939
3.882529 86.438 -68.6255
3.910664 86.487 -68.6479
3.939002 86.538 -68.6630
3.967546 86.593 -68.6724
3.996296 86.650 -68.6767
4.025255 86.710 -68.6756
4.054423 86.773 -68.6683
4.083804 86.840 -68.6540
4.113396 86.909 -68.6328
4.143204 86.982 -68.6061
4.173227 87.057 -68.5762
4.203468 87.135 -68.5461
4.233928 87.215 -68.5196
4.264609 87.297 -68.5001
4.295512 87.381 -68.4909
4.326639 87.467 -68.4949
4.357992 87.555 -68.5139
4.389572 87.644 -68.5486
4.421380 87.736 -68.5989
4.453419 87.829 -68.6638
4.485691 87.925 -68.7427
4.518196 88.022 -68.8353
4.550936 88.121 -68.9420
4.583914 88.220 -69.0634
4.617131 88.320 -69.2007
4.650589 88.420 -69.3550
4.684289 88.520 -69.5275
4.718233 88.619 -69.7192
4.752424 88.717 -69.9308
4.786862 88.814 -70.1625
4.821549 88.910 -70.4139
4.856488 89.005 -70.6840
4.891680 89.099 -70.9712
4.927127 89.191 -71.2737
4.962831 89.283 -71.5896
4.998794 89.372 -71.9173
5.035017 89.459 -72.2554
5.071503 89.545 -72.6030
5.108253 89.627 -72.9600
5.145270 89.707 -73.3265
5.182555 89.785 -73.7026
5.220110 89.860 -74.0881
5.257937 89.932 -74.4816
5.296038 90.001 -74.8810
5.334415 90.069 -75.2838
5.373071 90.134 -75.6872
5.412006 90.196 -76.0889
5.451224 90.256 -76.4870
5.490725 90.314 -76.8807
5.530514 90.370 -77.2699
5.570590 90.423 -77.6547
5.610957 90.474 -78.0349
5.651616 90.522 -78.4099
5.692570 90.569 -78.7783
5.733821 90.615 -79.1387
5.775370 90.660 -79.4893
5.817221 90.703 -79.8285
5.859375 90.746 -80.1556
5.901834 90.789 -80.4701
5.944602 90.830 -80.7723
5.987679 90.872 -81.0628
6.031068 90.913 -81.3425
6.074771 90.955 -81.6122
6.118792 90.997 -81.8726
6.163131 91.040 -82.1241
6.207792 91.085 -82.3669
6.252776 91.130 -82.6011
6.298086 91.178 -82.8273
6.343725 91.226 -83.0465
6.389694 91.277 -83.2604
6.435996 91.329 -83.4713
6.482634 91.382 -83.6814
6.529610 91.438 -83.8931
6.576926 91.495 -84.1077
6.624585 91.555 -84.3262
6.672590 91.616 -84.5493
6.720942 91.679 -84.7778
6.769645 91.743 -85.0129
6.818700 91.809 -85.2563
6.868111 91.876 -85.5095
6.917881 91.944 -85.7742
6.968010 92.013 -86.0510
7.018504 92.082 -86.3406
7.069362 92.152 -86.6426
7.120590 92.221 -86.9568
7.172189 92.291 -87.2827
7.224161 92.360 -87.6198
7.276511 92.429 -87.9677
7.329239 92.497 -88.3264
7.382350 92.564 -88.6953
7.435845 92.629 -89.0737
7.489729 92.694 -89.4602
7.544002 92.757 -89.8530
7.598669 92.819 -90.2504
7.653732 92.879 -90.6506
7.709194 92.938 -91.0527
7.765058 92.995 -91.4558
7.821327 93.051 -91.8588
7.878004 93.105 -92.2604
7.935091 93.158 -92.6592
7.992592 93.211 -93.0535
8.050510 93.262 -93.4421
8.108847 93.313 -93.8243
8.167607 93.363 -94.1998
8.226793 93.412 -94.5683
8.286408 93.461 -94.9297
8.346454 93.511 -95.2839
8.406936 93.561 -95.6309
8.467856 93.611 -95.9707
8.529218 93.662 -96.3037
8.591024 93.713 -96.6309
8.653278 93.766 -96.9532
8.715983 93.819 -97.2720
8.779143 93.873 -97.5883
8.842760 93.929 -97.9028
8.906839 93.985 -98.2165
8.971381 94.043 -98.5305
9.036392 94.101 -98.8458
9.101873 94.160 -99.1637
9.167829 94.220 -99.4850
9.234263 94.280 -99.8103
9.301178 94.341 -100.1399
9.368578 94.402 -100.4739
9.436467 94.463 -100.8124
9.504847 94.524 -101.1555
9.573723 94.584 -101.5029
9.643099 94.643 -101.8542
9.712976 94.700 -102.2089
9.783361 94.756 -102.5658
9.854255 94.808 -102.9243
9.925663 94.858 -103.2833
9.997588 94.904 -103.6422
10.070035 94.948 -104.0002
10.143007 94.988 -104.3564
10.216507 95.027 -104.7098
10.290540 95.063 -105.0599
10.365109 95.097 -105.4062
10.440219 95.131 -105.7484
10.515873 95.163 -106.0863
10.592076 95.194 -106.4199
10.668830 95.225 -106.7493
10.746141 95.256 -107.0748
10.824012 95.287 -107.3967
10.902447 95.317 -107.7158
10.981451 95.348 -108.0325
11.061027 95.379 -108.3475
11.141180 95.410 -108.6614
11.221913 95.441 -108.9746
11.303232 95.471 -109.2879
11.385140 95.502 -109.6016
11.467641 95.532 -109.9160
11.550741 95.563 -110.2312
11.634442 95.593 -110.5474
11.718750 95.623 -110.8644
11.803669 95.652 -111.1821
11.889203 95.682 -111.5002
11.975357 95.711 -111.8184
12.062136 95.740 -112.1362
12.149543 95.769 -112.4534
12.237583 95.797 -112.7697
12.326262 95.825 -113.0847
12.415583 95.852 -113.3984
12.505552 95.879 -113.7106
12.596172 95.906 -114.0215
12.687449 95.933 -114.3314
12.779387 95.959 -114.6404
12.871992 95.985 -114.9492
12.965268 96.010 -115.2582
13.059220 96.036 -115.5677
13.153852 96.062 -115.8787
13.249170 96.088 -116.1913
13.345179 96.113 -116.5060
13.441884 96.139 -116.8232
13.539289 96.165 -117.1431
13.637401 96.190 -117.4656
13.736223 96.215 -117.7906
13.835761 96.240 -118.1180
13.936021 96.264 -118.4472
14.037007 96.287 -118.7780
14.138725 96.310 -119.1097
14.241180 96.332 -119.4420
14.344377 96.353 -119.7743
14.448323 96.373 -120.1064
14.553021 96.394 -120.4379
14.658478 96.413 -120.7689
14.764700 96.433 -121.0992
14.871691 96.453 -121.4291
14.979457 96.472 -121.7589
15.088005 96.492 -122.0889
15.197339 96.512 -122.4195
15.307465 96.532 -122.7512
15.418389 96.553 -123.0845
15.530117 96.573 -123.4196
15.642655 96.593 -123.7566
15.756008 96.613 -124.0957
15.870182 96.633 -124.4370
15.985184 96.653 -124.7800
16.101019 96.673 -125.1248
16.217694 96.692 -125.4708
16.335214 96.711 -125.8177
16.453586 96.731 -126.1652
16.572815 96.750 -126.5129
16.692909 96.769 -126.8605
16.813872 96.788 -127.2079
16.935713 96.807 -127.5548
17.058436 96.827 -127.9014
17.182048 96.847 -128.2474
17.306556 96.867 -128.5930
17.431967 96.887 -128.9381
17.558286 96.908 -129.2827
17.685521 96.928 -129.6268
17.813677 96.947 -129.9700
17.942762 96.967 -130.3123
18.072783 96.986 -130.6533
18.203746 97.006 -130.9928
18.335658 97.025 -131.3303
18.468526 97.044 -131.6658
18.602356 97.062 -131.9991
18.737156 97.081 -132.3300
18.872934 97.100 -132.6587
19.009695 97.119 -132.9852
19.147447 97.139 -133.3097
19.286197 97.158 -133.6324
19.425953 97.177 -133.9537
19.566721 97.196 -134.2734
19.708510 97.215 -134.5920
19.851326 97.234 -134.9092
19.995177 97.252 -135.2253
20.140070 97.270 -135.5400
20.286013 97.287 -135.8534
20.433014 97.305 -136.1654
20.581080 97.321 -136.4761
20.730219 97.338 -136.7856
20.880439 97.354 -137.0942
21.031747 97.370 -137.4023
21.184152 97.386 -137.7103
21.337661 97.402 -138.0184
21.492282 97.417 -138.3269
21.648024 97.433 -138.6360
21.804895 97.447 -138.9458
21.962902 97.462 -139.2561
22.122054 97.476 -139.5666
22.282360 97.489 -139.8771
22.443827 97.501 -140.1870
22.606464 97.513 -140.4964
22.770280 97.525 -140.8049
22.935283 97.536 -141.1127
23.101481 97.547 -141.4199
23.268884 97.558 -141.7270
23.437500 97.568 -142.0342
23.607338 97.578 -142.3420
23.778406 97.588 -142.6508
23.950714 97.597 -142.9608
24.124271 97.606 -143.2720
24.299086 97.615 -143.5843
24.475167 97.623 -143.8975
24.652524 97.631 -144.2112
24.831166 97.639 -144.5250
25.011103 97.647 -144.8389
25.192344 97.654 -145.1523
25.374898 97.661 -145.4653
25.558775 97.669 -145.7780
25.743984 97.676 -146.0900
25.930536 97.683 -146.4016
26.118439 97.690 -146.7127
26.307704 97.697 -147.0232
26.498341 97.704 -147.3330
26.690359 97.711 -147.6419
26.883768 97.718 -147.9497
27.078579 97.724 -148.2563
27.274801 97.730 -148.5615
27.472446 97.737 -148.8651
27.671522 97.742 -149.1670
27.872042 97.748 -149.4670
28.074014 97.753 -149.7650
28.277450 97.758 -150.0609
28.482360 97.763 -150.3546
28.688755 97.767 -150.6461
28.896645 97.772 -150.9354
29.106042 97.776 -151.2229
29.316957 97.779 -151.5089
29.529400 97.783 -151.7936
29.743382 97.787 -152.0778
29.958915 97.790 -152.3616
30.176009 97.793 -152.6454
30.394677 97.797 -152.9293
30.614929 97.799 -153.2131
30.836778 97.802 -153.4968
31.060234 97.804 -153.7801
31.285309 97.806 -154.0629
31.512015 97.807 -154.3450
31.740364 97.809 -154.6268
31.970368 97.810 -154.9084
32.202039 97.811 -155.1906
32.435388 97.812 -155.4735
32.670428 97.813 -155.7579
32.907171 97.814 -156.0442
33.145630 97.815 -156.3324
33.385817 97.815 -156.6223
33.627745 97.816 -156.9136
33.871425 97.816 -157.2057
34.116871 97.815 -157.4979
34.364096 97.815 -157.7896
34.613113 97.814 -158.0804
34.863934 97.813 -158.3699
35.116572 97.811 -158.6580
35.371041 97.810 -158.9448
35.627354 97.808 -159.2299
35.885525 97.806 -159.5133
36.145566 97.804 -159.7947
36.407492 97.802 -160.0740
36.671316 97.800 -160.3513
36.937051 97.798 -160.6268
37.204712 97.795 -160.9009
37.474313 97.793 -161.1744
37.745867 97.790 -161.4474
38.019389 97.787 -161.7200
38.294893 97.784 -161.9919
38.572394 97.780 -162.2625
38.851905 97.776 -162.5309
39.133442 97.771 -162.7969
39.417019 97.767 -163.0604
39.702651 97.762 -163.3216
39.990353 97.756 -163.5812
40.280140 97.751 -163.8400
40.572026 97.746 -164.0982
40.866028 97.741 -164.3563
41.162160 97.735 -164.6141
41.460438 97.729 -164.8716
41.760877 97.723 -165.1287
42.063494 97.717 -165.3855
42.368303 97.711 -165.6420
42.675322 97.704 -165.8984
42.984565 97.697 -166.1546
43.296048 97.690 -166.4105
43.609789 97.683 -166.6656
43.925804 97.675 -166.9194
44.244108 97.667 -167.1714
44.564719 97.658 -167.4213
44.887654 97.650 -167.6687
45.212928 97.642 -167.9138
45.540560 97.633 -168.1569
45.870565 97.625 -168.3986
46.202962 97.617 -168.6396
46.537768 97.610 -168.8805
46.875000 97.602 -169.1219
47.214676 97.594 -169.3640
47.556813 97.586 -169.6066
47.901429 97.578 -169.8494
48.248542 97.569 -170.0913
48.598171 97.561 -170.3320
48.950334 97.552 -170.5707
49.305048 97.542 -170.8073
49.662333 97.533 -171.0419
50.022206 97.523 -171.2747
50.384688 97.513 -171.5055
50.749796 97.503 -171.7344
51.117550 97.493 -171.9612
51.487969 97.483 -172.1859
51.861072 97.473 -172.4088
52.236879 97.463 -172.6305
52.615409 97.453 -172.8516
52.996681 97.443 -173.0724
53.380717 97.433 -173.2930
53.767536 97.423 -173.5129
54.157158 97.413 -173.7322
54.549603 97.404 -173.9507
54.944892 97.394 -174.1691
55.343045 97.386 -174.3881
55.744084 97.377 -174.6085
56.148028 97.369 -174.8311
56.554900 97.361 -175.0564
56.964720 97.353 -175.2847
57.377510 97.345 -175.5161
57.793291 97.336 -175.7503
58.212085 97.327 -175.9866
58.633914 97.316 -176.2241
59.058799 97.306 -176.4612
59.486764 97.294 -176.6965
59.917829 97.281 -176.9282
60.352019 97.267 -177.1552
60.789354 97.253 -177.3770
61.229859 97.238 -177.5939
61.673556 97.223 -177.8073
62.120468 97.209 -178.0184
62.570618 97.194 -178.2292
63.024031 97.179 -178.4406
63.480729 97.164 -178.6525
63.940736 97.147 -178.8636
64.404077 97.131 -179.0724
64.870776 97.114 -179.2774
65.340856 97.097 -179.4788
65.814343 97.080 -179.6774
66.291261 97.064 -179.8748
66.771635 97.048 179.9278
67.255489 97.032 179.7294
67.742850 97.016 179.5294
68.233743 97.000 179.3279
68.728193 96.984 179.1257
69.226226 96.968 178.9241
69.727867 96.951 178.7242
70.233144 96.935 178.5268
70.742083 96.918 178.3318
71.254709 96.901 178.1392
71.771050 96.885 177.9480
72.291132 96.868 177.7577
72.814984 96.852 177.5673
73.342631 96.836 177.3756
73.874102 96.820 177.1819
74.409424 96.804 176.9856
74.948626 96.787 176.7878
75.491734 96.770 176.5907
76.038779 96.752 176.3967
76.589787 96.734 176.2072
77.144788 96.716 176.0213
77.703811 96.699 175.8380
78.266885 96.682 175.6562
78.834039 96.665 175.4750
79.405303 96.648 175.2927
79.980706 96.632 175.1069
80.560280 96.615 174.9160
81.144053 96.597 174.7189
81.732056 96.578 174.5151
82.324320 96.558 174.3057
82.920876 96.535 174.0922
83.521755 96.509 173.8782
84.126988 96.482 173.6685
84.736607 96.453 173.4670
85.350643 96.423 173.2747
85.969129 96.393 173.0897
86.592097 96.364 172.9087
87.219579 96.335 172.7301
87.851608 96.307 172.5546
88.488217 96.278 172.3841
89.129439 96.249 172.2205
89.775308 96.221 172.0643
90.425856 96.192 171.9156
91.081119 96.164 171.7734
91.741131 96.135 171.6360
92.405925 96.105 171.5020
93.075536 96.075 171.3702
93.750000 96.044 171.2406
94.429351 96.012 171.1137
95.113625 95.980 170.9904
95.802858 95.947 170.8718
96.497085 95.915 170.7590
97.196342 95.884 170.6528
97.900667 95.853 170.5538
98.610096 95.823 170.4632
99.324665 95.794 170.3822
100.044413 95.765 170.3102
100.769376 95.737 170.2446
101.499592 95.708 170.1830
102.235100 95.678 170.1256
102.975938 95.646 170.0752
103.722144 95.614 170.0353
104.473757 95.580 170.0086
105.230817 95.546 169.9970
105.993363 95.511 170.0040
106.761435 95.476 170.0350
107.535072 95.442 170.0945
108.314315 95.410 170.1846
109.099206 95.379 170.3044
109.889783 95.351 170.4513
110.686090 95.328 170.6199
111.488167 95.310 170.8004
112.296056 95.300 170.9778
113.109800 95.300 171.1343
113.929440 95.309 171.2518
114.755020 95.327 171.3156
115.586582 95.352 171.3178
116.424170 95.381 171.2584
117.267827 95.410 171.1435
118.117598 95.436 170.9835
118.973527 95.454 170.7949
119.835658 95.462 170.6033
120.704037 95.457 170.4381
121.578708 95.445 170.3150
122.459718 95.427 170.2272
123.347111 95.407 170.1560
124.240935 95.387 170.0829
125.141236 95.368 169.9939
126.048061 95.350 169.8821
126.961458 95.334 169.7463
127.881473 95.320 169.5900
128.808154 95.305 169.4188
129.741551 95.291 169.2393
130.681712 95.275 169.0566
131.628686 95.258 168.8751
132.582521 95.239 168.6983
133.543269 95.217 168.5289
134.510979 95.194 168.3694
135.485701 95.170 168.2215
136.467486 95.146 168.0854
137.456386 95.122 167.9592
138.452451 95.097 167.8394
139.455735 95.072 167.7238
140.466288 95.046 167.6124
141.484165 95.019 167.5066
142.509418 94.992 167.4067
143.542100 94.964 167.3116
144.582265 94.936 167.2196
145.629968 94.908 167.1298
146.685262 94.878 167.0427
147.748204 94.847 166.9603
148.818849 94.815 166.8854
149.897251 94.781 166.8199
150.983469 94.748 166.7635
152.077557 94.715 166.7150
153.179574 94.682 166.6747
154.289576 94.650 166.6448
155.407622 94.620 166.6263
156.533770 94.590 166.6167
157.668078 94.562 166.6108
158.810606 94.535 166.6025
159.961413 94.509 166.5868
161.120559 94.483 166.5615
162.288105 94.456 166.5271
163.464112 94.428 166.4860
164.648640 94.398 166.4419
165.841752 94.368 166.3997
167.043510 94.336 166.3637
168.253976 94.303 166.3370
169.473213 94.271 166.3212
170.701286 94.239 166.3168
171.938258 94.208 166.3226
173.184194 94.178 166.3361
174.439158 94.150 166.3536
175.703216 94.123 166.3714
176.976434 94.096 166.3866
178.258878 94.070 166.3972
179.550615 94.044 166.4023
180.851713 94.018 166.4026
182.162239 93.992 166.3995
183.482262 93.965 166.3948
184.811850 93.939 166.3899
186.151073 93.911 166.3857
187.500000 93.884 166.3828
188.858702 93.856 166.3817
190.227250 93.827 166.3832
191.605715 93.799 166.3887
192.994169 93.771 166.3986
194.392685 93.742 166.4138
195.801334 93.714 166.4348
197.220191 93.685 166.4623
198.649330 93.656 166.4971
200.088825 93.628 166.5397
201.538751 93.600 166.5892
202.999184 93.573 166.6432
204.470200 93.547 166.6979
205.951875 93.523 166.7493
207.444287 93.498 166.7947
208.947514 93.474 166.8340
210.461634 93.448 166.8694
211.986726 93.421 166.9047
213.522869 93.392 166.9449
215.070144 93.361 166.9954
216.628631 93.330 167.0602
218.198411 93.298 167.1406
219.779567 93.267 167.2341
221.372180 93.237 167.3350
222.976334 93.210 167.4370
224.592112 93.183 167.5359
226.219600 93.157 167.6298
227.858880 93.131 167.7190
229.510039 93.105 167.8053
231.173164 93.079 167.8907
232.848340 93.053 167.9765
234.535655 93.028 168.0630
236.235197 93.002 168.1499
237.947054 92.977 168.2361
239.671317 92.952 168.3210
241.408074 92.926 168.4052
243.157416 92.900 168.4903
244.919435 92.872 168.5789
246.694223 92.844 168.6738
248.481871 92.815 168.7784
250.282473 92.786 168.8959
252.096123 92.758 169.0278
253.922915 92.731 169.1731
255.762945 92.708 169.3260
257.616309 92.687 169.4767
259.483103 92.668 169.6150
261.363424 92.650 169.7357
263.257372 92.631 169.8404
265.165043 92.612 169.9363
267.086538 92.590 170.0320
269.021957 92.567 170.1346
270.971401 92.544 170.2484
272.934972 92.521 170.3738
274.912771 92.498 170.5091
276.904902 92.477 170.6516
278.911469 92.457 170.7993
280.932577 92.438 170.9500
282.968330 92.422 171.1006
285.018835 92.408 171.2455
287.084199 92.395 171.3776
289.164530 92.383 171.4905
291.259935 92.370 171.5830
293.370525 92.356 171.6602
295.496408 92.338 171.7317
297.637697 92.318 171.8074
299.794503 92.296 171.8939
301.966937 92.272 171.9936
304.155114 92.248 172.1053
306.359147 92.224 172.2257
308.579152 92.200 172.3508
310.815244 92.176 172.4772
313.067539 92.152 172.6036
315.336156 92.128 172.7316
317.621211 92.102 172.8653
319.922826 92.077 173.0089
322.241118 92.051 173.1643
324.576210 92.026 173.3301
326.928223 92.002 173.5034
329.297280 91.979 173.6807
331.683504 91.958 173.8586
334.087019 91.937 174.0346
336.507952 91.916 174.2067
338.946427 91.896 174.3747
341.402572 91.875 174.5398
343.876516 91.853 174.7047
346.368387 91.831 174.8720
348.878315 91.808 175.0435
351.406431 91.785 175.2194
353.952867 91.762 175.3992
356.517756 91.740 175.5825
359.101230 91.717 175.7687
361.703426 91.695 175.9575
364.324478 91.673 176.1487
366.964523 91.652 176.3424
369.623699 91.630 176.5386
372.302145 91.609 176.7374
375.000000 91.588 176.9387
377.717405 91.567 177.1420
380.454501 91.547 177.3473
383.211431 91.527 177.5543
385.988339 91.507 177.7631
388.785369 91.488 177.9742
391.602668 91.469 178.1878
394.440383 91.451 178.4037
397.298660 91.433 178.6220
400.177650 91.415 178.8420
403.077502 91.398 179.0624
405.998368 91.381 179.2816
408.940400 91.364 179.4990
411.903750 91.346 179.7161
414.888575 91.328 179.9358
417.895028 91.309 -179.8384
420.923268 91.291 -179.6039
423.973452 91.273 -179.3595
427.045738 91.256 -179.1064
430.140287 91.241 -178.8481
433.257261 91.228 -178.5897
436.396822 91.216 -178.3344
439.559133 91.206 -178.0829
442.744360 91.197 -177.8354
445.952668 91.188 -177.5942
449.184225 91.181 -177.3638
452.439199 91.175 -177.1498
455.717760 91.167 -176.9549
459.020079 91.158 -176.7753
462.346327 91.145 -176.6004
465.696680 91.129 -176.4186
469.071310 91.111 -176.2224
472.470394 91.092 -176.0103
475.894109 91.074 -175.7850
479.342634 91.056 -175.5522
482.816148 91.038 -175.3177
486.314833 91.020 -175.0835
489.838871 91.001 -174.8451
493.388445 90.982 -174.5948
496.963741 90.963 -174.3287
500.564945 90.945 -174.0499
504.192245 90.929 -173.7663
507.845830 90.915 -173.4849
511.525890 90.901 -173.2091
515.232618 90.887 -172.9377
518.966206 90.873 -172.6670
522.726849 90.858 -172.3919
526.514743 90.843 -172.1080
530.330086 90.827 -171.8133
534.173076 90.813 -171.5106
538.043915 90.800 -171.2048
541.942803 90.788 -170.8984
545.869944 90.777 -170.5906
549.825542 90.766 -170.2802
553.809805 90.757 -169.9686
557.822939 90.748 -169.6586
561.865154 90.739 -169.3520
565.936660 90.730 -169.0482
570.037671 90.721 -168.7444
574.168399 90.712 -168.4373
578.329060 90.702 -168.1254
582.519870 90.692 -167.8093
586.741049 90.682 -167.4895
590.992817 90.672 -167.1637
595.275394 90.662 -166.8292
599.589005 90.653 -166.4865
603.933874 90.645 -166.1393
608.310228 90.638 -165.7916
612.718295 90.631 -165.4448
617.158304 90.624 -165.0965
621.630488 90.617 -164.7410
626.135079 90.610 -164.3722
630.672311 90.603 -163.9878
635.242423 90.598 -163.5919
639.845651 90.596 -163.1906
644.482237 90.595 -162.7864
649.152421 90.597 -162.3785
653.856447 90.601 -161.9688
658.594560 90.608 -161.5641
663.367008 90.618 -161.1748
668.174039 90.629 -160.8086
673.015903 90.639 -160.4647
677.892854 90.648 -160.1354
682.805145 90.654 -159.8116
687.753032 90.659 -159.4860
692.736774 90.661 -159.1526
697.756631 90.662 -158.8071
702.812863 90.664 -158.4481
707.905735 90.666 -158.0781
713.035511 90.669 -157.7018
718.202461 90.672 -157.3226
723.406852 90.677 -156.9410
728.648956 90.681 -156.5563
733.929047 90.687 -156.1674
739.247399 90.692 -155.7742
744.604290 90.699 -155.3765
750.000000 90.705 -154.9742
755.434809 90.713 -154.5673
760.909001 90.722 -154.1555
766.422861 90.731 -153.7391
771.976677 90.741 -153.3185
777.570739 90.752 -152.8945
783.205337 90.765 -152.4673
788.880766 90.778 -152.0361
794.597321 90.792 -151.5981
800.355301 90.807 -151.1514
806.155005 90.826 -150.6976
811.996736 90.847 -150.2426
817.880799 90.872 -149.7946
823.807501 90.900 -149.3630
829.777150 90.930 -148.9561
835.790057 90.960 -148.5762
841.846536 90.988 -148.2164
847.946903 91.015 -147.8663
854.091476 91.039 -147.5177
860.280575 91.062 -147.1665
866.514523 91.083 -146.8098
872.793644 91.104 -146.4444
879.118267 91.125 -146.0703
885.488720 91.147 -145.6913
891.905336 91.170 -145.3110
898.368450 91.194 -144.9297
904.878398 91.218 -144.5452
911.435520 91.242 -144.1566
918.040157 91.269 -143.7660
924.692655 91.296 -143.3761
931.393359 91.325 -142.9901
938.142619 91.356 -142.6113
944.940787 91.387 -142.2411
951.788218 91.419 -141.8777
958.685268 91.450 -141.5183
965.632296 91.481 -141.1597
972.629666 91.512 -140.7990
979.677741 91.543 -140.4348
986.776890 91.574 -140.0670
993.927482 91.605 -139.6935
1001.129891 91.637 -139.3092
1008.384491 91.670 -138.9097
1015.691660 91.706 -138.4949
1023.051781 91.745 -138.0693
1030.465236 91.788 -137.6407
1037.932411 91.836 -137.2209
1045.453698 91.887 -136.8232
1053.029486 91.940 -136.4542
1060.660172 91.994 -136.1115
1068.346153 92.047 -135.7877
1076.087829 92.099 -135.4750
1083.885605 92.151 -135.1685
1091.739887 92.203 -134.8677
1099.651084 92.255 -134.5742
1107.619609 92.308 -134.2888
1115.645878 92.361 -134.0115
1123.730308 92.413 -133.7418
1131.873321 92.466 -133.4786
1140.075341 92.518 -133.2212
1148.336797 92.570 -132.9688
1156.658119 92.622 -132.7205
1165.039741 92.674 -132.4744
1173.482099 92.727 -132.2282
1181.985634 92.781 -131.9814
1190.550789 92.838 -131.7391
1199.178011 92.897 -131.5114
1207.867749 92.959 -131.3094
1216.620457 93.020 -131.1385
1225.436590 93.079 -130.9949
1234.316609 93.136 -130.8698
1243.260976 93.189 -130.7543
1252.270157 93.238 -130.6405
1261.344623 93.286 -130.5240
1270.484846 93.331 -130.4033
1279.691303 93.375 -130.2767
1288.964474 93.417 -130.1427
1298.304842 93.459 -130.0012
1307.712894 93.501 -129.8547
1317.189120 93.544 -129.7066
1326.734016 93.586 -129.5588
1336.348077 93.628 -129.4106
1346.031806 93.670 -129.2592
1355.785708 93.713 -129.1007
1365.610290 93.756 -128.9316
1375.506065 93.800 -128.7471
1385.473549 93.846 -128.5425
1395.513261 93.895 -128.3167
1405.625726 93.947 -128.0746
1415.811469 94.004 -127.8281
1426.071023 94.065 -127.5912
1436.404921 94.127 -127.3735
1446.813703 94.190 -127.1754
1457.297912 94.252 -126.9920
1467.858093 94.312 -126.8170
1478.494798 94.369 -126.6462
1489.208581 94.424 -126.4761
1500.000000 94.476 -126.3031
1510.869618 94.525 -126.1238
1521.818002 94.569 -125.9348
1532.845723 94.609 -125.7336
1543.953355 94.646 -125.5184
1555.141477 94.681 -125.2888
1566.410674 94.717 -125.0491
1577.761531 94.755 -124.8097
1589.194642 94.795 -124.5844
1600.710601 94.837 -124.3822
1612.310010 94.878 -124.2041
1623.993473 94.918 -124.0450
1635.761599 94.956 -123.8978
1647.615002 94.993 -123.7567
1659.554299 95.028 -123.6165
1671.580114 95.062 -123.4735
1683.693072 95.096 -123.3269
1695.893807 95.130 -123.1779
1708.182952 95.164 -123.0286
1720.561150 95.196 -122.8784
1733.029045 95.227 -122.7244
1745.587288 95.255 -122.5613
1758.236533 95.283 -122.3823
1770.977440 95.310 -122.1820
1783.810673 95.339 -121.9611
1796.736900 95.371 -121.7286
1809.756796 95.408 -121.4990
1822.871040 95.448 -121.2833
1836.080315 95.489 -121.0859
1849.385310 95.532 -120.9055
1862.786718 95.575 -120.7387
1876.285239 95.619 -120.5810
1889.881575 95.664 -120.4268
1903.576436 95.711 -120.2700
1917.370535 95.762 -120.1055
1931.264593 95.818 -119.9299
1945.259332 95.881 -119.7445
1959.355483 95.950 -119.5580
1973.553781 96.026 -119.3840
1987.854965 96.106 -119.2337
2002.259781 96.188 -119.1111
2016.768981 96.270 -119.0142
2031.383320 96.352 -118.9385
2046.103561 96.433 -118.8783
2060.930471 96.514 -118.8293
2075.864823 96.593 -118.7898
2090.907395 96.671 -118.7598
2106.058972 96.747 -118.7379
2121.320344 96.821 -118.7198
2136.692305 96.894 -118.6987
2152.175658 96.965 -118.6675
2167.771210 97.036 -118.6243
2183.479774 97.109 -118.5768
2199.302169 97.184 -118.5375
2215.239219 97.261 -118.5163
2231.291755 97.339 -118.5182
2247.460615 97.416 -118.5431
2263.746641 97.491 -118.5874
2280.150683 97.565 -118.6443
2296.673595 97.638 -118.7058
2313.316238 97.710 -118.7655
2330.079481 97.784 -118.8221
2346.964198 97.860 -118.8832
2363.971268 97.938 -118.9609
2381.101578 98.018 -119.0657
2398.356022 98.099 -119.2025
2415.735498 98.178 -119.3718
2433.240913 98.256 -119.5712
2450.873180 98.332 -119.7977
2468.633217 98.405 -120.0491
2486.521951 98.475 -120.3221
2504.540314 98.542 -120.6109
2522.689246 98.605 -120.9062
2540.969692 98.665 -121.1990
2559.382606 98.724 -121.4862
2577.928947 98.782 -121.7731
2596.609683 98.842 -122.0685
2615.425787 98.900 -122.3793
2634.378241 98.958 -122.7088
2653.468031 99.013 -123.0552
2672.696154 99.066 -123.4126
2692.063613 99.116 -123.7728
2711.571415 99.165 -124.1302
2731.220579 99.214 -124.4871
2751.012130 99.264 -124.8519
2770.947098 99.314 -125.2341
2791.026522 99.364 -125.6405
2811.251451 99.412 -126.0736
2831.622938 99.458 -126.5334
2852.142045 99.500 -127.0185
2872.809842 99.538 -127.5256
2893.627406 99.572 -128.0477
2914.595823 99.600 -128.5737
2935.716186 99.624 -129.0934
2956.989596 99.645 -129.6034
2978.417161 99.664 -130.1065
3000.000000 99.681 -130.6077
3021.739237 99.697 -131.1101
3043.636005 99.709 -131.6126
3065.691446 99.718 -132.1089
3087.906710 99.724 -132.5903
3110.282955 99.730 -133.0522
3132.821347 99.735 -133.4974
3155.523062 99.741 -133.9333
3178.389283 99.748 -134.3685
3201.421202 99.754 -134.8090
3224.620020 99.760 -135.2591
3247.986946 99.764 -135.7206
3271.523198 99.765 -136.1915
3295.230004 99.762 -136.6640
3319.108599 99.757 -137.1274
3343.160228 99.748 -137.5748
3367.386145 99.739 -138.0058
3391.787613 99.729 -138.4231
3416.365904 99.718 -138.8292
3441.122300 99.706 -139.2219
3466.058091 99.693 -139.5942
3491.174576 99.680 -139.9383
3516.473066 99.668 -140.2523
3541.954880 99.658 -140.5409
3567.621345 99.652 -140.8127
3593.473800 99.647 -141.0775
3619.513592 99.645 -141.3440
3645.742080 99.644 -141.6183
3672.160630 99.643 -141.9001
3698.770620 99.640 -142.1824
3725.573436 99.636 -142.4570
3752.570477 99.632 -142.7206
3779.763150 99.627 -142.9739
3807.152872 99.621 -143.2188
3834.741071 99.614 -143.4528
3862.529185 99.606 -143.6686
3890.518664 99.597 -143.8599
3918.710966 99.591 -144.0269
3947.107561 99.588 -144.1766
3975.709929 99.590 -144.3213
4004.519563 99.596 -144.4753
4033.537962 99.607 -144.6519
4062.766641 99.620 -144.8572
4092.207123 99.635 -145.0896
4121.860942 99.650 -145.3455
4151.729646 99.666 -145.6235
4181.814790 99.682 -145.9250
4212.117944 99.697 -146.2494
4242.640687 99.710 -146.5906
4273.384610 99.721 -146.9397
4304.351317 99.731 -147.2911
4335.542421 99.742 -147.6458
4366.959549 99.754 -148.0107
4398.604338 99.768 -148.3972
4430.478438 99.783 -148.8163
4462.583511 99.798 -149.2728
4494.921231 99.811 -149.7654
4527.493283 99.823 -150.2916
4560.301365 99.834 -150.8517
4593.347189 99.842 -151.4461
4626.632476 99.846 -152.0710
4660.158962 99.847 -152.7184
4693.928395 99.844 -153.3810
4727.942535 99.839 -154.0561
4762.203156 99.832 -154.7469
4796.712043 99.825 -155.4617
4831.470996 99.815 -156.2086
4866.481826 99.802 -156.9907
4901.746360 99.785 -157.8071
4937.266434 99.763 -158.6567
4973.043902 99.734 -159.5380
5009.080628 99.697 -160.4458
5045.378492 99.651 -161.3677
5081.939384 99.595 -162.2881
5118.765212 99.529 -163.1930
5155.857894 99.456 -164.0737
5193.219366 99.376 -164.9292
5230.851574 99.290 -165.7612
5268.756481 99.197 -166.5693
5306.936062 99.098 -167.3518
5345.392309 98.992 -168.1075
5384.127225 98.878 -168.8350
5423.142830 98.755 -169.5271
5462.441159 98.623 -170.1715
5502.024259 98.483 -170.7543
5541.894195 98.336 -171.2646
5582.053045 98.185 -171.6995
5622.502902 98.031 -172.0616
5663.245876 97.877 -172.3561
5704.284090 97.723 -172.5889
5745.619684 97.571 -172.7679
5787.254813 97.420 -172.9016
5829.191647 97.269 -172.9920
5871.432373 97.119 -173.0353
5913.979192 96.970 -173.0244
5956.834323 96.822 -172.9542
6000.000000 96.677 -172.8246
6043.478473 96.536 -172.6386
6087.272010 96.401 -172.4008
6131.382892 96.271 -172.1183
6175.813420 96.148 -171.7993
6220.565910 96.031 -171.4486
6265.642695 95.919 -171.0649
6311.046124 95.813 -170.6431
6356.778566 95.714 -170.1796
6402.842404 95.623 -169.6750
6449.240040 95.541 -169.1339
6495.973891 95.470 -168.5640
6543.046396 95.410 -167.9774
6590.460007 95.362 -167.3864
6638.217197 95.325 -166.7993
6686.320456 95.300 -166.2190
6734.772290 95.285 -165.6462
6783.575226 95.282 -165.0832
6832.731809 95.291 -164.5355
6882.244600 95.313 -164.0121
6932.116181 95.347 -163.5273
6982.349153 95.394 -163.0973
7032.946133 95.452 -162.7354
7083.909760 95.522 -162.4504
7135.242690 95.604 -162.2491
7186.947600 95.697 -162.1401
7239.027185 95.803 -162.1348
7291.484160 95.921 -162.2501
7344.321260 96.052 -162.5082
7397.541239 96.194 -162.9333
7451.146872 96.344 -163.5463
7505.140954 96.500 -164.3637
7559.526299 96.660 -165.4012
7614.305743 96.819 -166.6745
7669.482141 96.976 -168.2006
7725.058371 97.124 -169.9983
7781.037328 97.258 -172.0833
7837.421932 97.369 -174.4599
7894.215122 97.449 -177.1151
7951.419859 97.489 179.9813
8009.039125 97.480 176.8748
8067.075924 97.419 173.6224
8125.533282 97.301 170.2865
8184.414245 97.124 166.9319
8243.721885 96.886 163.6262
8303.459292 96.588 160.4401
8363.629581 96.232 157.4426
8424.235888 95.824 154.6977
8485.281374 95.370 152.2561
8546.769221 94.879 150.1495
8608.702634 94.361 148.3888
8671.084842 93.825 146.9702
8733.919097 93.278 145.8807
8797.208675 92.727 145.1026
8860.956876 92.177 144.6165
8925.167022 91.633 144.3990
8989.842461 91.098 144.4219
9054.986566 90.576 144.6552
9120.602731 90.067 145.0734
9186.694378 89.571 145.6597
9253.264952 89.089 146.4064
9320.317925 88.620 147.3097
9387.856790 88.167 148.3619
9455.885071 87.730 149.5509
9524.406312 87.311 150.8625
9593.424086 86.909 152.2866
9662.941992 86.526 153.8199
9732.963653 86.161 155.4615
9803.492719 85.817 157.2053
9874.532869 85.494 159.0395
9946.087805 85.193 160.9500
10018.161257 84.913 162.9273
10090.756983 84.654 164.9699
10163.878768 84.414 167.0774
10237.530423 84.197 169.2442
10311.715789 84.001 171.4588
10386.438732 83.827 173.7095
10461.703149 83.674 175.9916
10537.512962 83.542 178.3057
10613.872125 83.431 -179.3505
10690.784618 83.343 -176.9852
10768.254450 83.277 -174.6102
10846.285661 83.232 -172.2319
10924.882318 83.209 -169.8503
11004.048518 83.208 -167.4644
11083.788390 83.230 -165.0780
11164.106090 83.275 -162.6992
11245.005805 83.344 -160.3325
11326.491752 83.437 -157.9753
11408.568180 83.557 -155.6233
11491.239368 83.704 -153.2769
11574.509626 83.882 -150.9414
11658.383294 84.095 -148.6224
11742.864745 84.345 -146.3235
11827.958384 84.638 -144.0540
11913.668646 84.982 -141.8364
12000.000000 85.381 -139.7064
12086.956947 85.843 -137.7078
12174.544019 86.374 -135.8934
12262.765784 86.983 -134.3331
12351.626840 87.673 -133.1216
12441.131819 88.446 -132.3759
12531.285389 89.297 -132.2302
12622.092249 90.214 -132.8320
12713.557132 91.176 -134.3369
12805.684808 92.151 -136.8948
12898.480079 93.101 -140.6254
12991.947783 93.980 -145.5938
13086.092792 94.739 -151.7894
13180.920015 95.329 -159.1045
13276.434395 95.705 -167.3108
13372.640911 95.835 -176.0508
13469.544580 95.705 175.1312
13567.150452 95.325 166.7092
13665.463617 94.722 159.0839
13764.489200 93.939 152.5305
13864.232362 93.023 147.1932
13964.698305 92.023 143.1057
14065.892266 90.988 140.2156
14167.819519 89.962 138.4101
14270.485380 88.983 137.5402
14373.895200 88.082 137.4380
14478.054370 87.280 137.9280
14582.968320 86.594 138.8395
14688.642520 86.029 140.0162
14795.082478 85.590 141.3156
14902.293745 85.277 142.6005
15010.281908 85.092 143.7352
15119.052599 85.032 144.5808
15228.611486 85.095 144.9890
15338.964283 85.272 144.8019
15450.116741 85.546 143.8615
15562.074656 85.890 142.0245
15674.843864 86.265 139.1797
15788.430244 86.628 135.2667
15902.839718 86.926 130.2977
16018.078250 87.109 124.3752
16134.151848 87.133 117.6986
16251.066563 86.961 110.5568
16368.828491 86.573 103.3005
16487.443769 85.970 96.2924
16606.918584 85.164 89.8533
16727.259161 84.184 84.2292
16848.471777 83.061 79.5822
16970.562748 81.834 75.9952
17093.538442 80.538 73.4819
17217.405268 79.208 72.0016
17342.169684 77.878 71.4727
17467.838194 76.574 71.7840
17594.417350 75.321 72.8100
17721.913751 74.133 74.4243
17850.334044 73.019 76.5080
17979.684923 71.983 78.9560
18109.973131 71.024 81.6818
18241.205462 70.137 84.6156
18373.388756 69.318 87.6989
18506.529905 68.559 90.8837
18640.635849 67.853 94.1323
18775.713581 67.194 97.4171
18911.770141 66.573 100.7244
19048.812624 65.985 104.0499
19186.848172 65.427 107.3859
19325.883983 64.903 110.7086
19465.927305 64.423 113.9600
19606.985439 64.005 117.0283
19749.065738 63.673 119.7267
19892.175609 63.446 121.7919
20036.322514 63.332 122.9301
