* Measurement data measured by REW V5.30.3
* Source: EXCL: Microphone (Realtek(R) Audio), MICROPHONE (Master Volume), L, volume: 1.000
* Format: 256k Log Swept Sine, 1 sweep at -30.0 dBFS with no timing reference
* Dated: Jan 8, 2024 11:55:07 PM
* REW Settings:
*  C-weighting compensation: Off
*  Target level: 75.0 dB
* Note: EPZ EW200 R
* Measurement: R EPZ EW200
* Smoothing: 1/12 octave
* Frequency Step: 96 ppo
* Start Frequency: 0.36621094 Hz
*
* Freq(Hz) SPL(dB) Phase(degrees)
0.366211 71.985 158.1860
0.368865 71.982 158.1638
0.371538 71.979 158.1307
0.374230 71.974 158.0890
0.376942 71.969 158.0411
0.379673 71.963 157.9885
0.382424 71.957 157.9324
0.385196 71.952 157.8733
0.387987 71.945 157.8116
0.390798 71.939 157.7476
0.393630 71.933 157.6812
0.396483 71.927 157.6127
0.399356 71.921 157.5419
0.402250 71.914 157.4690
0.405165 71.908 157.3938
0.408101 71.901 157.3163
0.411058 71.895 157.2366
0.414037 71.888 157.1546
0.417037 71.882 157.0704
0.420059 71.875 156.9838
0.423103 71.869 156.8949
0.426169 71.862 156.8036
0.429257 71.855 156.7100
0.432367 71.848 156.6140
0.435501 71.841 156.5157
0.438656 71.834 156.4149
0.441835 71.827 156.3118
0.445037 71.820 156.2062
0.448262 71.813 156.0981
0.451510 71.806 155.9876
0.454782 71.799 155.8747
0.458077 71.792 155.7593
0.461397 71.785 155.6414
0.464740 71.777 155.5211
0.468108 71.770 155.3982
0.471500 71.762 155.2729
0.474917 71.755 155.1451
0.478358 71.747 155.0147
0.481825 71.740 154.8819
0.485316 71.732 154.7466
0.488833 71.724 154.6087
0.492375 71.717 154.4684
0.495943 71.709 154.3255
0.499537 71.701 154.1802
0.503157 71.693 154.0324
0.506803 71.685 153.8820
0.510475 71.677 153.7293
0.514174 71.669 153.5741
0.517900 71.661 153.4164
0.521653 71.652 153.2563
0.525433 71.644 153.0938
0.529241 71.636 152.9288
0.533076 71.627 152.7616
0.536939 71.619 152.5919
0.540830 71.610 152.4200
0.544749 71.602 152.2457
0.548696 71.593 152.0692
0.552673 71.584 151.8904
0.556677 71.576 151.7095
0.560711 71.567 151.5264
0.564774 71.558 151.3411
0.568867 71.549 151.1538
0.572989 71.540 150.9645
0.577141 71.531 150.7732
0.581324 71.522 150.5800
0.585536 71.512 150.3849
0.589779 71.503 150.1880
0.594053 71.494 149.9894
0.598358 71.484 149.7891
0.602694 71.475 149.5872
0.607061 71.465 149.3838
0.611460 71.456 149.1790
0.615891 71.446 148.9728
0.620354 71.436 148.7653
0.624849 71.426 148.5566
0.629377 71.416 148.3469
0.633938 71.406 148.1362
0.638532 71.396 147.9247
0.643159 71.386 147.7123
0.647819 71.376 147.4994
0.652514 71.366 147.2859
0.657242 71.355 147.0721
0.662005 71.345 146.8580
0.666802 71.334 146.6438
0.671634 71.324 146.4297
0.676501 71.313 146.2158
0.681403 71.302 146.0022
0.686341 71.291 145.7891
0.691314 71.280 145.5767
0.696324 71.269 145.3652
0.701369 71.258 145.1546
0.706452 71.247 144.9452
0.711571 71.235 144.7369
0.716727 71.224 144.5299
0.721921 71.211 144.3238
0.727153 71.198 144.1185
0.732422 71.185 143.9134
0.737729 71.170 143.7078
0.743075 71.155 143.5010
0.748460 71.139 143.2925
0.753883 71.122 143.0817
0.759346 71.105 142.8684
0.764849 71.088 142.6524
0.770391 71.070 142.4336
0.775974 71.052 142.2119
0.781597 71.034 141.9873
0.787261 71.015 141.7599
0.792965 70.996 141.5296
0.798712 70.977 141.2964
0.804499 70.957 141.0605
0.810329 70.937 140.8217
0.816201 70.917 140.5803
0.822116 70.896 140.3361
0.828073 70.876 140.0893
0.834073 70.855 139.8400
0.840118 70.833 139.5881
0.846205 70.811 139.3338
0.852337 70.789 139.0770
0.858514 70.767 138.8180
0.864735 70.744 138.5568
0.871001 70.721 138.2934
0.877313 70.697 138.0280
0.883670 70.673 137.7607
0.890074 70.649 137.4915
0.896523 70.625 137.2207
0.903020 70.600 136.9483
0.909564 70.574 136.6744
0.916155 70.548 136.3993
0.922793 70.522 136.1230
0.929480 70.496 135.8457
0.936216 70.469 135.5677
0.943000 70.441 135.2890
0.949833 70.414 135.0099
0.956716 70.385 134.7306
0.963649 70.357 134.4513
0.970632 70.328 134.1723
0.977666 70.298 133.8937
0.984750 70.268 133.6159
0.991886 70.237 133.3391
0.999074 70.207 133.0635
1.006313 70.175 132.7896
1.013605 70.143 132.5176
1.020950 70.111 132.2478
1.028349 70.078 131.9807
1.035801 70.044 131.7165
1.043306 70.010 131.4557
1.050867 69.976 131.1986
1.058482 69.941 130.9456
1.066152 69.905 130.6972
1.073878 69.869 130.4537
1.081659 69.833 130.2155
1.089498 69.795 129.9829
1.097393 69.758 129.7560
1.105345 69.719 129.5349
1.113355 69.680 129.3197
1.121422 69.641 129.1104
1.129549 69.601 128.9067
1.137734 69.560 128.7087
1.145978 69.519 128.5163
1.154283 69.477 128.3294
1.162647 69.435 128.1479
1.171072 69.392 127.9719
1.179558 69.348 127.8011
1.188106 69.304 127.6355
1.196715 69.259 127.4751
1.205387 69.213 127.3198
1.214122 69.167 127.1694
1.222920 69.120 127.0238
1.231781 69.072 126.8830
1.240708 69.024 126.7469
1.249698 68.974 126.6152
1.258754 68.924 126.4879
1.267875 68.874 126.3648
1.277063 68.822 126.2457
1.286317 68.770 126.1305
1.295638 68.716 126.0190
1.305027 68.662 125.9109
1.314484 68.607 125.8061
1.324009 68.551 125.7043
1.333603 68.494 125.6052
1.343267 68.437 125.5087
1.353001 68.378 125.4143
1.362805 68.318 125.3217
1.372681 68.258 125.2307
1.382628 68.196 125.1409
1.392647 68.133 125.0518
1.402739 68.069 124.9632
1.412904 68.004 124.8747
1.423142 67.939 124.7860
1.433455 67.872 124.6970
1.443842 67.804 124.6079
1.454305 67.735 124.5188
1.464843 67.665 124.4307
1.475458 67.595 124.3444
1.486150 67.524 124.2612
1.496919 67.452 124.1820
1.507766 67.380 124.1077
1.518692 67.308 124.0388
1.529697 67.235 123.9758
1.540782 67.162 123.9187
1.551947 67.087 123.8680
1.563193 67.012 123.8235
1.574521 66.936 123.7855
1.585931 66.859 123.7541
1.597423 66.780 123.7291
1.608998 66.700 123.7108
1.620658 66.619 123.6991
1.632402 66.535 123.6941
1.644231 66.450 123.6957
1.656146 66.362 123.7039
1.668147 66.273 123.7188
1.680235 66.180 123.7404
1.692410 66.085 123.7686
1.704674 65.987 123.8034
1.717027 65.885 123.8447
1.729469 65.780 123.8926
1.742002 65.672 123.9470
1.754625 65.560 124.0078
1.767340 65.443 124.0751
1.780147 65.322 124.1489
1.793046 65.196 124.2294
1.806040 65.066 124.3168
1.819127 64.929 124.4116
1.832309 64.788 124.5145
1.845587 64.640 124.6264
1.858961 64.487 124.7486
1.872431 64.327 124.8820
1.886000 64.161 125.0279
1.899666 63.990 125.1874
1.913432 63.812 125.3617
1.927298 63.629 125.5521
1.941264 63.441 125.7598
1.955331 63.247 125.9863
1.969500 63.049 126.2334
1.983772 62.846 126.5027
1.998147 62.639 126.7963
2.012626 62.429 127.1166
2.027211 62.215 127.4661
2.041901 61.998 127.8477
2.056697 61.779 128.2650
2.071601 61.557 128.7218
2.086613 61.334 129.2225
2.101733 61.110 129.7724
2.116963 60.884 130.3772
2.132303 60.657 131.0438
2.147755 60.430 131.7798
2.163318 60.200 132.5938
2.178995 59.966 133.4954
2.194785 59.727 134.4955
2.210689 59.478 135.6064
2.226709 59.218 136.8436
2.242844 58.943 138.2265
2.259097 58.654 139.7806
2.275467 58.350 141.5382
2.291956 58.035 143.5401
2.308565 57.709 145.8374
2.325294 57.378 148.4924
2.342144 57.045 151.5813
2.359116 56.714 155.1941
2.376211 56.391 159.4329
2.393430 56.081 164.4044
2.410774 55.791 170.2030
2.428243 55.527 176.8784
2.445839 55.295 -175.6087
2.463562 55.105 -167.4316
2.481415 54.963 -158.9071
2.499396 54.880 -150.4427
2.517508 54.863 -142.4308
2.535750 54.922 -135.1530
2.554126 55.063 -128.7418
2.572634 55.292 -123.2051
2.591276 55.610 -118.4739
2.610054 56.014 -114.4485
2.628967 56.499 -111.0256
2.648018 57.056 -108.1115
2.667206 57.675 -105.6265
2.686534 58.344 -103.5043
2.706002 59.051 -101.6903
2.725610 59.787 -100.1402
2.745361 60.538 -98.8175
2.765255 61.296 -97.6922
2.785294 62.049 -96.7396
2.805477 62.788 -95.9392
2.825807 63.505 -95.2736
2.846284 64.193 -94.7279
2.866909 64.845 -94.2889
2.887684 65.458 -93.9447
2.908609 66.030 -93.6838
2.929686 66.564 -93.4951
2.950916 67.062 -93.3680
2.972299 67.529 -93.2931
2.993838 67.969 -93.2624
3.015532 68.387 -93.2698
3.037384 68.784 -93.3105
3.059394 69.163 -93.3810
3.081564 69.526 -93.4781
3.103894 69.875 -93.5999
3.126386 70.212 -93.7443
3.149041 70.539 -93.9101
3.171861 70.857 -94.0961
3.194845 71.168 -94.3017
3.217996 71.474 -94.5263
3.241315 71.775 -94.7699
3.264803 72.072 -95.0325
3.288461 72.364 -95.3143
3.312291 72.651 -95.6154
3.336293 72.931 -95.9350
3.360469 73.203 -96.2717
3.384820 73.467 -96.6228
3.409348 73.722 -96.9853
3.434054 73.969 -97.3558
3.458938 74.208 -97.7308
3.484003 74.439 -98.1071
3.509250 74.664 -98.4818
3.534679 74.882 -98.8525
3.560293 75.095 -99.2175
3.586092 75.302 -99.5757
3.612079 75.505 -99.9275
3.638253 75.702 -100.2740
3.664618 75.894 -100.6176
3.691173 76.080 -100.9608
3.717921 76.260 -101.3055
3.744862 76.433 -101.6514
3.771999 76.600 -101.9968
3.799332 76.760 -102.3381
3.826864 76.914 -102.6712
3.854595 77.063 -102.9911
3.882527 77.207 -103.2932
3.910661 77.345 -103.5731
3.938999 77.480 -103.8269
3.967543 77.610 -104.0524
3.996294 77.736 -104.2485
4.025252 77.857 -104.4161
4.054421 77.974 -104.5573
4.083801 78.085 -104.6743
4.113394 78.191 -104.7682
4.143201 78.293 -104.8383
4.173225 78.390 -104.8825
4.203466 78.484 -104.8973
4.233926 78.575 -104.8787
4.264606 78.665 -104.8224
4.295509 78.753 -104.7242
4.326636 78.842 -104.5806
4.357989 78.931 -104.3891
4.389569 79.020 -104.1483
4.421378 79.109 -103.8585
4.453417 79.198 -103.5209
4.485688 79.287 -103.1374
4.518193 79.377 -102.7101
4.550934 79.468 -102.2411
4.583912 79.561 -101.7327
4.617129 79.659 -101.1873
4.650587 79.762 -100.6071
4.684287 79.871 -99.9941
4.718231 79.988 -99.3501
4.752421 80.113 -98.6764
4.786859 80.247 -97.9745
4.821547 80.388 -97.2470
4.856485 80.538 -96.4990
4.891677 80.696 -95.7373
4.927125 80.862 -94.9711
4.962829 81.035 -94.2102
4.998791 81.215 -93.4644
5.035015 81.403 -92.7420
5.071500 81.597 -92.0496
5.108251 81.800 -91.3911
5.145267 82.010 -90.7679
5.182552 82.227 -90.1804
5.220107 82.452 -89.6298
5.257934 82.683 -89.1190
5.296035 82.919 -88.6525
5.334412 83.159 -88.2356
5.373067 83.402 -87.8731
5.412003 83.645 -87.5688
5.451221 83.888 -87.3246
5.490722 84.130 -87.1403
5.530510 84.372 -87.0136
5.570587 84.614 -86.9411
5.610953 84.854 -86.9195
5.651613 85.092 -86.9462
5.692567 85.328 -87.0193
5.733818 85.560 -87.1373
5.775367 85.788 -87.2994
5.817218 86.010 -87.5046
5.859372 86.228 -87.7520
5.901831 86.439 -88.0397
5.944598 86.644 -88.3649
5.987675 86.844 -88.7235
6.031065 87.037 -89.1110
6.074768 87.224 -89.5226
6.118788 87.404 -89.9542
6.163127 87.577 -90.4027
6.207788 87.743 -90.8665
6.252772 87.902 -91.3444
6.298082 88.053 -91.8354
6.343721 88.196 -92.3372
6.389690 88.333 -92.8459
6.435992 88.462 -93.3565
6.482630 88.584 -93.8636
6.529606 88.699 -94.3631
6.576922 88.808 -94.8521
6.624581 88.909 -95.3292
6.672585 89.004 -95.7936
6.720938 89.092 -96.2439
6.769640 89.174 -96.6773
6.818696 89.250 -97.0899
6.868107 89.322 -97.4776
6.917876 89.388 -97.8368
6.968006 89.450 -98.1650
7.018499 89.508 -98.4613
7.069358 89.562 -98.7252
7.120586 89.613 -98.9566
7.172184 89.662 -99.1550
7.224157 89.709 -99.3195
7.276506 89.755 -99.4493
7.329235 89.801 -99.5436
7.382345 89.847 -99.6029
7.435841 89.894 -99.6285
7.489724 89.942 -99.6233
7.543997 89.992 -99.5909
7.598664 90.044 -99.5352
7.653728 90.099 -99.4595
7.709189 90.158 -99.3670
7.765053 90.220 -99.2606
7.821322 90.287 -99.1440
7.877998 90.357 -99.0222
7.935086 90.430 -98.9008
7.992587 90.507 -98.7855
8.050504 90.587 -98.6811
8.108841 90.671 -98.5908
8.167601 90.757 -98.5172
8.226787 90.846 -98.4630
8.286402 90.936 -98.4311
8.346449 91.027 -98.4240
8.406931 91.118 -98.4440
8.467851 91.209 -98.4922
8.529212 91.299 -98.5686
8.591018 91.388 -98.6722
8.653272 91.475 -98.8014
8.715977 91.559 -98.9547
8.779137 91.640 -99.1305
8.842754 91.717 -99.3271
8.906833 91.791 -99.5420
8.971375 91.860 -99.7721
9.036386 91.925 -100.0135
9.101867 91.986 -100.2624
9.167823 92.042 -100.5153
9.234257 92.094 -100.7694
9.301172 92.142 -101.0219
9.368572 92.186 -101.2696
9.436460 92.226 -101.5091
9.504841 92.263 -101.7373
9.573717 92.298 -101.9520
9.643092 92.330 -102.1518
9.712970 92.360 -102.3358
9.783354 92.389 -102.5035
9.854248 92.418 -102.6547
9.925656 92.447 -102.7896
9.997581 92.477 -102.9093
10.070028 92.508 -103.0159
10.143000 92.541 -103.1122
10.216500 92.577 -103.2015
10.290533 92.615 -103.2869
10.365103 92.655 -103.3718
10.440212 92.699 -103.4599
10.515866 92.746 -103.5557
10.592069 92.795 -103.6634
10.668823 92.847 -103.7866
10.746134 92.902 -103.9283
10.824005 92.958 -104.0914
10.902440 93.016 -104.2781
10.981443 93.075 -104.4905
11.061020 93.134 -104.7297
11.141172 93.193 -104.9958
11.221906 93.251 -105.2881
11.303225 93.308 -105.6057
11.385133 93.363 -105.9469
11.467634 93.415 -106.3096
11.550734 93.465 -106.6911
11.634435 93.513 -107.0877
11.718742 93.557 -107.4960
11.803661 93.597 -107.9124
11.889195 93.635 -108.3331
11.975349 93.669 -108.7542
12.062128 93.701 -109.1716
12.149535 93.730 -109.5818
12.237576 93.757 -109.9816
12.326254 93.782 -110.3683
12.415575 93.805 -110.7394
12.505544 93.828 -111.0930
12.596164 93.851 -111.4279
12.687441 93.875 -111.7440
12.779379 93.900 -112.0416
12.871984 93.927 -112.3216
12.965260 93.956 -112.5857
13.059211 93.988 -112.8364
13.153843 94.023 -113.0768
13.249161 94.062 -113.3103
13.345170 94.104 -113.5404
13.441875 94.150 -113.7709
13.539280 94.199 -114.0056
13.637391 94.252 -114.2481
13.736214 94.307 -114.5012
13.835752 94.364 -114.7673
13.936011 94.423 -115.0481
14.036998 94.483 -115.3447
14.138716 94.543 -115.6567
14.241171 94.603 -115.9835
14.344368 94.662 -116.3231
14.448313 94.719 -116.6731
14.553011 94.774 -117.0302
14.658468 94.827 -117.3906
14.764689 94.877 -117.7504
14.871680 94.924 -118.1054
14.979446 94.970 -118.4515
15.087994 95.013 -118.7851
15.197328 95.054 -119.1032
15.307454 95.094 -119.4036
15.418378 95.133 -119.6850
15.530106 95.172 -119.9474
15.642643 95.212 -120.1917
15.755996 95.253 -120.4202
15.870171 95.296 -120.6360
15.985172 95.340 -120.8430
16.101007 95.386 -121.0457
16.217682 95.434 -121.2485
16.335201 95.483 -121.4556
16.453573 95.533 -121.6708
16.572803 95.583 -121.8966
16.692898 95.633 -122.1345
16.813862 95.681 -122.3847
16.935701 95.727 -122.6461
17.058424 95.770 -122.9161
17.182035 95.810 -123.1916
17.306543 95.847 -123.4684
17.431953 95.880 -123.7422
17.558273 95.909 -124.0088
17.685509 95.936 -124.2643
17.813665 95.959 -124.5060
17.942751 95.981 -124.7321
18.072771 96.002 -124.9420
18.203733 96.021 -125.1364
18.335646 96.041 -125.3171
18.468513 96.061 -125.4865
18.602345 96.081 -125.6472
18.737144 96.102 -125.8018
18.872921 96.124 -125.9525
19.009682 96.145 -126.1002
19.147434 96.167 -126.2453
19.286184 96.189 -126.3870
19.425940 96.210 -126.5239
19.566708 96.233 -126.6545
19.708496 96.256 -126.7779
19.851313 96.280 -126.8943
19.995163 96.307 -127.0054
20.140057 96.338 -127.1152
20.285999 96.372 -127.2295
20.433001 96.410 -127.3559
20.581066 96.452 -127.5028
20.730206 96.498 -127.6785
20.880424 96.546 -127.8901
21.031733 96.595 -128.1419
21.184137 96.643 -128.4349
21.337646 96.688 -128.7662
21.492268 96.727 -129.1288
21.648010 96.761 -129.5121
21.804880 96.788 -129.9031
21.962887 96.809 -130.2874
22.122040 96.823 -130.6517
22.282345 96.834 -130.9844
22.443811 96.841 -131.2782
22.606449 96.849 -131.5305
22.770266 96.860 -131.7444
22.935268 96.874 -131.9276
23.101467 96.894 -132.0919
23.268869 96.919 -132.2503
23.437485 96.949 -132.4156
23.607323 96.983 -132.5973
23.778391 97.018 -132.8003
23.950699 97.052 -133.0240
24.124256 97.084 -133.2629
24.299070 97.112 -133.5071
24.475151 97.137 -133.7454
24.652508 97.158 -133.9666
24.831150 97.177 -134.1625
25.011087 97.196 -134.3294
25.192327 97.217 -134.4687
25.374882 97.242 -134.5873
25.558758 97.270 -134.6953
25.743967 97.303 -134.8049
25.930519 97.339 -134.9267
26.118422 97.377 -135.0683
26.307686 97.415 -135.2328
26.498322 97.451 -135.4183
26.690340 97.485 -135.6192
26.883749 97.516 -135.8278
27.078560 97.544 -136.0367
27.274782 97.570 -136.2405
27.472427 97.594 -136.4372
27.671503 97.619 -136.6285
27.872023 97.644 -136.8185
28.073996 97.668 -137.0125
28.277431 97.693 -137.2142
28.482342 97.716 -137.4245
28.688736 97.736 -137.6399
28.896626 97.754 -137.8535
29.106022 97.768 -138.0557
29.316936 97.780 -138.2374
29.529379 97.791 -138.3917
29.743361 97.803 -138.5166
29.958893 97.819 -138.6157
30.175987 97.840 -138.6980
30.394655 97.866 -138.7758
30.614908 97.897 -138.8622
30.836756 97.932 -138.9674
31.060211 97.970 -139.0972
31.285286 98.008 -139.2515
31.511992 98.045 -139.4245
31.740341 98.079 -139.6071
31.970345 98.111 -139.7885
32.202015 98.141 -139.9594
32.435364 98.171 -140.1138
32.670403 98.201 -140.2498
32.907146 98.233 -140.3696
33.145607 98.267 -140.4779
33.385796 98.303 -140.5804
33.627724 98.341 -140.6817
33.871403 98.381 -140.7835
34.116848 98.421 -140.8848
34.364071 98.460 -140.9820
34.613087 98.500 -141.0710
34.863907 98.540 -141.1487
35.116547 98.581 -141.2152
35.371017 98.624 -141.2738
35.627331 98.669 -141.3303
35.885502 98.715 -141.3903
36.145542 98.762 -141.4567
36.407467 98.808 -141.5266
36.671291 98.852 -141.5921
36.937027 98.894 -141.6419
37.204689 98.936 -141.6667
37.474289 98.982 -141.6650
37.745842 99.033 -141.6475
38.019363 99.093 -141.6366
38.294868 99.160 -141.6617
38.572369 99.231 -141.7489
38.851879 99.301 -141.9109
39.133415 99.366 -142.1407
39.416992 99.419 -142.4120
39.702625 99.461 -142.6866
39.990326 99.494 -142.9274
40.280113 99.523 -143.1114
40.571999 99.555 -143.2384
40.866001 99.596 -143.3318
41.162132 99.647 -143.4293
41.460411 99.708 -143.5680
41.760849 99.773 -143.7713
42.063465 99.838 -144.0417
42.368275 99.899 -144.3633
42.675293 99.953 -144.7111
42.984535 100.004 -145.0616
43.296021 100.052 -145.3997
43.609760 100.101 -145.7209
43.925774 100.152 -146.0278
44.244080 100.206 -146.3262
44.564690 100.264 -146.6212
44.887623 100.326 -146.9175
45.212898 100.392 -147.2195
45.540531 100.460 -147.5310
45.870537 100.530 -147.8528
46.202934 100.600 -148.1795
46.537739 100.669 -148.4995
46.874969 100.740 -148.8003
47.214645 100.814 -149.0788
47.556782 100.895 -149.3493
47.901398 100.984 -149.6443
48.248512 101.079 -150.0017
48.598141 101.172 -150.4447
48.950302 101.254 -150.9642
49.305016 101.320 -151.5161
49.662300 101.370 -152.0367
50.022175 101.411 -152.4734
50.384655 101.453 -152.8134
50.749763 101.509 -153.0966
51.117516 101.580 -153.3991
51.487934 101.662 -153.7927
51.861038 101.744 -154.3073
52.236843 101.815 -154.9183
52.615372 101.871 -155.5679
52.996643 101.916 -156.2026
53.380680 101.958 -156.8047
53.767498 102.003 -157.3961
54.157120 102.049 -158.0126
54.549564 102.092 -158.6697
54.944855 102.126 -159.3463
55.343006 102.149 -159.9969
55.744045 102.167 -160.5853
56.147991 102.188 -161.1113
56.554863 102.218 -161.6145
56.964684 102.256 -162.1491
57.377472 102.294 -162.7488
57.793251 102.323 -163.4050
58.212044 102.340 -164.0731
58.633873 102.347 -164.7005
59.058758 102.350 -165.2622
59.486721 102.361 -165.7813
59.917786 102.382 -166.3196
60.351974 102.410 -166.9398
60.789310 102.432 -167.6632
61.229816 102.441 -168.4546
61.673512 102.433 -169.2458
62.120422 102.416 -169.9819
62.570572 102.399 -170.6543
63.023983 102.388 -171.2975
63.480682 102.384 -171.9553
63.940689 102.382 -172.6475
64.404030 102.377 -173.3641
64.870728 102.367 -174.0831
65.340805 102.354 -174.7892
65.814293 102.339 -175.4792
66.291214 102.321 -176.1553
66.771591 102.302 -176.8199
67.255447 102.279 -177.4755
67.742805 102.253 -178.1234
68.233696 102.222 -178.7631
68.728142 102.186 -179.3915
69.226173 102.145 179.9960
69.727814 102.098 179.4052
70.233093 102.047 178.8443
70.742035 101.992 178.3223
71.254662 101.937 177.8425
71.771004 101.885 177.3978
72.291084 101.839 176.9730
72.814934 101.798 176.5516
73.342583 101.764 176.1201
73.874054 101.734 175.6693
74.409378 101.708 175.1967
74.948578 101.684 174.7083
75.491684 101.662 174.2119
76.038727 101.641 173.7073
76.589737 101.621 173.1874
77.144737 101.596 172.6535
77.703758 101.562 172.1282
78.266830 101.519 171.6473
78.833984 101.470 171.2360
79.405251 101.418 170.8934
79.980652 101.365 170.6007
80.560226 101.311 170.3396
81.143997 101.256 170.0988
81.732002 101.202 169.8671
82.324265 101.148 169.6279
82.920822 101.094 169.3667
83.521698 101.039 169.0799
84.126930 100.984 168.7739
84.736549 100.930 168.4562
85.350586 100.877 168.1321
85.969070 100.827 167.8098
86.592041 100.778 167.5045
87.219521 100.733 167.2341
87.851547 100.692 167.0078
88.488159 100.658 166.8171
89.129379 100.630 166.6388
89.775246 100.604 166.4491
90.425797 100.577 166.2375
91.081062 100.544 166.0079
91.741074 100.504 165.7667
92.405869 100.460 165.5115
93.075478 100.410 165.2318
93.749939 100.356 164.9223
94.429291 100.295 164.5934
95.113564 100.228 164.2681
95.802795 100.157 163.9687
96.497025 100.086 163.7117
97.196281 100.015 163.5116
97.900604 99.947 163.3792
98.610031 99.885 163.3107
99.324600 99.832 163.2816
100.044350 99.788 163.2572
100.769310 99.749 163.2094
101.499527 99.714 163.1276
102.235031 99.680 163.0149
102.975868 99.647 162.8782
103.722076 99.615 162.7238
104.473686 99.582 162.5606
105.230743 99.549 162.4002
105.993286 99.514 162.2494
106.761360 99.478 162.1011
107.534996 99.439 161.9306
108.314240 99.396 161.7058
109.099129 99.345 161.4086
109.889709 99.288 161.0473
110.686012 99.230 160.6444
111.488091 99.181 160.2213
112.295982 99.148 159.7991
113.109726 99.136 159.4128
113.929367 99.145 159.1163
114.754944 99.171 158.9743
115.586502 99.207 159.0472
116.424088 99.246 159.3655
117.267746 99.287 159.8923
118.117516 99.324 160.4937
118.973442 99.352 160.9400
119.835571 99.352 160.9850
120.703949 99.302 160.5092
121.578621 99.195 159.5757
122.459633 99.047 158.3353
123.347023 98.890 156.9354
124.240845 98.754 155.5168
125.141144 98.657 154.2330
126.047966 98.601 153.2284
126.961365 98.574 152.5910
127.881378 98.556 152.3440
128.808060 98.530 152.4501
129.741455 98.488 152.7890
130.681610 98.429 153.1907
131.628586 98.356 153.5234
132.582428 98.276 153.7424
133.543182 98.199 153.8966
134.510895 98.127 154.1220
135.485611 98.058 154.6081
136.467392 97.980 155.5381
137.456284 97.881 157.0386
138.452347 97.754 159.1629
139.455627 97.606 161.8817
140.466187 97.462 165.0040
141.484070 97.355 167.9994
142.509323 97.298 169.9459
143.542007 97.262 170.0162
144.582169 97.204 168.2116
145.629868 97.122 165.3378
146.685165 97.054 162.3511
147.748108 97.037 159.8843
148.818756 97.076 158.1281
149.897156 97.142 156.9500
150.983368 97.196 156.1042
152.077454 97.208 155.3960
153.179474 97.168 154.7631
154.289474 97.091 154.2504
155.407516 97.005 153.8935
156.533661 96.929 153.6791
157.667969 96.869 153.5810
158.810501 96.818 153.5494
159.961304 96.768 153.5090
161.120453 96.710 153.4024
162.287994 96.647 153.2470
163.464005 96.594 153.1181
164.648529 96.568 153.0652
165.841644 96.579 153.0664
167.043396 96.616 153.0574
168.253860 96.655 153.0022
169.473099 96.678 152.9104
170.701172 96.675 152.7917
171.938141 96.645 152.6507
173.184082 96.588 152.5253
174.439041 96.507 152.4872
175.703094 96.413 152.5867
176.976318 96.316 152.8136
178.258759 96.224 153.1123
179.550491 96.144 153.4177
180.851593 96.080 153.6847
182.162125 96.030 153.9095
183.482147 95.990 154.1196
184.811737 95.953 154.3297
186.150955 95.911 154.5097
187.499878 95.854 154.6009
188.858582 95.776 154.5767
190.227127 95.679 154.4701
191.605591 95.574 154.3377
192.994049 95.471 154.2320
194.392563 95.376 154.1929
195.801208 95.290 154.2396
197.220062 95.210 154.3680
198.649200 95.130 154.5579
200.088699 95.051 154.7846
201.538620 94.972 155.0268
202.999054 94.897 155.2644
204.470062 94.826 155.4783
205.951736 94.756 155.6636
207.444153 94.686 155.8355
208.947372 94.611 156.0176
210.461487 94.533 156.2285
211.986572 94.452 156.4798
213.522720 94.370 156.7816
215.069992 94.289 157.1403
216.628479 94.214 157.5559
218.198257 94.146 158.0211
219.779419 94.088 158.5167
221.372025 94.038 159.0200
222.976181 93.990 159.5229
224.591965 93.936 160.0297
226.219452 93.872 160.5354
227.858734 93.798 161.0158
229.509888 93.725 161.4393
231.173004 93.666 161.8058
232.848175 93.627 162.1827
234.535492 93.606 162.6810
236.235031 93.594 163.3764
237.946884 93.583 164.2616
239.671143 93.565 165.2818
241.407898 93.540 166.4114
243.157242 93.507 167.6926
244.919266 93.473 169.1651
246.694046 93.448 170.7311
248.481689 93.446 172.0952
250.282288 93.473 172.8971
252.095932 93.517 173.0114
253.922729 93.567 172.6936
255.762756 93.616 172.3216
257.616119 93.662 172.1294
259.482910 93.705 172.1603
261.363220 93.747 172.3545
263.257172 93.791 172.6293
265.164856 93.834 172.8982
267.086365 93.873 173.0777
269.021790 93.901 173.1337
270.971222 93.922 173.1093
272.934784 93.939 173.0845
274.912567 93.957 173.1222
276.904694 93.976 173.2333
278.911255 93.992 173.3824
280.932373 94.007 173.5291
282.968140 94.019 173.6628
285.018646 94.030 173.7966
287.084015 94.041 173.9412
289.164337 94.052 174.0932
291.259735 94.065 174.2427
293.370331 94.082 174.3843
295.496216 94.102 174.5178
297.637512 94.127 174.6455
299.794312 94.154 174.7730
301.966736 94.184 174.9071
304.154907 94.218 175.0500
306.358948 94.255 175.1990
308.578949 94.291 175.3470
310.815033 94.323 175.4851
313.067322 94.347 175.6094
315.335938 94.361 175.7275
317.621002 94.368 175.8509
319.922607 94.373 175.9848
322.240906 94.379 176.1286
324.575989 94.389 176.2745
326.928009 94.402 176.4087
329.297058 94.419 176.5154
331.683289 94.439 176.5868
334.086792 94.461 176.6304
336.507721 94.481 176.6610
338.946198 94.500 176.6940
341.402344 94.516 176.7390
343.876282 94.531 176.7948
346.368164 94.546 176.8496
348.878082 94.561 176.8893
351.406189 94.577 176.9069
353.952637 94.592 176.9057
356.517517 94.608 176.8949
359.100983 94.622 176.8844
361.703186 94.635 176.8806
364.324249 94.646 176.8857
366.964294 94.657 176.8989
369.623474 94.666 176.9200
372.301910 94.674 176.9487
374.999756 94.681 176.9809
377.717163 94.686 177.0097
380.454254 94.691 177.0311
383.211182 94.695 177.0474
385.988098 94.699 177.0632
388.785126 94.704 177.0814
391.602417 94.708 177.1011
394.440125 94.711 177.1194
397.298401 94.714 177.1337
400.177399 94.716 177.1434
403.077240 94.719 177.1501
405.998108 94.720 177.1557
408.940125 94.719 177.1630
411.903473 94.715 177.1741
414.888306 94.711 177.1883
417.894745 94.706 177.2022
420.922974 94.703 177.2131
423.973145 94.701 177.2198
427.045441 94.701 177.2237
430.139984 94.701 177.2285
433.256958 94.702 177.2372
436.396515 94.701 177.2509
439.558838 94.697 177.2695
442.744049 94.692 177.2914
445.952362 94.685 177.3130
449.183929 94.677 177.3325
452.438904 94.670 177.3510
455.717468 94.662 177.3719
459.019775 94.654 177.3976
462.346008 94.647 177.4286
465.696350 94.639 177.4651
469.070984 94.632 177.5056
472.470062 94.625 177.5483
475.893768 94.617 177.5915
479.342285 94.610 177.6347
482.815796 94.602 177.6783
486.314484 94.593 177.7236
489.838531 94.584 177.7737
493.388092 94.574 177.8321
496.963379 94.565 177.9011
500.564575 94.555 177.9782
504.191864 94.545 178.0571
507.845459 94.536 178.1318
511.525513 94.526 178.2012
515.232239 94.517 178.2684
518.965820 94.506 178.3376
522.726440 94.495 178.4095
526.514343 94.483 178.4825
530.329712 94.470 178.5550
534.172729 94.458 178.6260
538.043579 94.446 178.6953
541.942444 94.434 178.7643
545.869568 94.422 178.8346
549.825134 94.410 178.9080
553.809387 94.398 178.9877
557.822510 94.386 179.0758
561.864746 94.373 179.1714
565.936279 94.360 179.2719
570.037292 94.346 179.3765
574.168030 94.332 179.4863
578.328674 94.318 179.6046
582.519470 94.306 179.7375
586.740662 94.295 179.8883
590.992432 94.285 -179.9490
595.275024 94.276 -179.7853
599.588623 94.265 -179.6274
603.933472 94.254 -179.4763
608.309814 94.242 -179.3290
612.717896 94.229 -179.1813
617.157898 94.217 -179.0298
621.630066 94.206 -178.8728
626.134644 94.196 -178.7106
630.671875 94.187 -178.5450
635.242004 94.177 -178.3774
639.845215 94.167 -178.2080
644.481812 94.156 -178.0356
649.151978 94.146 -177.8569
653.856018 94.135 -177.6667
658.594116 94.126 -177.4614
663.366577 94.117 -177.2410
668.173584 94.109 -177.0073
673.015442 94.102 -176.7628
677.892395 94.095 -176.5091
682.804688 94.090 -176.2473
687.752563 94.086 -175.9775
692.736328 94.083 -175.6998
697.756165 94.080 -175.4131
702.812378 94.077 -175.1165
707.905273 94.074 -174.8099
713.035034 94.070 -174.4949
718.201965 94.065 -174.1737
723.406372 94.061 -173.8487
728.648499 94.056 -173.5207
733.928589 94.053 -173.1880
739.246948 94.051 -172.8481
744.603821 94.050 -172.4998
749.999512 94.050 -172.1438
755.434326 94.050 -171.7814
760.908508 94.051 -171.4138
766.422363 94.053 -171.0406
771.976196 94.055 -170.6608
777.570251 94.059 -170.2742
783.204834 94.064 -169.8810
788.880249 94.070 -169.4830
794.596802 94.076 -169.0818
800.354797 94.084 -168.6796
806.154480 94.092 -168.2771
811.996216 94.102 -167.8727
817.880249 94.114 -167.4639
823.806946 94.126 -167.0481
829.776611 94.139 -166.6247
835.789490 94.154 -166.1943
841.845947 94.170 -165.7573
847.946289 94.188 -165.3135
854.090881 94.209 -164.8623
860.279968 94.233 -164.4048
866.513916 94.259 -163.9438
872.793030 94.290 -163.4829
879.117676 94.323 -163.0258
885.488098 94.361 -162.5780
891.904724 94.402 -162.1462
898.367859 94.446 -161.7377
904.877808 94.492 -161.3589
911.434937 94.539 -161.0157
918.039551 94.585 -160.7115
924.692017 94.629 -160.4459
931.392700 94.669 -160.2142
938.141968 94.703 -160.0074
944.940125 94.730 -159.8133
951.787537 94.750 -159.6168
958.684570 94.763 -159.4006
965.631592 94.769 -159.1468
972.628967 94.770 -158.8382
979.677063 94.768 -158.4625
986.776184 94.768 -158.0168
993.926758 94.770 -157.5078
1001.129150 94.779 -156.9487
1008.383728 94.795 -156.3562
1015.690918 94.821 -155.7479
1023.051025 94.855 -155.1399
1030.464478 94.897 -154.5449
1037.931641 94.946 -153.9710
1045.452881 95.001 -153.4217
1053.028687 95.060 -152.8972
1060.659424 95.121 -152.3972
1068.345459 95.185 -151.9221
1076.087158 95.250 -151.4734
1083.884888 95.316 -151.0518
1091.739136 95.382 -150.6554
1099.650269 95.447 -150.2800
1107.618774 95.511 -149.9208
1115.645020 95.575 -149.5742
1123.729492 95.638 -149.2391
1131.872559 95.700 -148.9157
1140.074585 95.761 -148.6056
1148.336060 95.822 -148.3109
1156.657349 95.882 -148.0335
1165.038940 95.941 -147.7740
1173.481323 95.999 -147.5329
1181.984863 96.056 -147.3109
1190.550049 96.112 -147.1077
1199.177246 96.168 -146.9214
1207.866943 96.222 -146.7490
1216.619629 96.276 -146.5868
1225.435791 96.329 -146.4318
1234.315796 96.382 -146.2812
1243.260132 96.434 -146.1345
1252.269287 96.486 -145.9921
1261.343750 96.537 -145.8542
1270.484009 96.588 -145.7185
1279.690430 96.638 -145.5820
1288.963623 96.689 -145.4423
1298.303955 96.739 -145.2986
1307.712036 96.789 -145.1512
1317.188232 96.838 -145.0001
1326.733154 96.887 -144.8461
1336.347168 96.935 -144.6895
1346.030884 96.984 -144.5315
1355.784790 97.032 -144.3727
1365.609375 97.081 -144.2128
1375.505127 97.131 -144.0508
1385.472656 97.180 -143.8857
1395.512329 97.229 -143.7164
1405.624756 97.279 -143.5423
1415.810547 97.329 -143.3638
1426.070068 97.379 -143.1815
1436.403931 97.430 -142.9959
1446.812744 97.481 -142.8079
1457.296997 97.532 -142.6182
1467.857178 97.584 -142.4276
1478.493896 97.636 -142.2359
1489.207642 97.689 -142.0416
1499.999023 97.742 -141.8433
1510.868652 97.796 -141.6411
1521.817017 97.850 -141.4359
1532.844727 97.907 -141.2288
1543.952393 97.964 -141.0201
1555.140503 98.023 -140.8098
1566.409668 98.082 -140.5980
1577.760498 98.142 -140.3852
1589.193604 98.202 -140.1716
1600.709595 98.263 -139.9573
1612.308960 98.324 -139.7418
1623.992432 98.387 -139.5232
1635.760498 98.449 -139.2992
1647.613892 98.513 -139.0685
1659.553223 98.579 -138.8321
1671.578979 98.646 -138.5932
1683.691895 98.714 -138.3557
1695.892578 98.783 -138.1222
1708.181763 98.855 -137.8933
1720.559937 98.929 -137.6674
1733.027832 99.004 -137.4418
1745.586060 99.080 -137.2158
1758.235352 99.158 -136.9899
1770.976196 99.236 -136.7646
1783.809448 99.316 -136.5398
1796.735718 99.398 -136.3149
1809.755615 99.481 -136.0902
1822.869873 99.565 -135.8671
1836.079102 99.651 -135.6476
1849.384033 99.739 -135.4334
1862.785400 99.828 -135.2247
1876.283936 99.919 -135.0207
1889.880249 100.012 -134.8210
1903.575073 100.106 -134.6265
1917.369141 100.203 -134.4379
1931.263184 100.301 -134.2545
1945.257935 100.400 -134.0740
1959.354126 100.501 -133.8947
1973.552368 100.602 -133.7165
1987.853516 100.705 -133.5406
2002.258301 100.810 -133.3688
2016.767456 100.916 -133.2017
2031.381836 101.023 -133.0387
2046.102051 101.132 -132.8785
2060.928955 101.243 -132.7198
2075.863281 101.356 -132.5615
2090.905762 101.470 -132.4026
2106.057373 101.587 -132.2419
2121.318848 101.707 -132.0790
2136.690918 101.831 -131.9141
2152.174316 101.957 -131.7480
2167.769775 102.088 -131.5810
2183.478271 102.223 -131.4140
2199.300537 102.363 -131.2487
2215.237549 102.509 -131.0880
2231.290039 102.661 -130.9362
2247.458984 102.819 -130.7995
2263.745117 102.984 -130.6848
2280.149170 103.157 -130.6005
2296.672119 103.336 -130.5568
2313.314697 103.522 -130.5634
2330.077881 103.712 -130.6271
2346.962646 103.906 -130.7503
2363.969727 104.101 -130.9309
2381.100098 104.296 -131.1638
2398.354492 104.492 -131.4434
2415.733887 104.689 -131.7664
2433.239258 104.886 -132.1317
2450.871582 105.084 -132.5401
2468.631592 105.284 -132.9916
2486.520264 105.485 -133.4855
2504.538574 105.688 -134.0212
2522.687500 105.892 -134.6010
2540.968018 106.100 -135.2310
2559.380859 106.311 -135.9205
2577.927246 106.525 -136.6818
2596.607910 106.742 -137.5278
2615.424072 106.960 -138.4710
2634.376465 107.176 -139.5217
2653.466309 107.388 -140.6855
2672.694336 107.591 -141.9632
2692.061768 107.784 -143.3495
2711.569580 107.963 -144.8344
2731.218750 108.126 -146.4039
2751.010254 108.272 -148.0424
2770.945312 108.399 -149.7328
2791.024658 108.508 -151.4590
2811.249512 108.598 -153.2055
2831.621094 108.670 -154.9586
2852.140137 108.723 -156.7050
2872.807861 108.760 -158.4331
2893.625488 108.781 -160.1318
2914.593994 108.787 -161.7910
2935.714355 108.780 -163.4020
2956.987793 108.759 -164.9576
2978.415283 108.728 -166.4518
2999.998047 108.687 -167.8805
3021.737305 108.639 -169.2419
3043.634033 108.584 -170.5361
3065.689453 108.524 -171.7651
3087.904785 108.460 -172.9332
3110.281006 108.394 -174.0454
3132.819336 108.326 -175.1081
3155.520996 108.257 -176.1280
3178.387207 108.186 -177.1119
3201.419189 108.114 -178.0657
3224.617920 108.040 -178.9929
3247.984863 107.963 -179.8946
3271.520996 107.882 179.2307
3295.227783 107.797 178.3867
3319.106445 107.706 177.5794
3343.157959 107.609 176.8172
3367.383789 107.507 176.1092
3391.785156 107.400 175.4645
3416.363525 107.290 174.8913
3441.119873 107.176 174.3968
3466.055664 107.061 173.9868
3491.172119 106.948 173.6654
3516.470703 106.837 173.4338
3541.952393 106.731 173.2901
3567.618896 106.632 173.2283
3593.471436 106.541 173.2395
3619.511230 106.461 173.3118
3645.739746 106.391 173.4330
3672.158203 106.331 173.5910
3698.768066 106.283 173.7753
3725.570801 106.244 173.9769
3752.567871 106.215 174.1889
3779.760498 106.196 174.4062
3807.150146 106.184 174.6262
3834.738281 106.181 174.8470
3862.526367 106.185 175.0675
3890.515869 106.196 175.2865
3918.708252 106.214 175.5036
3947.104736 106.238 175.7185
3975.707031 106.270 175.9315
4004.516602 106.309 176.1425
4033.534912 106.355 176.3516
4062.763672 106.410 176.5580
4092.204102 106.473 176.7601
4121.857910 106.546 176.9549
4151.726562 106.628 177.1385
4181.811523 106.721 177.3055
4212.114746 106.825 177.4491
4242.637695 106.940 177.5615
4273.381836 107.067 177.6342
4304.348633 107.206 177.6586
4335.539551 107.357 177.6260
4366.956543 107.519 177.5277
4398.601074 107.693 177.3552
4430.475098 107.877 177.0998
4462.580078 108.073 176.7526
4494.917969 108.280 176.3035
4527.490234 108.497 175.7404
4560.298340 108.724 175.0491
4593.344238 108.960 174.2131
4626.629395 109.204 173.2146
4660.155762 109.453 172.0347
4693.925293 109.705 170.6551
4727.939453 109.954 169.0594
4762.200195 110.197 167.2348
4796.708984 110.428 165.1738
4831.467773 110.641 162.8754
4866.478516 110.830 160.3465
4901.743164 110.987 157.6021
4937.263184 111.107 154.6665
4973.040527 111.185 151.5722
5009.077148 111.215 148.3596
5045.375000 111.195 145.0755
5081.936035 111.122 141.7706
5118.761719 110.996 138.4967
5155.854492 110.819 135.3043
5193.215820 110.592 132.2411
5230.848145 110.321 129.3494
5268.752930 110.010 126.6649
5306.932617 109.665 124.2155
5345.388672 109.292 122.0203
5384.123535 108.898 120.0898
5423.139160 108.489 118.4271
5462.437500 108.070 117.0287
5502.020508 107.647 115.8860
5541.890625 107.224 114.9872
5582.049316 106.805 114.3176
5622.499023 106.394 113.8613
5663.242188 105.992 113.6015
5704.280273 105.602 113.5215
5745.615723 105.225 113.6051
5787.250977 104.863 113.8376
5829.187988 104.515 114.2051
5871.428711 104.182 114.6948
5913.975586 103.866 115.2946
5956.830566 103.565 115.9942
5999.996094 103.280 116.7848
6043.474609 103.011 117.6591
6087.268066 102.758 118.6104
6131.378906 102.521 119.6317
6175.809570 102.301 120.7160
6220.562012 102.096 121.8569
6265.638672 101.908 123.0490
6311.041992 101.737 124.2872
6356.774414 101.582 125.5668
6402.838379 101.444 126.8835
6449.235840 101.324 128.2331
6495.969727 101.222 129.6117
6543.041992 101.138 131.0151
6590.455566 101.073 132.4389
6638.212891 101.026 133.8787
6686.315918 100.999 135.3302
6734.767578 100.993 136.7881
6783.570312 101.007 138.2460
6832.727051 101.044 139.6973
6882.239746 101.104 141.1341
6932.111328 101.188 142.5475
6982.344238 101.298 143.9268
7032.941406 101.436 145.2599
7083.904785 101.602 146.5320
7135.237793 101.798 147.7261
7186.942871 102.028 148.8218
7239.022461 102.293 149.7939
7291.479492 102.595 150.6106
7344.316406 102.937 151.2324
7397.536133 103.319 151.6105
7451.141602 103.742 151.6870
7505.135742 104.202 151.3954
7559.520996 104.696 150.6632
7614.300293 105.214 149.4160
7669.476562 105.744 147.5839
7725.052734 106.269 145.1089
7781.031738 106.768 141.9533
7837.416504 107.218 138.1095
7894.209473 107.593 133.6088
7951.414062 107.868 128.5274
8009.033203 108.021 122.9894
8067.069824 108.034 117.1607
8125.527344 107.898 111.2371
8184.408203 107.610 105.4244
8243.715820 107.180 99.9179
8303.453125 106.620 94.8837
8363.623047 105.953 90.4469
8424.229492 105.200 86.6880
8485.275391 104.387 83.6444
8546.763672 103.535 81.3159
8608.697266 102.667 79.6725
8671.079102 101.800 78.6625
8733.913086 100.948 78.2214
8797.202148 100.122 78.2788
8860.950195 99.330 78.7655
8925.160156 98.574 79.6187
8989.835938 97.855 80.7866
9054.980469 97.175 82.2287
9120.596680 96.532 83.9151
9186.688477 95.926 85.8208
9253.258789 95.358 87.9178
9320.311523 94.831 90.1669
9387.850586 94.343 92.5169
9455.878906 93.894 94.9186
9524.400391 93.479 97.3442
9593.417969 93.091 99.7916
9662.935547 92.727 102.2694
9732.957031 92.386 104.7824
9803.486328 92.064 107.3306
9874.526367 91.760 109.9140
9946.081055 91.474 112.5365
10018.154297 91.203 115.2068
10090.750000 90.949 117.9392
10163.872070 90.710 120.7524
10237.523438 90.489 123.6698
10311.708984 90.285 126.7197
10386.431641 90.100 129.9329
10461.696289 89.934 133.3350
10537.505859 89.789 136.9353
10613.865234 89.665 140.7218
10690.777344 89.560 144.6676
10768.247070 89.476 148.7412
10846.278320 89.412 152.9141
10924.875000 89.368 157.1645
11004.041016 89.346 161.4775
11083.781250 89.345 165.8439
11164.098633 89.366 170.2584
11244.998047 89.412 174.7155
11326.484375 89.483 179.2081
11408.560547 89.583 -176.2734
11491.231445 89.712 -171.7407
11574.501953 89.872 -167.2071
11658.375977 90.063 -162.6844
11742.857422 90.285 -158.1794
11827.951172 90.539 -153.6921
11913.661133 90.826 -149.2173
11999.992188 91.150 -144.7463
12086.949219 91.515 -140.2725
12174.536133 91.928 -135.7985
12262.757812 92.398 -131.3428
12351.619141 92.935 -126.9406
12441.124023 93.549 -122.6446
12531.277344 94.250 -118.5301
12622.083984 95.046 -114.7002
12713.548828 95.938 -111.2885
12805.676758 96.926 -108.4583
12898.471680 97.995 -106.3977
12991.939453 99.123 -105.3057
13086.083984 100.279 -105.3697
13180.911133 101.419 -106.7392
13276.425781 102.494 -109.5009
13372.631836 103.451 -113.6559
13469.535156 104.232 -119.0982
13567.140625 104.786 -125.5927
13665.454102 105.067 -132.7646
13764.479492 105.052 -140.1204
13864.222656 104.745 -147.1208
13964.688477 104.172 -153.2802
14065.882812 103.383 -158.2322
14167.809570 102.434 -161.7455
14270.475586 101.386 -163.7121
14373.885742 100.300 -164.1305
14478.044922 99.231 -163.0915
14582.958984 98.231 -160.7621
14688.632812 97.343 -157.3646
14795.072266 96.598 -153.1505
14902.283203 96.015 -148.3759
15010.271484 95.605 -143.2819
15119.041992 95.369 -138.0908
15228.600586 95.307 -133.0138
15338.953125 95.416 -128.2657
15450.105469 95.688 -124.0769
15562.063477 96.108 -120.6945
15674.833008 96.649 -118.3671
15788.418945 97.273 -117.3171
15902.828125 97.930 -117.7101
16018.066406 98.558 -119.6281
16134.139648 99.092 -123.0474
16251.054688 99.467 -127.8201
16368.816406 99.622 -133.6575
16487.431641 99.509 -140.1328
16606.906250 99.106 -146.7256
16727.246094 98.416 -152.9114
16848.458984 97.466 -158.2498
16970.550781 96.294 -162.4244
17093.527344 94.947 -165.2404
17217.394531 93.467 -166.6055
17342.158203 91.898 -166.5118
17467.826172 90.278 -165.0241
17594.404297 88.642 -162.2720
17721.900391 87.021 -158.4420
17850.320312 85.440 -153.7621
17979.671875 83.918 -148.4683
18109.960938 82.465 -142.7566
18241.193359 81.077 -136.7551
18373.376953 79.751 -130.5410
18506.517578 78.482 -124.1603
18640.623047 77.264 -117.6345
18775.701172 76.094 -110.9651
18911.757812 74.967 -104.1376
19048.800781 73.878 -97.1247
19186.835938 72.823 -89.8956
19325.871094 71.802 -82.4471
19465.914062 70.824 -74.8519
19606.972656 69.909 -67.3318
19749.052734 69.104 -60.3737
19892.162109 68.485 -54.8015
20036.308594 68.143 -51.6341
