* Measurement data measured by REW V5.30 beta 4
* Source: Microphone (Realtek(R) Audio), MICROPHONE (Master Volume), L, volume: 0.250
* Format: 256k Log Swept Sine, 1 sweep at -12.0 dBFS with no timing reference
* Dated: Dec 9, 2023 12:37:05 AM
* REW Settings:
*  C-weighting compensation: Off
*  Target level: 75.0 dB
* Note: 
* Measurement: R ikko 0h300
* Smoothing: 1/24 octave
* Frequency Step: 96 ppo
* Start Frequency: 0.36621094 Hz
*
* Freq(Hz) SPL(dB) Phase(degrees)
0.366211 19.042 -32.0466
0.368865 19.109 -31.1511
0.371538 19.206 -29.8491
0.374230 19.315 -28.3627
0.376942 19.429 -26.7922
0.379673 19.545 -25.1738
0.382424 19.662 -23.5188
0.385196 19.780 -21.8302
0.387987 19.899 -20.1082
0.390798 20.018 -18.3530
0.393630 20.139 -16.5644
0.396483 20.260 -14.7425
0.399356 20.382 -12.8879
0.402250 20.506 -11.0014
0.405165 20.630 -9.0840
0.408101 20.755 -7.1373
0.411058 20.880 -5.1633
0.414037 21.007 -3.1642
0.417037 21.135 -1.1427
0.420059 21.264 0.8978
0.423103 21.393 2.9540
0.426169 21.524 5.0219
0.429257 21.655 7.0973
0.432367 21.787 9.1758
0.435501 21.921 11.2526
0.438656 22.055 13.3228
0.441835 22.190 15.3817
0.445037 22.327 17.4242
0.448262 22.464 19.4454
0.451510 22.602 21.4408
0.454782 22.742 23.4058
0.458077 22.882 25.3361
0.461397 23.023 27.2278
0.464740 23.165 29.0774
0.468108 23.309 30.8818
0.471500 23.453 32.6381
0.474917 23.599 34.3439
0.478358 23.745 35.9974
0.481825 23.893 37.5969
0.485316 24.041 39.1412
0.488833 24.191 40.6296
0.492375 24.342 42.0615
0.495943 24.494 43.4368
0.499537 24.646 44.7554
0.503157 24.801 46.0178
0.506803 24.956 47.2244
0.510475 25.112 48.3759
0.514174 25.270 49.4732
0.517900 25.428 50.5172
0.521653 25.588 51.5090
0.525433 25.749 52.4498
0.529241 25.911 53.3407
0.533076 26.074 54.1829
0.536939 26.239 54.9779
0.540830 26.404 55.7269
0.544749 26.571 56.4311
0.548696 26.739 57.0919
0.552673 26.908 57.7106
0.556677 27.079 58.2883
0.560711 27.250 58.8264
0.564774 27.423 59.3261
0.568867 27.598 59.7886
0.572989 27.773 60.2150
0.577141 27.950 60.6065
0.581324 28.128 60.9641
0.585536 28.307 61.2890
0.589779 28.488 61.5821
0.594053 28.670 61.8444
0.598358 28.853 62.0770
0.602694 29.038 62.2807
0.607061 29.224 62.4564
0.611460 29.411 62.6051
0.615891 29.599 62.7275
0.620354 29.789 62.8245
0.624849 29.981 62.8969
0.629377 30.174 62.9454
0.633938 30.368 62.9708
0.638532 30.563 62.9738
0.643159 30.760 62.9551
0.647819 30.959 62.9154
0.652514 31.159 62.8554
0.657242 31.360 62.7757
0.662005 31.563 62.6770
0.666802 31.767 62.5598
0.671634 31.973 62.4249
0.676501 32.180 62.2726
0.681403 32.389 62.1038
0.686341 32.599 61.9188
0.691314 32.810 61.7184
0.696324 33.024 61.5030
0.701369 33.239 61.2731
0.706452 33.455 61.0295
0.711571 33.673 60.7725
0.716727 33.892 60.5030
0.721921 34.112 60.2223
0.727153 34.331 59.9327
0.732422 34.547 59.6394
0.737729 34.756 59.3507
0.743075 34.963 59.0743
0.748460 35.169 58.8133
0.753883 35.375 58.5680
0.759346 35.582 58.3375
0.764849 35.791 58.1206
0.770391 36.000 57.9158
0.775974 36.211 57.7219
0.781597 36.422 57.5376
0.787261 36.635 57.3617
0.792965 36.848 57.1931
0.798712 37.063 57.0308
0.804499 37.278 56.8737
0.810329 37.494 56.7209
0.816201 37.712 56.5715
0.822116 37.930 56.4247
0.828073 38.149 56.2796
0.834073 38.369 56.1356
0.840118 38.590 55.9919
0.846205 38.811 55.8478
0.852337 39.033 55.7028
0.858514 39.256 55.5562
0.864735 39.480 55.4074
0.871001 39.704 55.2560
0.877313 39.929 55.1014
0.883670 40.154 54.9432
0.890074 40.380 54.7808
0.896523 40.607 54.6139
0.903020 40.834 54.4421
0.909564 41.061 54.2649
0.916155 41.289 54.0821
0.922793 41.516 53.8931
0.929480 41.745 53.6979
0.936216 41.973 53.4959
0.943000 42.202 53.2869
0.949833 42.430 53.0707
0.956716 42.659 52.8470
0.963649 42.888 52.6154
0.970632 43.116 52.3758
0.977666 43.345 52.1280
0.984750 43.573 51.8716
0.991886 43.801 51.6066
0.999074 44.028 51.3326
1.006313 44.256 51.0495
1.013605 44.482 50.7572
1.020950 44.708 50.4554
1.028349 44.934 50.1440
1.035801 45.159 49.8229
1.043306 45.382 49.4918
1.050867 45.605 49.1508
1.058482 45.827 48.7995
1.066152 46.048 48.4381
1.073878 46.268 48.0664
1.081659 46.486 47.6847
1.089498 46.703 47.2938
1.097393 46.919 46.8958
1.105345 47.132 46.4950
1.113355 47.344 46.0959
1.121422 47.554 45.7009
1.129549 47.762 45.3109
1.137734 47.968 44.9259
1.145978 48.171 44.5458
1.154283 48.373 44.1702
1.162647 48.574 43.7987
1.171072 48.772 43.4309
1.179558 48.969 43.0665
1.188106 49.163 42.7050
1.196715 49.356 42.3462
1.205387 49.548 41.9895
1.214122 49.738 41.6347
1.222920 49.926 41.2813
1.231781 50.113 40.9289
1.240708 50.298 40.5773
1.249698 50.482 40.2259
1.258754 50.665 39.8745
1.267875 50.846 39.5227
1.277063 51.027 39.1700
1.286317 51.206 38.8162
1.295638 51.384 38.4609
1.305027 51.562 38.1037
1.314484 51.738 37.7442
1.324009 51.915 37.3822
1.333603 52.090 37.0172
1.343267 52.265 36.6489
1.353001 52.440 36.2770
1.362805 52.615 35.9011
1.372681 52.789 35.5208
1.382628 52.964 35.1359
1.392647 53.139 34.7460
1.402739 53.314 34.3507
1.412904 53.490 33.9497
1.423142 53.667 33.5427
1.433455 53.844 33.1294
1.443842 54.023 32.7096
1.454305 54.202 32.2838
1.464843 54.383 31.8531
1.475458 54.563 31.4201
1.486150 54.742 30.9873
1.496919 54.921 30.5560
1.507766 55.098 30.1266
1.518692 55.274 29.6989
1.529697 55.449 29.2728
1.540782 55.623 28.8480
1.551947 55.795 28.4243
1.563193 55.967 28.0013
1.574521 56.137 27.5787
1.585931 56.306 27.1562
1.597423 56.475 26.7335
1.608998 56.642 26.3103
1.620658 56.808 25.8862
1.632402 56.974 25.4609
1.644231 57.139 25.0340
1.656146 57.303 24.6053
1.668147 57.466 24.1743
1.680235 57.629 23.7407
1.692410 57.791 23.3042
1.704674 57.953 22.8644
1.717027 58.114 22.4210
1.729469 58.275 21.9735
1.742002 58.436 21.5216
1.754625 58.596 21.0650
1.767340 58.757 20.6032
1.780147 58.917 20.1359
1.793046 59.078 19.6627
1.806040 59.238 19.1834
1.819127 59.399 18.6978
1.832309 59.560 18.2064
1.845587 59.720 17.7101
1.858961 59.879 17.2100
1.872431 60.038 16.7070
1.886000 60.195 16.2017
1.899666 60.351 15.6944
1.913432 60.506 15.1855
1.927298 60.660 14.6751
1.941264 60.813 14.1637
1.955331 60.965 13.6512
1.969500 61.117 13.1379
1.983772 61.267 12.6239
1.998147 61.416 12.1093
2.012626 61.565 11.5941
2.027211 61.713 11.0783
2.041901 61.860 10.5619
2.056697 62.006 10.0450
2.071601 62.152 9.5273
2.086613 62.298 9.0089
2.101733 62.442 8.4896
2.116963 62.587 7.9692
2.132303 62.731 7.4475
2.147755 62.875 6.9244
2.163318 63.019 6.3996
2.178995 63.162 5.8726
2.194785 63.305 5.3431
2.210689 63.448 4.8104
2.226709 63.590 4.2739
2.242844 63.730 3.7339
2.259097 63.870 3.1906
2.275467 64.009 2.6445
2.291956 64.146 2.0962
2.308565 64.282 1.5461
2.325294 64.418 0.9946
2.342144 64.552 0.4421
2.359116 64.685 -0.1110
2.376211 64.818 -0.6643
2.393430 64.950 -1.2176
2.410774 65.081 -1.7707
2.428243 65.211 -2.3231
2.445839 65.340 -2.8748
2.463562 65.469 -3.4257
2.481415 65.598 -3.9754
2.499396 65.726 -4.5241
2.517508 65.854 -5.0716
2.535750 65.981 -5.6181
2.554126 66.108 -6.1642
2.572634 66.234 -6.7111
2.591276 66.359 -7.2603
2.610054 66.484 -7.8125
2.628967 66.607 -8.3678
2.648018 66.729 -8.9258
2.667206 66.850 -9.4858
2.686534 66.970 -10.0473
2.706002 67.089 -10.6097
2.725610 67.207 -11.1724
2.745361 67.324 -11.7349
2.765255 67.440 -12.2967
2.785294 67.555 -12.8572
2.805477 67.670 -13.4159
2.825807 67.784 -13.9724
2.846284 67.898 -14.5264
2.866909 68.011 -15.0773
2.887684 68.124 -15.6251
2.908609 68.236 -16.1697
2.929686 68.348 -16.7120
2.950916 68.459 -17.2537
2.972299 68.569 -17.7963
2.993838 68.678 -18.3403
3.015532 68.786 -18.8858
3.037384 68.893 -19.4321
3.059394 68.999 -19.9788
3.081564 69.104 -20.5253
3.103894 69.208 -21.0710
3.126386 69.312 -21.6154
3.149041 69.414 -22.1579
3.171861 69.517 -22.6979
3.194845 69.618 -23.2349
3.217996 69.719 -23.7684
3.241315 69.820 -24.2979
3.264803 69.921 -24.8233
3.288461 70.021 -25.3446
3.312291 70.120 -25.8632
3.336293 70.219 -26.3803
3.360469 70.317 -26.8969
3.384820 70.414 -27.4131
3.409348 70.510 -27.9286
3.434054 70.606 -28.4432
3.458938 70.701 -28.9565
3.484003 70.795 -29.4680
3.509250 70.888 -29.9773
3.534679 70.981 -30.4841
3.560293 71.074 -30.9878
3.586092 71.166 -31.4880
3.612079 71.258 -31.9845
3.638253 71.350 -32.4771
3.664618 71.442 -32.9659
3.691173 71.534 -33.4519
3.717921 71.624 -33.9359
3.744862 71.715 -34.4181
3.771999 71.804 -34.8987
3.799332 71.893 -35.3777
3.826864 71.982 -35.8548
3.854595 72.070 -36.3299
3.882527 72.158 -36.8029
3.910661 72.245 -37.2736
3.938999 72.333 -37.7417
3.967543 72.420 -38.2072
3.996294 72.507 -38.6699
4.025252 72.594 -39.1299
4.054421 72.681 -39.5874
4.083801 72.767 -40.0429
4.113394 72.853 -40.4966
4.143201 72.939 -40.9486
4.173225 73.024 -41.3990
4.203466 73.110 -41.8478
4.233926 73.194 -42.2950
4.264606 73.279 -42.7406
4.295509 73.364 -43.1847
4.326636 73.448 -43.6272
4.357989 73.532 -44.0681
4.389569 73.616 -44.5077
4.421378 73.701 -44.9459
4.453417 73.784 -45.3830
4.485688 73.868 -45.8191
4.518193 73.951 -46.2542
4.550934 74.034 -46.6884
4.583912 74.117 -47.1215
4.617129 74.200 -47.5537
4.650587 74.282 -47.9850
4.684287 74.364 -48.4152
4.718231 74.447 -48.8446
4.752421 74.528 -49.2731
4.786859 74.610 -49.7010
4.821547 74.692 -50.1286
4.856485 74.773 -50.5558
4.891677 74.854 -50.9827
4.927125 74.934 -51.4090
4.962829 75.015 -51.8348
4.998791 75.095 -52.2598
5.035015 75.175 -52.6839
5.071500 75.254 -53.1071
5.108251 75.334 -53.5294
5.145267 75.413 -53.9510
5.182552 75.492 -54.3722
5.220107 75.570 -54.7932
5.257934 75.648 -55.2139
5.296035 75.726 -55.6341
5.334412 75.804 -56.0537
5.373067 75.881 -56.4724
5.412003 75.958 -56.8900
5.451221 76.035 -57.3064
5.490722 76.112 -57.7216
5.530510 76.188 -58.1359
5.570587 76.264 -58.5495
5.610953 76.340 -58.9625
5.651613 76.415 -59.3749
5.692567 76.490 -59.7865
5.733818 76.565 -60.1972
5.775367 76.640 -60.6068
5.817218 76.714 -61.0152
5.859372 76.789 -61.4223
5.901831 76.863 -61.8284
5.944598 76.937 -62.2336
5.987675 77.010 -62.6380
6.031065 77.084 -63.0417
6.074768 77.157 -63.4446
6.118788 77.230 -63.8467
6.163127 77.303 -64.2479
6.207788 77.376 -64.6484
6.252772 77.448 -65.0480
6.298082 77.521 -65.4470
6.343721 77.593 -65.8454
6.389690 77.665 -66.2433
6.435992 77.737 -66.6407
6.482630 77.809 -67.0377
6.529606 77.881 -67.4342
6.576922 77.953 -67.8304
6.624581 78.024 -68.2264
6.672585 78.095 -68.6221
6.720938 78.166 -69.0177
6.769640 78.237 -69.4131
6.818696 78.308 -69.8084
6.868107 78.378 -70.2033
6.917876 78.449 -70.5980
6.968006 78.519 -70.9925
7.018499 78.589 -71.3869
7.069358 78.658 -71.7814
7.120586 78.728 -72.1759
7.172184 78.797 -72.5702
7.224157 78.866 -72.9641
7.276506 78.935 -73.3575
7.329235 79.004 -73.7504
7.382345 79.072 -74.1429
7.435841 79.140 -74.5352
7.489724 79.208 -74.9273
7.543997 79.276 -75.3189
7.598664 79.343 -75.7099
7.653728 79.411 -76.1001
7.709189 79.478 -76.4895
7.765053 79.545 -76.8782
7.821322 79.611 -77.2664
7.877998 79.678 -77.6540
7.935086 79.744 -78.0411
7.992587 79.811 -78.4275
8.050504 79.877 -78.8132
8.108841 79.943 -79.1983
8.167601 80.009 -79.5828
8.226787 80.075 -79.9669
8.286402 80.141 -80.3506
8.346449 80.207 -80.7343
8.406931 80.272 -81.1178
8.467851 80.338 -81.5014
8.529212 80.404 -81.8849
8.591018 80.469 -82.2686
8.653272 80.535 -82.6525
8.715977 80.600 -83.0370
8.779137 80.665 -83.4221
8.842754 80.731 -83.8081
8.906833 80.796 -84.1947
8.971375 80.861 -84.5822
9.036386 80.926 -84.9706
9.101867 80.990 -85.3598
9.167823 81.055 -85.7502
9.234257 81.119 -86.1417
9.301172 81.183 -86.5343
9.368572 81.247 -86.9280
9.436460 81.311 -87.3225
9.504841 81.374 -87.7179
9.573717 81.437 -88.1142
9.643092 81.500 -88.5114
9.712970 81.562 -88.9094
9.783354 81.624 -89.3081
9.854248 81.685 -89.7071
9.925656 81.747 -90.1063
9.997581 81.808 -90.5060
10.070028 81.868 -90.9061
10.143000 81.928 -91.3062
10.216500 81.988 -91.7063
10.290533 82.047 -92.1061
10.365103 82.106 -92.5059
10.440212 82.165 -92.9055
10.515866 82.223 -93.3048
10.592069 82.281 -93.7037
10.668823 82.338 -94.1021
10.746134 82.395 -94.5002
10.824005 82.452 -94.8978
10.902440 82.509 -95.2949
10.981443 82.565 -95.6914
11.061020 82.621 -96.0872
11.141172 82.676 -96.4826
11.221906 82.731 -96.8773
11.303225 82.786 -97.2712
11.385133 82.841 -97.6645
11.467634 82.895 -98.0570
11.550734 82.949 -98.4488
11.634435 83.002 -98.8398
11.718742 83.056 -99.2300
11.803661 83.109 -99.6195
11.889195 83.162 -100.0082
11.975349 83.214 -100.3962
12.062128 83.266 -100.7837
12.149535 83.319 -101.1705
12.237576 83.370 -101.5568
12.326254 83.422 -101.9428
12.415575 83.474 -102.3286
12.505544 83.525 -102.7142
12.596164 83.576 -103.0998
12.687441 83.627 -103.4854
12.779379 83.677 -103.8713
12.871984 83.728 -104.2574
12.965260 83.778 -104.6438
13.059211 83.828 -105.0304
13.153843 83.877 -105.4173
13.249161 83.926 -105.8044
13.345170 83.975 -106.1917
13.441875 84.023 -106.5789
13.539280 84.071 -106.9659
13.637391 84.119 -107.3526
13.736214 84.166 -107.7389
13.835752 84.213 -108.1248
13.936011 84.260 -108.5099
14.036998 84.306 -108.8944
14.138716 84.353 -109.2783
14.241171 84.398 -109.6618
14.344368 84.444 -110.0449
14.448313 84.490 -110.4279
14.553011 84.535 -110.8110
14.658468 84.581 -111.1948
14.764689 84.626 -111.5795
14.871680 84.671 -111.9652
14.979446 84.716 -112.3524
15.087994 84.761 -112.7414
15.197328 84.805 -113.1321
15.307454 84.849 -113.5245
15.418378 84.892 -113.9184
15.530106 84.935 -114.3136
15.642643 84.977 -114.7097
15.755996 85.018 -115.1058
15.870171 85.059 -115.5015
15.985172 85.099 -115.8962
16.101007 85.138 -116.2890
16.217682 85.177 -116.6793
16.335201 85.215 -117.0668
16.453573 85.253 -117.4510
16.572803 85.291 -117.8319
16.692898 85.329 -118.2097
16.813862 85.367 -118.5847
16.935701 85.405 -118.9577
17.058424 85.443 -119.3293
17.182035 85.481 -119.7006
17.306543 85.520 -120.0726
17.431953 85.559 -120.4461
17.558273 85.599 -120.8220
17.685509 85.638 -121.2010
17.813665 85.677 -121.5833
17.942751 85.716 -121.9688
18.072771 85.754 -122.3574
18.203733 85.792 -122.7484
18.335646 85.828 -123.1408
18.468513 85.865 -123.5338
18.602345 85.900 -123.9263
18.737144 85.934 -124.3172
18.872921 85.968 -124.7058
19.009682 86.001 -125.0916
19.147434 86.034 -125.4742
19.286184 86.067 -125.8536
19.425940 86.100 -126.2305
19.566708 86.132 -126.6051
19.708496 86.165 -126.9783
19.851313 86.197 -127.3510
19.995163 86.230 -127.7237
20.140057 86.262 -128.0967
20.285999 86.294 -128.4705
20.433001 86.326 -128.8447
20.581066 86.357 -129.2189
20.730206 86.387 -129.5926
20.880424 86.417 -129.9649
21.031733 86.447 -130.3353
21.184137 86.476 -130.7032
21.337646 86.505 -131.0684
21.492268 86.533 -131.4310
21.648010 86.562 -131.7917
21.804880 86.591 -132.1510
21.962887 86.620 -132.5100
22.122040 86.648 -132.8696
22.282345 86.677 -133.2306
22.443811 86.706 -133.5936
22.606449 86.734 -133.9587
22.770266 86.762 -134.3256
22.935268 86.789 -134.6937
23.101467 86.815 -135.0623
23.268869 86.841 -135.4306
23.437485 86.866 -135.7979
23.607323 86.890 -136.1637
23.778391 86.915 -136.5281
23.950699 86.939 -136.8913
24.124256 86.963 -137.2539
24.299070 86.987 -137.6164
24.475151 87.010 -137.9793
24.652508 87.033 -138.3428
24.831150 87.056 -138.7065
25.011087 87.079 -139.0698
25.192327 87.101 -139.4322
25.374882 87.122 -139.7930
25.558758 87.144 -140.1519
25.743967 87.166 -140.5094
25.930519 87.188 -140.8667
26.118422 87.211 -141.2256
26.307686 87.234 -141.5883
26.498322 87.258 -141.9568
26.690340 87.281 -142.3324
26.883749 87.304 -142.7154
27.078560 87.325 -143.1043
27.274782 87.345 -143.4963
27.472427 87.363 -143.8878
27.671503 87.380 -144.2744
27.872023 87.395 -144.6526
28.073996 87.409 -145.0196
28.277431 87.424 -145.3750
28.482342 87.439 -145.7200
28.688736 87.455 -146.0580
28.896626 87.473 -146.3931
29.106022 87.492 -146.7298
29.316936 87.512 -147.0713
29.529379 87.532 -147.4194
29.743361 87.552 -147.7737
29.958893 87.571 -148.1326
30.175987 87.589 -148.4930
30.394655 87.606 -148.8521
30.614908 87.623 -149.2076
30.836756 87.638 -149.5587
31.060211 87.654 -149.9058
31.285286 87.670 -150.2505
31.511992 87.686 -150.5949
31.740341 87.703 -150.9408
31.970345 87.719 -151.2893
32.202015 87.735 -151.6409
32.435364 87.750 -151.9949
32.670403 87.764 -152.3506
32.907146 87.778 -152.7069
33.145607 87.791 -153.0626
33.385796 87.803 -153.4166
33.627724 87.814 -153.7681
33.871403 87.825 -154.1161
34.116848 87.835 -154.4606
34.364071 87.846 -154.8023
34.613087 87.857 -155.1431
34.863907 87.869 -155.4859
35.116547 87.880 -155.8334
35.371017 87.892 -156.1876
35.627331 87.902 -156.5479
35.885502 87.911 -156.9108
36.145542 87.917 -157.2699
36.407467 87.921 -157.6184
36.671291 87.925 -157.9510
36.937027 87.928 -158.2662
37.204689 87.934 -158.5676
37.474289 87.941 -158.8628
37.745842 87.951 -159.1605
38.019363 87.963 -159.4676
38.294868 87.974 -159.7861
38.572369 87.984 -160.1129
38.851879 87.992 -160.4419
39.133415 87.998 -160.7669
39.416992 88.004 -161.0853
39.702625 88.010 -161.3993
39.990326 88.016 -161.7132
40.280113 88.022 -162.0307
40.571999 88.026 -162.3515
40.866001 88.029 -162.6696
41.162132 88.029 -162.9773
41.460411 88.030 -163.2699
41.760849 88.032 -163.5497
42.063465 88.037 -163.8280
42.368275 88.046 -164.1216
42.675293 88.057 -164.4442
42.984535 88.066 -164.8000
43.296021 88.070 -165.1816
43.609760 88.070 -165.5725
43.925774 88.065 -165.9540
44.244080 88.056 -166.3142
44.564690 88.048 -166.6517
44.887623 88.041 -166.9745
45.212898 88.036 -167.2926
45.540531 88.031 -167.6117
45.870537 88.026 -167.9309
46.202934 88.021 -168.2437
46.537739 88.015 -168.5436
46.874969 88.010 -168.8295
47.214645 88.008 -169.1069
47.556782 88.009 -169.3849
47.901398 88.011 -169.6709
48.248512 88.013 -169.9662
48.598141 88.015 -170.2663
48.950302 88.015 -170.5643
49.305016 88.014 -170.8552
49.662300 88.014 -171.1395
50.022175 88.015 -171.4231
50.384655 88.017 -171.7138
50.749763 88.017 -172.0150
51.117516 88.015 -172.3224
51.487934 88.010 -172.6253
51.861038 88.003 -172.9126
52.236843 87.996 -173.1816
52.615372 87.990 -173.4418
52.996643 87.986 -173.7098
53.380680 87.981 -173.9961
53.767498 87.972 -174.2931
54.157120 87.958 -174.5761
54.549564 87.941 -174.8179
54.944855 87.927 -175.0107
55.343006 87.921 -175.1780
55.744045 87.926 -175.3656
56.147991 87.938 -175.6165
56.554863 87.950 -175.9464
56.964684 87.957 -176.3388
57.377472 87.956 -176.7606
57.793251 87.948 -177.1846
58.212044 87.938 -177.6020
58.633873 87.926 -178.0178
59.058758 87.913 -178.4355
59.486721 87.896 -178.8440
59.917786 87.876 -179.2191
60.351974 87.856 -179.5382
60.789310 87.843 -179.8012
61.229816 87.840 179.9616
61.673512 87.847 179.7061
62.120422 87.857 179.4072
62.570572 87.862 179.0817
63.023983 87.858 178.7726
63.480682 87.849 178.5106
63.940689 87.837 178.2943
64.404030 87.820 178.1184
64.870728 87.796 178.0166
65.340805 87.769 178.0469
65.814293 87.758 178.2049
66.291214 87.778 178.3533
66.771591 87.823 178.2886
67.255447 87.862 177.9114
67.742805 87.865 177.3228
68.233696 87.825 176.7355
68.728142 87.766 176.2914
69.226173 87.715 175.9626
69.727814 87.680 175.6265
70.233093 87.655 175.2110
70.742035 87.631 174.7421
71.254662 87.611 174.2736
71.771004 87.602 173.8192
72.291084 87.609 173.3490
72.814934 87.629 172.8112
73.342583 87.652 172.1566
73.874054 87.658 171.4000
74.409378 87.626 170.6859
74.948578 87.559 170.2438
75.491684 87.491 170.2068
76.038727 87.456 170.4562
76.589737 87.462 170.7139
77.144737 87.481 170.8102
77.703758 87.488 170.7820
78.266830 87.483 170.7228
78.833984 87.471 170.6434
79.405251 87.453 170.5040
79.980652 87.425 170.3052
80.560226 87.390 170.0837
81.143997 87.353 169.8528
81.732002 87.320 169.5997
82.324265 87.291 169.3258
82.920822 87.270 169.0399
83.521698 87.261 168.7210
84.126930 87.257 168.3350
84.736549 87.249 167.8938
85.350586 87.231 167.4652
85.969070 87.205 167.1116
86.592041 87.178 166.8371
87.219521 87.149 166.6122
87.851547 87.117 166.4245
88.488159 87.082 166.2726
89.129379 87.048 166.1279
89.775246 87.011 165.9508
90.425797 86.967 165.7361
91.081062 86.914 165.5059
91.741074 86.852 165.2956
92.405869 86.787 165.1797
93.075478 86.735 165.2132
93.749939 86.722 165.2820
94.429291 86.741 165.1443
95.113564 86.761 164.7212
95.802795 86.755 164.1863
96.497025 86.733 163.7242
97.196281 86.710 163.3599
97.900604 86.689 163.0480
98.610031 86.670 162.7760
99.324600 86.651 162.5427
100.044350 86.630 162.3401
100.769310 86.605 162.1680
101.499527 86.577 162.0227
102.235031 86.545 161.8903
102.975868 86.511 161.7546
103.722076 86.476 161.5959
104.473686 86.439 161.3999
105.230743 86.404 161.1707
105.993286 86.373 160.9194
106.761360 86.348 160.6554
107.534996 86.329 160.3959
108.314240 86.314 160.1711
109.099129 86.302 160.0101
109.889709 86.289 159.9250
110.686012 86.275 159.9108
111.488091 86.258 159.9226
112.295982 86.237 159.8469
113.109726 86.197 159.5782
113.929367 86.128 159.1364
114.754944 86.038 158.6246
115.586502 85.954 158.0561
116.424088 85.897 157.3338
117.267746 85.870 156.3914
118.117516 85.859 155.1739
118.973442 85.809 153.8179
119.835571 85.687 153.0423
120.703949 85.570 153.4855
121.578621 85.556 154.6278
122.459633 85.619 155.5651
123.347023 85.681 156.1491
124.240845 85.713 156.5360
125.141144 85.709 156.7635
126.047966 85.676 156.8247
126.961365 85.622 156.7089
127.881378 85.558 156.4625
128.808060 85.497 156.1599
129.741455 85.449 155.8427
130.681610 85.415 155.5483
131.628586 85.387 155.3293
132.582428 85.361 155.2311
133.543182 85.334 155.2445
134.510895 85.303 155.2837
135.485611 85.261 155.2417
136.467392 85.200 155.0606
137.456284 85.116 154.7589
138.452347 85.016 154.4073
139.455627 84.916 154.1154
140.466187 84.847 153.8994
141.484070 84.820 153.5630
142.509323 84.804 153.0515
143.542007 84.781 152.6637
144.582169 84.771 152.6033
145.629868 84.788 152.7184
146.685165 84.819 152.8581
147.748108 84.847 152.9971
148.818756 84.865 153.0847
149.897156 84.862 153.0227
150.983368 84.818 152.8021
152.077454 84.732 152.6261
153.179474 84.628 152.5959
154.289474 84.528 152.6227
155.407516 84.435 152.6580
156.533661 84.353 152.7261
157.667969 84.292 152.7960
158.810501 84.249 152.7052
159.961304 84.205 152.4425
161.120453 84.154 152.1716
162.287994 84.106 151.9878
163.464005 84.071 151.8798
164.648529 84.044 151.8022
165.841644 84.016 151.7526
167.043396 83.980 151.7770
168.253860 83.942 151.8832
169.473099 83.906 151.9790
170.701172 83.864 152.0507
171.938141 83.821 152.2058
173.184082 83.788 152.4324
174.439041 83.765 152.6659
175.703094 83.747 152.8909
176.976318 83.737 153.0675
178.258759 83.736 153.1479
179.550491 83.751 153.1362
180.851593 83.789 153.0454
182.162125 83.844 152.8601
183.482147 83.896 152.5973
184.811737 83.921 152.3587
186.150955 83.915 152.2614
187.499878 83.890 152.2234
188.858582 83.850 152.0057
190.227127 83.791 151.5836
191.605591 83.720 151.0918
192.994049 83.650 150.6447
194.392563 83.582 150.3116
195.801208 83.510 150.1155
197.220062 83.430 150.0410
198.649200 83.345 150.0566
200.088699 83.268 150.1258
201.538620 83.215 150.1996
202.999054 83.188 150.2050
204.470062 83.172 150.1603
205.951736 83.154 150.1220
207.444153 83.125 150.0667
208.947372 83.081 149.9603
210.461487 83.026 149.8228
211.986572 82.968 149.6772
213.522720 82.915 149.5439
215.069992 82.864 149.4378
216.628479 82.811 149.3740
218.198257 82.754 149.3636
219.779419 82.695 149.3821
221.372025 82.637 149.3932
222.976181 82.582 149.3776
224.591965 82.532 149.3479
226.219452 82.487 149.3363
227.858734 82.451 149.3349
229.509888 82.416 149.3278
231.173004 82.378 149.3326
232.848175 82.336 149.3529
234.535492 82.293 149.3676
236.235031 82.251 149.3615
237.946884 82.210 149.3397
239.671143 82.170 149.3146
241.407898 82.127 149.2988
243.157242 82.080 149.2964
244.919266 82.030 149.2976
246.694046 81.979 149.2922
248.481689 81.926 149.2911
250.282288 81.871 149.3109
252.095932 81.815 149.3623
253.922729 81.760 149.4498
255.762756 81.710 149.5655
257.616119 81.669 149.6830
259.482910 81.634 149.7703
261.363220 81.600 149.8206
263.257172 81.561 149.8506
265.164856 81.515 149.8760
267.086365 81.466 149.9079
269.021790 81.419 149.9470
270.971222 81.374 149.9891
272.934784 81.331 150.0508
274.912567 81.289 150.1310
276.904694 81.247 150.2138
278.911255 81.205 150.2992
280.932373 81.163 150.3990
282.968140 81.123 150.5160
285.018646 81.086 150.6323
287.084015 81.055 150.7186
289.164337 81.028 150.7546
291.259735 81.002 150.7394
293.370331 80.971 150.6943
295.496216 80.934 150.6576
297.637512 80.891 150.6595
299.794312 80.844 150.7047
301.966736 80.795 150.7732
304.154907 80.742 150.8438
306.358948 80.690 150.9166
308.578949 80.639 150.9944
310.815033 80.592 151.0746
313.067322 80.546 151.1478
315.335938 80.499 151.2081
317.621002 80.447 151.2678
319.922607 80.393 151.3549
322.240906 80.340 151.4803
324.575989 80.291 151.6254
326.928009 80.246 151.7681
329.297058 80.203 151.8951
331.683289 80.163 152.0130
334.086792 80.124 152.1387
336.507721 80.085 152.2795
338.946198 80.045 152.4221
341.402344 80.004 152.5511
343.876282 79.961 152.6694
346.368164 79.917 152.7890
348.878082 79.872 152.9133
351.406189 79.828 153.0371
353.952637 79.786 153.1632
356.517517 79.745 153.2989
359.100983 79.705 153.4456
361.703186 79.662 153.5976
364.324249 79.618 153.7493
366.964294 79.573 153.9022
369.623474 79.527 154.0565
372.301910 79.480 154.2092
374.999756 79.434 154.3612
377.717163 79.390 154.5185
380.454254 79.349 154.6812
383.211182 79.309 154.8436
385.988098 79.268 155.0074
388.785126 79.226 155.1774
391.602417 79.185 155.3567
394.440125 79.144 155.5397
397.298401 79.102 155.7216
400.177399 79.060 155.9108
403.077240 79.019 156.1093
405.998108 78.978 156.3026
408.940125 78.937 156.4830
411.903473 78.894 156.6598
414.888306 78.850 156.8473
417.894745 78.804 157.0516
420.922974 78.758 157.2709
423.973145 78.712 157.5052
427.045441 78.668 157.7599
430.139984 78.629 158.0306
433.256958 78.594 158.2952
436.396515 78.560 158.5406
439.558838 78.524 158.7791
442.744049 78.488 159.0246
445.952362 78.453 159.2792
449.183929 78.422 159.5350
452.438904 78.395 159.7723
455.717468 78.370 159.9642
459.019775 78.340 160.1050
462.346008 78.302 160.2334
465.696350 78.257 160.3941
469.070984 78.209 160.5981
472.470062 78.162 160.8347
475.893768 78.117 161.0936
479.342285 78.076 161.3622
482.815796 78.037 161.6177
486.314484 77.999 161.8435
489.838531 77.955 162.0578
493.388092 77.906 162.3099
496.963379 77.857 162.6221
500.564575 77.812 162.9683
504.191864 77.774 163.3133
507.845459 77.739 163.6370
511.525513 77.705 163.9362
515.232239 77.671 164.2184
518.965820 77.633 164.4941
522.726440 77.593 164.7747
526.514343 77.550 165.0784
530.329712 77.507 165.4225
534.172729 77.468 165.7922
538.043579 77.433 166.1490
541.942444 77.399 166.4852
545.869568 77.363 166.8280
549.825134 77.328 167.1962
553.809387 77.295 167.5800
557.822510 77.266 167.9630
561.864746 77.239 168.3296
565.936279 77.210 168.6754
570.037292 77.178 169.0168
574.168030 77.144 169.3724
578.328674 77.110 169.7474
582.519470 77.078 170.1274
586.740662 77.045 170.4986
590.992432 77.011 170.8802
595.275024 76.976 171.3050
599.588623 76.943 171.7670
603.933472 76.915 172.2238
608.309814 76.889 172.6489
612.717896 76.865 173.0507
617.157898 76.839 173.4415
621.630066 76.809 173.8409
626.134644 76.776 174.2808
630.671875 76.746 174.7816
635.242004 76.721 175.3103
639.845215 76.701 175.8156
644.481812 76.681 176.3003
649.151978 76.659 176.8029
653.856018 76.640 177.3449
658.594116 76.629 177.9097
663.366577 76.627 178.4486
668.173584 76.629 178.9162
673.015442 76.627 179.3231
677.892395 76.619 179.7190
682.804688 76.607 -179.8686
687.752563 76.593 -179.4427
692.736328 76.576 -179.0060
697.756165 76.558 -178.5441
702.812378 76.542 -178.0467
707.905273 76.529 -177.5226
713.035034 76.521 -176.9948
718.201965 76.515 -176.4824
723.406372 76.510 -175.9780
728.648499 76.504 -175.4656
733.928589 76.498 -174.9400
739.246948 76.494 -174.4002
744.603821 76.491 -173.8459
749.999512 76.488 -173.2829
755.434326 76.486 -172.7217
760.908508 76.485 -172.1639
766.422363 76.487 -171.6044
771.976196 76.491 -171.0384
777.570251 76.498 -170.4651
783.204834 76.508 -169.8927
788.880249 76.518 -169.3266
794.596802 76.527 -168.7516
800.354797 76.537 -168.1457
806.154480 76.552 -167.5078
811.996216 76.573 -166.8608
817.880249 76.600 -166.2204
823.806946 76.636 -165.5961
829.776611 76.677 -165.0205
835.789490 76.718 -164.5212
841.845947 76.753 -164.0614
847.946289 76.783 -163.5900
854.090881 76.812 -163.0961
860.279968 76.842 -162.6014
866.513916 76.871 -162.1137
872.793030 76.899 -161.5985
879.117676 76.930 -161.0512
885.488098 76.965 -160.5109
891.904724 77.003 -160.0012
898.367859 77.041 -159.5099
904.877808 77.077 -159.0066
911.434937 77.115 -158.4796
918.039551 77.157 -157.9480
924.692017 77.201 -157.4170
931.392700 77.249 -156.8878
938.141968 77.299 -156.3794
944.940125 77.352 -155.9009
951.787537 77.404 -155.4389
958.684570 77.456 -154.9871
965.631592 77.508 -154.5480
972.628967 77.560 -154.1029
979.677063 77.614 -153.6485
986.776184 77.670 -153.2084
993.926758 77.726 -152.7934
1001.129150 77.778 -152.3786
1008.383728 77.830 -151.9328
1015.690918 77.885 -151.4697
1023.051025 77.944 -151.0030
1030.464478 78.008 -150.5201
1037.931641 78.082 -150.0438
1045.452881 78.164 -149.6342
1053.028687 78.246 -149.3078
1060.659424 78.322 -149.0332
1068.345459 78.391 -148.7847
1076.087158 78.456 -148.5343
1083.884888 78.518 -148.2631
1091.739136 78.580 -147.9840
1099.650269 78.643 -147.7147
1107.618774 78.704 -147.4580
1115.645020 78.763 -147.2067
1123.729492 78.822 -146.9531
1131.872559 78.879 -146.6950
1140.074585 78.936 -146.4325
1148.336060 78.992 -146.1642
1156.657349 79.049 -145.8947
1165.038940 79.104 -145.6302
1173.481323 79.157 -145.3535
1181.984863 79.211 -145.0378
1190.550049 79.271 -144.6864
1199.177246 79.339 -144.3343
1207.866943 79.413 -144.0351
1216.619629 79.487 -143.8140
1225.435791 79.555 -143.6334
1234.315796 79.617 -143.4583
1243.260132 79.673 -143.2780
1252.269287 79.724 -143.0667
1261.343750 79.776 -142.8210
1270.484009 79.827 -142.5604
1279.690430 79.879 -142.2803
1288.963623 79.932 -141.9617
1298.303955 79.989 -141.6087
1307.712036 80.053 -141.2355
1317.188232 80.124 -140.8698
1326.733154 80.203 -140.5352
1336.347168 80.285 -140.2395
1346.030884 80.369 -139.9837
1355.784790 80.452 -139.7597
1365.609375 80.533 -139.5728
1375.505127 80.610 -139.4139
1385.472656 80.680 -139.2417
1395.512329 80.748 -139.0325
1405.624756 80.819 -138.7784
1415.810547 80.897 -138.4976
1426.070068 80.983 -138.2562
1436.403931 81.070 -138.0829
1446.812744 81.153 -137.9543
1457.296997 81.231 -137.8339
1467.857178 81.307 -137.7042
1478.493896 81.381 -137.5700
1489.207642 81.455 -137.4319
1499.999023 81.529 -137.2865
1510.868652 81.601 -137.1315
1521.817017 81.674 -136.9649
1532.844727 81.746 -136.7893
1543.952393 81.818 -136.6055
1555.140503 81.890 -136.3928
1566.409668 81.968 -136.1325
1577.760498 82.056 -135.8521
1589.193604 82.155 -135.6166
1600.709595 82.257 -135.4576
1612.308960 82.358 -135.3548
1623.992432 82.455 -135.2823
1635.760498 82.548 -135.2127
1647.613892 82.640 -135.1468
1659.553223 82.731 -135.0864
1671.578979 82.820 -135.0183
1683.691895 82.911 -134.9394
1695.892578 83.004 -134.8651
1708.181763 83.099 -134.8133
1720.559937 83.193 -134.7864
1733.027832 83.286 -134.7744
1745.586060 83.376 -134.7731
1758.235352 83.462 -134.7669
1770.976196 83.545 -134.7180
1783.809448 83.631 -134.6084
1796.735718 83.729 -134.4650
1809.755615 83.837 -134.3574
1822.869873 83.950 -134.3206
1836.079102 84.062 -134.3386
1849.384033 84.174 -134.3871
1862.785400 84.283 -134.4596
1876.283936 84.391 -134.5541
1889.880249 84.496 -134.6650
1903.575073 84.599 -134.7829
1917.369141 84.699 -134.9001
1931.263184 84.796 -134.9960
1945.257935 84.895 -135.0435
1959.354126 85.005 -135.0612
1973.552368 85.126 -135.1135
1987.853516 85.253 -135.2338
2002.258301 85.381 -135.4196
2016.767456 85.508 -135.6571
2031.381836 85.634 -135.9457
2046.102051 85.756 -136.2776
2060.928955 85.875 -136.6390
2075.863281 85.992 -137.0309
2090.905762 86.106 -137.4633
2106.057373 86.214 -137.9353
2121.318848 86.315 -138.4368
2136.690918 86.406 -138.9477
2152.174316 86.491 -139.4262
2167.769775 86.574 -139.8488
2183.478271 86.665 -140.2538
2199.300537 86.761 -140.7039
2215.237549 86.855 -141.2202
2231.290039 86.944 -141.7919
2247.458984 87.024 -142.4037
2263.745117 87.094 -143.0336
2280.149170 87.151 -143.6540
2296.672119 87.197 -144.2359
2313.314697 87.234 -144.7394
2330.077881 87.270 -145.1280
2346.962646 87.315 -145.4279
2363.969727 87.372 -145.7029
2381.100098 87.439 -145.9884
2398.354492 87.513 -146.2924
2415.733887 87.593 -146.6191
2433.239258 87.678 -146.9667
2450.871582 87.771 -147.3439
2468.631592 87.871 -147.7830
2486.520264 87.976 -148.3170
2504.538574 88.077 -148.9617
2522.687500 88.168 -149.6978
2540.968018 88.247 -150.4694
2559.380859 88.318 -151.2457
2577.927246 88.383 -152.0496
2596.607910 88.441 -152.8953
2615.424072 88.488 -153.7717
2634.376465 88.524 -154.6646
2653.466309 88.545 -155.5565
2672.694336 88.551 -156.4232
2692.061768 88.544 -157.2252
2711.569580 88.528 -157.9163
2731.218750 88.513 -158.5049
2751.010254 88.504 -159.0381
2770.945312 88.498 -159.5471
2791.024658 88.494 -160.0418
2811.249512 88.489 -160.5138
2831.621094 88.485 -160.9492
2852.140137 88.484 -161.3547
2872.807861 88.486 -161.7508
2893.625488 88.487 -162.1459
2914.593994 88.485 -162.5048
2935.714355 88.484 -162.7812
2956.987793 88.493 -162.9888
2978.415283 88.517 -163.1763
2999.998047 88.553 -163.3864
3021.737305 88.599 -163.6509
3043.634033 88.650 -163.9846
3065.689453 88.699 -164.3734
3087.904785 88.745 -164.7687
3110.281006 88.793 -165.1424
3132.819336 88.848 -165.5196
3155.520996 88.911 -165.9339
3178.387207 88.978 -166.4041
3201.419189 89.047 -166.9276
3224.617920 89.118 -167.5013
3247.984863 89.191 -168.1428
3271.520996 89.261 -168.8710
3295.227783 89.321 -169.6620
3319.106445 89.373 -170.4572
3343.157959 89.422 -171.2389
3367.383789 89.472 -172.0281
3391.785156 89.524 -172.8544
3416.363525 89.576 -173.7431
3441.119873 89.621 -174.6959
3466.055664 89.656 -175.6702
3491.172119 89.685 -176.6147
3516.470703 89.715 -177.5299
3541.952393 89.752 -178.4512
3567.618896 89.795 -179.4146
3593.471436 89.844 179.5612
3619.511230 89.899 178.4498
3645.739746 89.956 177.2057
3672.158203 90.007 175.8062
3698.768066 90.043 174.2887
3725.570801 90.064 172.6883
3752.567871 90.073 171.0061
3779.760498 90.069 169.2242
3807.150146 90.045 167.3251
3834.738281 89.993 165.3239
3862.526367 89.907 163.2905
3890.515869 89.789 161.2909
3918.708252 89.646 159.3487
3947.104736 89.481 157.4653
3975.707031 89.295 155.6488
4004.516602 89.093 153.9022
4033.534912 88.873 152.2005
4062.763672 88.632 150.5391
4092.204102 88.366 148.9712
4121.857910 88.078 147.5448
4151.726562 87.776 146.2688
4181.811523 87.465 145.1170
4212.114746 87.143 144.0616
4242.637695 86.805 143.1282
4273.381836 86.453 142.3707
4304.348633 86.094 141.8111
4335.539551 85.734 141.4388
4366.956543 85.378 141.2398
4398.601074 85.032 141.1824
4430.475098 84.695 141.2070
4462.580078 84.362 141.2990
4494.917969 84.029 141.4941
4527.490234 83.700 141.8156
4560.298340 83.379 142.2399
4593.344238 83.067 142.7149
4626.629395 82.756 143.2352
4660.155762 82.444 143.8464
4693.925293 82.134 144.5807
4727.939453 81.830 145.4442
4762.200195 81.537 146.4339
4796.708984 81.261 147.5083
4831.467773 80.999 148.6065
4866.478516 80.746 149.7283
4901.743164 80.498 150.9100
4937.263184 80.261 152.1592
4973.040527 80.036 153.4311
5009.077148 79.819 154.6964
5045.375000 79.602 155.9877
5081.936035 79.386 157.3463
5118.761719 79.174 158.7989
5155.854492 78.972 160.3582
5193.215820 78.787 161.9835
5230.848145 78.616 163.6198
5268.752930 78.455 165.2689
5306.932617 78.304 166.9556
5345.388672 78.166 168.6645
5384.123535 78.039 170.3478
5423.139160 77.916 172.0019
5462.437500 77.794 173.6675
5502.020508 77.672 175.3888
5541.890625 77.555 177.2004
5582.049316 77.450 179.0861
5622.499023 77.357 -178.9965
5663.242188 77.275 -177.0479
5704.280273 77.205 -175.0487
5745.615723 77.151 -173.0253
5787.250977 77.110 -171.0267
5829.187988 77.076 -169.0573
5871.428711 77.046 -167.0838
5913.975586 77.021 -165.0618
5956.830566 77.006 -162.9723
5999.996094 77.004 -160.8438
6043.474609 77.014 -158.6874
6087.268066 77.039 -156.4859
6131.378906 77.081 -154.2515
6175.809570 77.142 -152.0309
6220.562012 77.216 -149.8468
6265.638672 77.298 -147.6848
6311.041992 77.390 -145.5027
6356.774414 77.494 -143.2759
6402.838379 77.613 -141.0190
6449.235840 77.749 -138.7394
6495.969727 77.904 -136.4333
6543.041992 78.082 -134.1266
6590.455566 78.282 -131.8525
6638.212891 78.501 -129.6212
6686.315918 78.736 -127.4146
6734.767578 78.991 -125.2105
6783.570312 79.268 -123.0127
6832.727051 79.570 -120.8194
6882.239746 79.901 -118.6282
6932.111328 80.268 -116.4779
6982.344238 80.670 -114.4230
7032.941406 81.105 -112.4928
7083.904785 81.570 -110.6820
7135.237793 82.072 -108.9905
7186.942871 82.612 -107.4457
7239.022461 83.195 -106.0717
7291.479492 83.829 -104.9166
7344.316406 84.514 -104.0841
7397.536133 85.246 -103.6902
7451.141602 86.013 -103.8227
7505.135742 86.805 -104.5478
7559.520996 87.605 -105.9434
7614.300293 88.393 -108.0579
7669.476562 89.148 -110.8944
7725.052734 89.848 -114.4447
7781.031738 90.468 -118.6641
7837.416504 90.981 -123.4364
7894.209473 91.374 -128.5807
7951.414062 91.640 -133.9162
8009.033203 91.781 -139.2625
8067.069824 91.804 -144.4413
8125.527344 91.726 -149.3250
8184.408203 91.561 -153.8313
8243.715820 91.321 -157.8779
8303.453125 91.023 -161.3755
8363.623047 90.686 -164.2714
8424.229492 90.332 -166.5254
8485.275391 89.990 -168.1304
8546.763672 89.688 -169.1653
8608.697266 89.446 -169.7736
8671.079102 89.274 -170.0898
8733.913086 89.178 -170.2444
8797.202148 89.159 -170.3507
8860.950195 89.221 -170.4890
8925.160156 89.374 -170.7804
8989.835938 89.621 -171.4229
9054.980469 89.955 -172.6395
9120.596680 90.357 -174.6595
9186.688477 90.790 -177.6890
9253.258789 91.207 178.1481
9320.311523 91.553 172.8158
9387.850586 91.766 166.3901
9455.878906 91.781 159.1260
9524.400391 91.555 151.4462
9593.417969 91.065 143.8770
9662.935547 90.326 136.9646
9732.957031 89.382 131.1434
9803.486328 88.301 126.6444
9874.526367 87.149 123.5086
9946.081055 85.986 121.6147
10018.154297 84.851 120.7789
10090.750000 83.765 120.8495
10163.872070 82.743 121.6888
10237.523438 81.797 123.1545
10311.708984 80.934 125.0895
10386.431641 80.151 127.3394
10461.696289 79.438 129.8375
10537.505859 78.788 132.5827
10613.865234 78.204 135.5645
10690.777344 77.690 138.7293
10768.247070 77.247 141.9733
10846.278320 76.870 145.2357
10924.875000 76.552 148.5152
11004.041016 76.295 151.8082
11083.781250 76.101 155.0750
11164.098633 75.970 158.2223
11244.998047 75.894 161.1968
11326.484375 75.868 164.0171
11408.560547 75.892 166.7131
11491.231445 75.976 169.2613
11574.501953 76.125 171.5519
11658.375977 76.333 173.4838
11742.857422 76.596 174.9933
11827.951172 76.912 176.0186
11913.661133 77.279 176.4417
11999.992188 77.682 176.0991
12086.949219 78.094 174.8716
12174.536133 78.486 172.7085
12262.757812 78.827 169.6103
12351.619141 79.085 165.5865
12441.124023 79.218 160.7043
12531.277344 79.182 155.1519
12622.083984 78.943 149.2536
12713.548828 78.487 143.4112
12805.676758 77.824 138.0084
12898.471680 76.978 133.3726
12991.939453 75.988 129.7585
13086.083984 74.902 127.3318
13180.911133 73.773 126.1011
13276.425781 72.652 125.9307
13372.631836 71.569 126.6261
13469.535156 70.542 128.0194
13567.140625 69.580 129.9391
13665.454102 68.684 132.1888
13764.479492 67.839 134.6222
13864.222656 67.025 137.2473
13964.688477 66.229 140.1796
14065.882812 65.453 143.5291
14167.809570 64.709 147.3403
14270.475586 64.014 151.6465
14373.885742 63.391 156.4199
14478.044922 62.862 161.5076
14582.958984 62.431 166.7056
14688.632812 62.089 171.9047
14795.072266 61.829 177.0624
14902.283203 61.649 -177.8832
15010.271484 61.540 -172.9818
15119.041992 61.499 -168.2179
15228.600586 61.531 -163.5774
15338.953125 61.642 -159.1040
15450.105469 61.836 -154.8674
15562.063477 62.122 -150.9382
15674.833008 62.512 -147.4203
15788.418945 63.015 -144.4819
15902.828125 63.632 -142.3463
16018.066406 64.351 -141.2921
16134.139648 65.147 -141.6554
16251.054688 65.962 -143.7515
16368.816406 66.716 -147.7407
16487.431641 67.319 -153.5649
16606.906250 67.683 -160.9582
16727.246094 67.740 -169.4190
16848.458984 67.456 -178.2978
16970.550781 66.837 172.9987
17093.527344 65.912 164.9097
17217.394531 64.712 157.7842
17342.158203 63.273 151.9206
17467.826172 61.616 147.6449
17594.404297 59.748 145.6613
17721.900391 57.720 147.3212
17850.320312 55.746 153.4577
17979.671875 54.154 162.4256
18109.960938 53.125 171.1646
18241.193359 52.582 177.9604
18373.376953 52.331 -177.4527
18506.517578 52.214 -174.9291
18640.623047 52.118 -174.3305
18775.701172 51.942 -175.5298
18911.757812 51.581 -178.2186
19048.800781 50.951 178.2124
19186.835938 50.007 174.5707
19325.871094 48.749 171.6683
19465.914062 47.222 170.1821
19606.972656 45.511 170.5447
19749.052734 43.750 172.8747
19892.162109 42.205 176.6039
20036.308594 41.288 179.8406
