* Measurement data measured by REW V5.30.9
* Source: EXCL: Microphone (USB Sound Device        ), MICROPHONE (Master Volume), L, volume: 0.560
* Format: 256k Log Swept Sine, 1 sweep at -9.0 dBFS with no timing reference
* Dated: Apr 9, 2024 11:22:50 AM
* REW Settings:
*  C-weighting compensation: Off
*  Target level: 75.0 dB
* Note: MOONDROP x Crinacle DUSK 2 L
* Measurement: L MOONDROP x Crinacle D
* Smoothing: 1/12 octave
* Frequency Step: 96 ppo
* Start Frequency: 0.36621094 Hz
*
* Freq(Hz) SPL(dB) Phase(degrees)
0.366211 78.471 168.4185
0.368865 78.464 168.4053
0.371538 78.454 168.3854
0.374230 78.442 168.3605
0.376942 78.428 168.3318
0.379673 78.414 168.3001
0.382424 78.398 168.2663
0.385196 78.383 168.2306
0.387987 78.367 168.1933
0.390798 78.350 168.1544
0.393630 78.334 168.1141
0.396483 78.317 168.0723
0.399356 78.301 168.0291
0.402250 78.284 167.9845
0.405165 78.267 167.9384
0.408101 78.250 167.8908
0.411058 78.233 167.8417
0.414037 78.216 167.7912
0.417037 78.198 167.7392
0.420059 78.181 167.6856
0.423103 78.163 167.6305
0.426169 78.145 167.5738
0.429257 78.127 167.5156
0.432367 78.109 167.4559
0.435501 78.091 167.3945
0.438656 78.073 167.3315
0.441835 78.054 167.2670
0.445037 78.036 167.2008
0.448262 78.017 167.1330
0.451510 77.998 167.0635
0.454782 77.979 166.9924
0.458077 77.960 166.9196
0.461397 77.941 166.8451
0.464740 77.921 166.7690
0.468108 77.902 166.6911
0.471500 77.882 166.6116
0.474917 77.862 166.5303
0.478358 77.842 166.4473
0.481825 77.822 166.3626
0.485316 77.802 166.2761
0.488833 77.782 166.1879
0.492375 77.761 166.0979
0.495943 77.740 166.0062
0.499537 77.720 165.9127
0.503157 77.699 165.8175
0.506803 77.677 165.7204
0.510475 77.656 165.6216
0.514174 77.635 165.5210
0.517900 77.613 165.4187
0.521653 77.591 165.3146
0.525433 77.569 165.2087
0.529241 77.547 165.1010
0.533076 77.525 164.9915
0.536939 77.502 164.8803
0.540830 77.480 164.7673
0.544749 77.457 164.6526
0.548696 77.434 164.5361
0.552673 77.411 164.4179
0.556677 77.388 164.2979
0.560711 77.365 164.1763
0.564774 77.341 164.0529
0.568867 77.317 163.9279
0.572989 77.293 163.8011
0.577141 77.269 163.6727
0.581324 77.245 163.5427
0.585536 77.221 163.4111
0.589779 77.196 163.2779
0.594053 77.171 163.1432
0.598358 77.146 163.0069
0.602694 77.121 162.8692
0.607061 77.096 162.7299
0.611460 77.070 162.5893
0.615891 77.044 162.4473
0.620354 77.018 162.3039
0.624849 76.992 162.1593
0.629377 76.966 162.0134
0.633938 76.940 161.8663
0.638532 76.913 161.7181
0.643159 76.886 161.5688
0.647819 76.859 161.4185
0.652514 76.832 161.2673
0.657242 76.804 161.1152
0.662005 76.777 160.9623
0.666802 76.749 160.8087
0.671634 76.721 160.6545
0.676501 76.693 160.4998
0.681403 76.664 160.3446
0.686341 76.636 160.1891
0.691314 76.607 160.0334
0.696324 76.577 159.8775
0.701369 76.548 159.7216
0.706452 76.517 159.5658
0.711571 76.486 159.4099
0.716727 76.454 159.2541
0.721921 76.420 159.0980
0.727153 76.384 158.9413
0.732422 76.344 158.7835
0.737729 76.302 158.6239
0.743075 76.255 158.4618
0.748460 76.207 158.2965
0.753883 76.156 158.1275
0.759346 76.104 157.9544
0.764849 76.052 157.7771
0.770391 75.998 157.5952
0.775974 75.944 157.4088
0.781597 75.890 157.2177
0.787261 75.835 157.0217
0.792965 75.779 156.8209
0.798712 75.723 156.6152
0.804499 75.667 156.4045
0.810329 75.609 156.1887
0.816201 75.551 155.9677
0.822116 75.492 155.7416
0.828073 75.432 155.5102
0.834073 75.371 155.2735
0.840118 75.309 155.0313
0.846205 75.246 154.7838
0.852337 75.182 154.5307
0.858514 75.116 154.2720
0.864735 75.049 154.0078
0.871001 74.980 153.7378
0.877313 74.910 153.4621
0.883670 74.839 153.1806
0.890074 74.765 152.8933
0.896523 74.690 152.6000
0.903020 74.612 152.3009
0.909564 74.533 151.9958
0.916155 74.451 151.6847
0.922793 74.367 151.3676
0.929480 74.281 151.0444
0.936216 74.192 150.7151
0.943000 74.100 150.3798
0.949833 74.006 150.0385
0.956716 73.908 149.6910
0.963649 73.807 149.3375
0.970632 73.703 148.9781
0.977666 73.596 148.6126
0.984750 73.485 148.2412
0.991886 73.370 147.8640
0.999074 73.251 147.4810
1.006313 73.128 147.0924
1.013605 73.001 146.6982
1.020950 72.869 146.2986
1.028349 72.733 145.8938
1.035801 72.592 145.4839
1.043306 72.445 145.0691
1.050867 72.293 144.6497
1.058482 72.136 144.2258
1.066152 71.972 143.7973
1.073878 71.801 143.3644
1.081659 71.623 142.9266
1.089498 71.437 142.4832
1.097393 71.240 142.0330
1.105345 71.031 141.5741
1.113355 70.808 141.1044
1.121422 70.570 140.6217
1.129549 70.316 140.1238
1.137734 70.045 139.6085
1.145978 69.757 139.0737
1.154283 69.453 138.5173
1.162647 69.133 137.9368
1.171072 68.797 137.3299
1.179558 68.448 136.6936
1.188106 68.085 136.0246
1.196715 67.710 135.3194
1.205387 67.323 134.5737
1.214122 66.926 133.7826
1.222920 66.520 132.9404
1.231781 66.106 132.0403
1.240708 65.685 131.0747
1.249698 65.260 130.0342
1.258754 64.831 128.9077
1.267875 64.399 127.6818
1.277063 63.968 126.3406
1.286317 63.537 124.8643
1.295638 63.110 123.2290
1.305027 62.687 121.4049
1.314484 62.272 119.3551
1.324009 61.866 117.0334
1.333603 61.471 114.3815
1.343267 61.090 111.3265
1.353001 60.726 107.7769
1.362805 60.381 103.6198
1.372681 60.057 98.7206
1.382628 59.758 92.9288
1.392647 59.488 86.0996
1.402739 59.249 78.1382
1.412904 59.045 69.0762
1.423142 58.879 59.1520
1.433455 58.756 48.8303
1.443842 58.678 38.6999
1.454305 58.649 29.2843
1.464843 58.672 20.9005
1.475458 58.748 13.6425
1.486150 58.879 7.4525
1.496919 59.063 2.2001
1.507766 59.300 -2.2624
1.518692 59.588 -6.0735
1.529697 59.925 -9.3523
1.540782 60.307 -12.1967
1.551947 60.732 -14.6859
1.563193 61.197 -16.8833
1.574521 61.698 -18.8398
1.585931 62.231 -20.5958
1.597423 62.794 -22.1842
1.608998 63.382 -23.6315
1.620658 63.992 -24.9593
1.632402 64.620 -26.1855
1.644231 65.263 -27.3248
1.656146 65.915 -28.3894
1.668147 66.573 -29.3897
1.680235 67.233 -30.3343
1.692410 67.890 -31.2306
1.704674 68.541 -32.0851
1.717027 69.182 -32.9032
1.729469 69.807 -33.6897
1.742002 70.414 -34.4486
1.754625 70.998 -35.1838
1.767340 71.556 -35.8984
1.780147 72.084 -36.5955
1.793046 72.581 -37.2774
1.806040 73.045 -37.9468
1.819127 73.477 -38.6055
1.832309 73.878 -39.2555
1.845587 74.253 -39.8981
1.858961 74.603 -40.5344
1.872431 74.932 -41.1647
1.886000 75.243 -41.7895
1.899666 75.537 -42.4085
1.913432 75.816 -43.0219
1.927298 76.080 -43.6292
1.941264 76.330 -44.2306
1.955331 76.568 -44.8257
1.969500 76.795 -45.4145
1.983772 77.011 -45.9970
1.998147 77.217 -46.5731
2.012626 77.414 -47.1429
2.027211 77.604 -47.7063
2.041901 77.788 -48.2636
2.056697 77.966 -48.8148
2.071601 78.140 -49.3601
2.086613 78.312 -49.8996
2.101733 78.482 -50.4337
2.116963 78.652 -50.9626
2.132303 78.823 -51.4868
2.147755 78.995 -52.0069
2.163318 79.169 -52.5237
2.178995 79.346 -53.0383
2.194785 79.524 -53.5520
2.210689 79.702 -54.0661
2.226709 79.878 -54.5819
2.242844 80.053 -55.1000
2.259097 80.223 -55.6207
2.275467 80.390 -56.1439
2.291956 80.553 -56.6692
2.308565 80.711 -57.1959
2.325294 80.866 -57.7235
2.342144 81.017 -58.2510
2.359116 81.164 -58.7780
2.376211 81.307 -59.3037
2.393430 81.448 -59.8274
2.410774 81.586 -60.3486
2.428243 81.722 -60.8668
2.445839 81.856 -61.3814
2.463562 81.988 -61.8920
2.481415 82.118 -62.3986
2.499396 82.248 -62.9009
2.517508 82.376 -63.3992
2.535750 82.504 -63.8943
2.554126 82.630 -64.3869
2.572634 82.755 -64.8787
2.591276 82.877 -65.3708
2.610054 82.998 -65.8646
2.628967 83.116 -66.3606
2.648018 83.232 -66.8590
2.667206 83.345 -67.3594
2.686534 83.455 -67.8613
2.706002 83.563 -68.3639
2.725610 83.669 -68.8665
2.745361 83.772 -69.3681
2.765255 83.873 -69.8678
2.785294 83.973 -70.3649
2.805477 84.071 -70.8583
2.825807 84.167 -71.3475
2.846284 84.262 -71.8318
2.866909 84.355 -72.3108
2.887684 84.448 -72.7844
2.908609 84.539 -73.2532
2.929686 84.629 -73.7179
2.950916 84.717 -74.1799
2.972299 84.803 -74.6402
2.993838 84.888 -75.0997
3.015532 84.970 -75.5589
3.037384 85.051 -76.0177
3.059394 85.129 -76.4758
3.081564 85.206 -76.9324
3.103894 85.281 -77.3869
3.126386 85.354 -77.8384
3.149041 85.426 -78.2861
3.171861 85.497 -78.7290
3.194845 85.566 -79.1662
3.217996 85.635 -79.5971
3.241315 85.702 -80.0210
3.264803 85.769 -80.4379
3.288461 85.835 -80.8477
3.312291 85.900 -81.2512
3.336293 85.963 -81.6489
3.360469 86.026 -82.0416
3.384820 86.086 -82.4299
3.409348 86.146 -82.8140
3.434054 86.204 -83.1941
3.458938 86.261 -83.5701
3.484003 86.317 -83.9419
3.509250 86.372 -84.3092
3.534679 86.427 -84.6716
3.560293 86.481 -85.0289
3.586092 86.534 -85.3807
3.612079 86.588 -85.7267
3.638253 86.641 -86.0667
3.664618 86.694 -86.4004
3.691173 86.746 -86.7280
3.717921 86.798 -87.0497
3.744862 86.849 -87.3657
3.771999 86.900 -87.6765
3.799332 86.951 -87.9826
3.826864 87.001 -88.2844
3.854595 87.051 -88.5825
3.882527 87.100 -88.8773
3.910661 87.150 -89.1692
3.938999 87.200 -89.4584
3.967543 87.250 -89.7452
3.996294 87.300 -90.0295
4.025252 87.351 -90.3113
4.054421 87.402 -90.5903
4.083801 87.453 -90.8663
4.113394 87.505 -91.1395
4.143201 87.556 -91.4103
4.173225 87.608 -91.6792
4.203466 87.660 -91.9472
4.233926 87.713 -92.2151
4.264606 87.765 -92.4838
4.295509 87.818 -92.7542
4.326636 87.871 -93.0270
4.357989 87.924 -93.3027
4.389569 87.978 -93.5815
4.421378 88.032 -93.8633
4.453417 88.086 -94.1480
4.485688 88.141 -94.4355
4.518193 88.196 -94.7258
4.550934 88.251 -95.0192
4.583912 88.306 -95.3163
4.617129 88.361 -95.6174
4.650587 88.417 -95.9232
4.684287 88.472 -96.2342
4.718231 88.526 -96.5510
4.752421 88.581 -96.8738
4.786859 88.635 -97.2028
4.821547 88.689 -97.5380
4.856485 88.743 -97.8793
4.891677 88.797 -98.2264
4.927125 88.850 -98.5790
4.962829 88.903 -98.9368
4.998791 88.955 -99.2996
5.035015 89.007 -99.6672
5.071500 89.057 -100.0396
5.108251 89.107 -100.4171
5.145267 89.157 -100.7996
5.182552 89.205 -101.1874
5.220107 89.252 -101.5803
5.257934 89.299 -101.9781
5.296035 89.345 -102.3801
5.334412 89.390 -102.7854
5.373067 89.434 -103.1934
5.412003 89.477 -103.6032
5.451221 89.519 -104.0145
5.490722 89.560 -104.4269
5.530510 89.600 -104.8407
5.570587 89.639 -105.2558
5.610953 89.677 -105.6722
5.651613 89.714 -106.0893
5.692567 89.750 -106.5067
5.733818 89.786 -106.9235
5.775367 89.821 -107.3390
5.817218 89.855 -107.7526
5.859372 89.888 -108.1639
5.901831 89.921 -108.5729
5.944598 89.953 -108.9797
5.987675 89.985 -109.3842
6.031065 90.016 -109.7865
6.074768 90.047 -110.1866
6.118788 90.078 -110.5843
6.163127 90.109 -110.9793
6.207788 90.140 -111.3715
6.252772 90.170 -111.7608
6.298082 90.201 -112.1473
6.343721 90.232 -112.5313
6.389690 90.263 -112.9130
6.435992 90.295 -113.2931
6.482630 90.326 -113.6719
6.529606 90.359 -114.0499
6.576922 90.391 -114.4275
6.624581 90.424 -114.8046
6.672585 90.458 -115.1817
6.720938 90.492 -115.5589
6.769640 90.526 -115.9367
6.818696 90.561 -116.3156
6.868107 90.597 -116.6964
6.917876 90.633 -117.0795
6.968006 90.669 -117.4653
7.018499 90.705 -117.8539
7.069358 90.742 -118.2455
7.120586 90.780 -118.6401
7.172184 90.817 -119.0378
7.224157 90.854 -119.4387
7.276506 90.892 -119.8429
7.329235 90.929 -120.2506
7.382345 90.967 -120.6618
7.435841 91.004 -121.0762
7.489724 91.041 -121.4934
7.543997 91.077 -121.9132
7.598664 91.114 -122.3349
7.653728 91.150 -122.7581
7.709189 91.185 -123.1826
7.765053 91.220 -123.6079
7.821322 91.254 -124.0339
7.877998 91.288 -124.4598
7.935086 91.322 -124.8851
7.992587 91.355 -125.3090
8.050504 91.388 -125.7310
8.108841 91.420 -126.1507
8.167601 91.451 -126.5679
8.226787 91.483 -126.9822
8.286402 91.514 -127.3934
8.346449 91.545 -127.8011
8.406931 91.575 -128.2050
8.467851 91.606 -128.6049
8.529212 91.637 -129.0008
8.591018 91.667 -129.3929
8.653272 91.698 -129.7812
8.715977 91.729 -130.1661
8.779137 91.760 -130.5476
8.842754 91.791 -130.9260
8.906833 91.822 -131.3016
8.971375 91.854 -131.6746
9.036386 91.886 -132.0455
9.101867 91.918 -132.4149
9.167823 91.950 -132.7829
9.234257 91.982 -133.1499
9.301172 92.015 -133.5162
9.368572 92.047 -133.8819
9.436460 92.080 -134.2474
9.504841 92.112 -134.6127
9.573717 92.144 -134.9779
9.643092 92.176 -135.3432
9.712970 92.207 -135.7082
9.783354 92.238 -136.0729
9.854248 92.269 -136.4370
9.925656 92.299 -136.8003
9.997581 92.328 -137.1625
10.070028 92.357 -137.5234
10.143000 92.385 -137.8825
10.216500 92.413 -138.2394
10.290533 92.440 -138.5939
10.365103 92.466 -138.9457
10.440212 92.491 -139.2944
10.515866 92.516 -139.6400
10.592069 92.541 -139.9823
10.668823 92.564 -140.3211
10.746134 92.588 -140.6564
10.824005 92.611 -140.9885
10.902440 92.633 -141.3174
10.981443 92.655 -141.6433
11.061020 92.677 -141.9666
11.141172 92.698 -142.2874
11.221906 92.719 -142.6061
11.303225 92.740 -142.9231
11.385133 92.761 -143.2389
11.467634 92.781 -143.5536
11.550734 92.800 -143.8676
11.634435 92.819 -144.1811
11.718742 92.838 -144.4944
11.803661 92.856 -144.8076
11.889195 92.874 -145.1209
11.975349 92.891 -145.4342
12.062128 92.908 -145.7477
12.149535 92.923 -146.0611
12.237576 92.938 -146.3746
12.326254 92.953 -146.6880
12.415575 92.967 -147.0012
12.505544 92.980 -147.3142
12.596164 92.993 -147.6270
12.687441 93.005 -147.9394
12.779379 93.016 -148.2517
12.871984 93.027 -148.5638
12.965260 93.038 -148.8759
13.059211 93.048 -149.1882
13.153843 93.058 -149.5007
13.249161 93.067 -149.8138
13.345170 93.076 -150.1277
13.441875 93.084 -150.4424
13.539280 93.092 -150.7583
13.637391 93.100 -151.0754
13.736214 93.108 -151.3937
13.835752 93.115 -151.7135
13.936011 93.121 -152.0345
14.036998 93.127 -152.3567
14.138716 93.133 -152.6800
14.241171 93.139 -153.0043
14.344368 93.144 -153.3293
14.448313 93.149 -153.6550
14.553011 93.154 -153.9810
14.658468 93.158 -154.3075
14.764689 93.162 -154.6342
14.871680 93.167 -154.9611
14.979446 93.171 -155.2882
15.087994 93.175 -155.6155
15.197328 93.179 -155.9432
15.307454 93.183 -156.2712
15.418378 93.187 -156.5997
15.530106 93.192 -156.9288
15.642643 93.196 -157.2583
15.755996 93.201 -157.5882
15.870171 93.205 -157.9185
15.985172 93.209 -158.2490
16.101007 93.214 -158.5793
16.217682 93.218 -158.9092
16.335201 93.222 -159.2385
16.453573 93.226 -159.5667
16.572803 93.231 -159.8934
16.692898 93.235 -160.2186
16.813862 93.239 -160.5418
16.935701 93.243 -160.8629
17.058424 93.247 -161.1819
17.182035 93.252 -161.4985
17.306543 93.256 -161.8129
17.431953 93.260 -162.1249
17.558273 93.264 -162.4347
17.685509 93.268 -162.7421
17.813665 93.273 -163.0473
17.942751 93.277 -163.3500
18.072771 93.280 -163.6501
18.203733 93.284 -163.9476
18.335646 93.287 -164.2421
18.468513 93.290 -164.5336
18.602345 93.293 -164.8219
18.737144 93.295 -165.1068
18.872921 93.297 -165.3884
19.009682 93.299 -165.6667
19.147434 93.300 -165.9418
19.286184 93.301 -166.2139
19.425940 93.302 -166.4834
19.566708 93.302 -166.7505
19.708496 93.302 -167.0155
19.851313 93.302 -167.2788
19.995163 93.301 -167.5404
20.140057 93.300 -167.8006
20.285999 93.298 -168.0594
20.433001 93.295 -168.3170
20.581066 93.292 -168.5731
20.730206 93.288 -168.8279
20.880424 93.284 -169.0814
21.031733 93.279 -169.3335
21.184137 93.273 -169.5845
21.337646 93.267 -169.8346
21.492268 93.261 -170.0840
21.648010 93.254 -170.3330
21.804880 93.247 -170.5819
21.962887 93.240 -170.8311
22.122040 93.232 -171.0810
22.282345 93.224 -171.3316
22.443811 93.216 -171.5832
22.606449 93.207 -171.8359
22.770266 93.198 -172.0896
22.935268 93.189 -172.3444
23.101467 93.180 -172.6003
23.268869 93.171 -172.8571
23.437485 93.161 -173.1147
23.607323 93.151 -173.3731
23.778391 93.142 -173.6321
23.950699 93.132 -173.8915
24.124256 93.122 -174.1512
24.299070 93.112 -174.4109
24.475151 93.102 -174.6704
24.652508 93.093 -174.9292
24.831150 93.083 -175.1871
25.011087 93.073 -175.4436
25.192327 93.063 -175.6984
25.374882 93.053 -175.9512
25.558758 93.044 -176.2017
25.743967 93.034 -176.4496
25.930519 93.024 -176.6949
26.118422 93.015 -176.9373
26.307686 93.006 -177.1769
26.498322 92.997 -177.4136
26.690340 92.987 -177.6477
26.883749 92.978 -177.8791
27.078560 92.969 -178.1080
27.274782 92.960 -178.3345
27.472427 92.950 -178.5585
27.671503 92.940 -178.7799
27.872023 92.930 -178.9987
28.073996 92.919 -179.2147
28.277431 92.909 -179.4278
28.482342 92.897 -179.6378
28.688736 92.886 -179.8450
28.896626 92.874 179.9505
29.106022 92.861 179.7482
29.316936 92.849 179.5476
29.529379 92.836 179.3483
29.743361 92.823 179.1496
29.958893 92.809 178.9511
30.175987 92.795 178.7527
30.394655 92.781 178.5540
30.614908 92.767 178.3552
30.836756 92.752 178.1562
31.060211 92.737 177.9568
31.285286 92.721 177.7571
31.511992 92.706 177.5566
31.740341 92.690 177.3554
31.970345 92.674 177.1533
32.202015 92.658 176.9500
32.435364 92.642 176.7459
32.670403 92.626 176.5411
32.907146 92.609 176.3360
33.145607 92.593 176.1309
33.385796 92.576 175.9260
33.627724 92.560 175.7216
33.871403 92.543 175.5180
34.116848 92.527 175.3152
34.364071 92.510 175.1136
34.613087 92.493 174.9134
34.863907 92.477 174.7151
35.116547 92.460 174.5191
35.371017 92.443 174.3256
35.627331 92.425 174.1347
35.885502 92.408 173.9465
36.145542 92.390 173.7610
36.407467 92.373 173.5780
36.671291 92.355 173.3975
36.937027 92.337 173.2196
37.204689 92.318 173.0443
37.474289 92.299 172.8718
37.745842 92.280 172.7021
38.019363 92.261 172.5349
38.294868 92.241 172.3702
38.572369 92.221 172.2077
38.851879 92.201 172.0474
39.133415 92.181 171.8892
39.416992 92.160 171.7332
39.702625 92.140 171.5793
39.990326 92.119 171.4270
40.280113 92.099 171.2756
40.571999 92.079 171.1242
40.866001 92.058 170.9720
41.162132 92.038 170.8186
41.460411 92.018 170.6641
41.760849 91.997 170.5094
42.063465 91.976 170.3556
42.368275 91.954 170.2039
42.675293 91.932 170.0548
42.984535 91.911 169.9084
43.296021 91.889 169.7640
43.609760 91.868 169.6208
43.925774 91.846 169.4778
44.244080 91.825 169.3348
44.564690 91.803 169.1918
44.887623 91.781 169.0494
45.212898 91.759 168.9080
45.540531 91.736 168.7681
45.870537 91.713 168.6298
46.202934 91.690 168.4930
46.537739 91.667 168.3577
46.874969 91.643 168.2237
47.214645 91.620 168.0909
47.556782 91.596 167.9593
47.901398 91.573 167.8288
48.248512 91.549 167.6995
48.598141 91.525 167.5716
48.950302 91.501 167.4453
49.305016 91.477 167.3208
49.662300 91.452 167.1987
50.022175 91.428 167.0792
50.384655 91.403 166.9625
50.749763 91.379 166.8488
51.117516 91.354 166.7379
51.487934 91.329 166.6297
51.861038 91.304 166.5243
52.236843 91.279 166.4216
52.615372 91.254 166.3216
52.996643 91.229 166.2242
53.380680 91.205 166.1291
53.767498 91.180 166.0358
54.157120 91.155 165.9438
54.549564 91.131 165.8527
54.944855 91.107 165.7618
55.343006 91.083 165.6707
55.744045 91.059 165.5789
56.147991 91.036 165.4857
56.554863 91.013 165.3904
56.964684 90.990 165.2923
57.377472 90.968 165.1910
57.793251 90.945 165.0864
58.212044 90.922 164.9791
58.633873 90.898 164.8701
59.058758 90.873 164.7612
59.486721 90.848 164.6544
59.917786 90.822 164.5510
60.351974 90.795 164.4520
60.789310 90.768 164.3574
61.229816 90.741 164.2667
61.673512 90.713 164.1792
62.120422 90.686 164.0945
62.570572 90.657 164.0123
63.023983 90.629 163.9326
63.480682 90.600 163.8553
63.940689 90.572 163.7803
64.404030 90.543 163.7074
64.870728 90.514 163.6363
65.340805 90.485 163.5668
65.814293 90.456 163.4986
66.291214 90.428 163.4318
66.771591 90.399 163.3667
67.255447 90.370 163.3040
67.742805 90.341 163.2442
68.233696 90.313 163.1871
68.728142 90.284 163.1324
69.226173 90.256 163.0790
69.727814 90.228 163.0259
70.233093 90.200 162.9728
70.742035 90.172 162.9196
71.254662 90.143 162.8674
71.771004 90.114 162.8181
72.291084 90.084 162.7733
72.814934 90.054 162.7337
73.342583 90.025 162.6984
73.874054 89.996 162.6659
74.409378 89.967 162.6349
74.948578 89.939 162.6047
75.491684 89.911 162.5754
76.038727 89.884 162.5468
76.589737 89.857 162.5186
77.144737 89.830 162.4899
77.703758 89.804 162.4597
78.266830 89.778 162.4268
78.833984 89.753 162.3903
79.405251 89.728 162.3498
79.980652 89.702 162.3052
80.560226 89.676 162.2567
81.143997 89.650 162.2039
81.732002 89.622 162.1469
82.324265 89.593 162.0861
82.920822 89.563 162.0227
83.521698 89.531 161.9586
84.126930 89.497 161.8958
84.736549 89.462 161.8367
85.350586 89.424 161.7843
85.969070 89.385 161.7415
86.592041 89.345 161.7107
87.219521 89.305 161.6929
87.851547 89.265 161.6870
88.488159 89.226 161.6906
89.129379 89.188 161.7015
89.775246 89.151 161.7180
90.425797 89.114 161.7390
91.081062 89.078 161.7637
91.741074 89.042 161.7921
92.405869 89.006 161.8237
93.075478 88.970 161.8575
93.749939 88.933 161.8926
94.429291 88.897 161.9280
95.113564 88.860 161.9629
95.802795 88.822 161.9972
96.497025 88.785 162.0313
97.196281 88.747 162.0667
97.900604 88.708 162.1057
98.610031 88.670 162.1506
99.324600 88.631 162.2043
100.044350 88.592 162.2692
100.769310 88.553 162.3472
101.499527 88.513 162.4395
102.235031 88.474 162.5460
102.975868 88.435 162.6659
103.722076 88.397 162.7975
104.473686 88.359 162.9387
105.230743 88.321 163.0876
105.993286 88.283 163.2441
106.761360 88.246 163.4110
107.534996 88.209 163.5931
108.314240 88.173 163.7947
109.099129 88.141 164.0165
109.889709 88.112 164.2549
110.686012 88.088 164.5024
111.488091 88.071 164.7500
112.295982 88.059 164.9857
113.109726 88.053 165.1975
113.929367 88.051 165.3764
114.754944 88.052 165.5185
115.586502 88.055 165.6240
116.424088 88.058 165.6957
117.267746 88.061 165.7372
118.117516 88.060 165.7540
118.973442 88.056 165.7546
119.835571 88.047 165.7507
120.703949 88.034 165.7542
121.578621 88.016 165.7697
122.459633 87.996 165.7941
123.347023 87.974 165.8218
124.240845 87.950 165.8507
125.141144 87.924 165.8820
126.047966 87.897 165.9176
126.961365 87.869 165.9582
127.881378 87.842 166.0033
128.808060 87.815 166.0522
129.741455 87.788 166.1051
130.681610 87.760 166.1625
131.628586 87.732 166.2251
132.582428 87.704 166.2922
133.543182 87.676 166.3618
134.510895 87.648 166.4320
135.485611 87.619 166.5032
136.467392 87.591 166.5779
137.456284 87.561 166.6588
138.452347 87.532 166.7477
139.455627 87.502 166.8446
140.466187 87.472 166.9486
141.484070 87.442 167.0582
142.509323 87.412 167.1720
143.542007 87.383 167.2897
144.582169 87.355 167.4127
145.629868 87.327 167.5413
146.685165 87.301 167.6747
147.748108 87.274 167.8120
148.818756 87.246 167.9534
149.897156 87.216 168.1000
150.983368 87.185 168.2536
152.077454 87.152 168.4146
153.179474 87.120 168.5823
154.289474 87.089 168.7562
155.407516 87.060 168.9363
156.533661 87.033 169.1223
157.667969 87.008 169.3129
158.810501 86.983 169.5055
159.961304 86.959 169.6960
161.120453 86.935 169.8808
162.287994 86.910 170.0579
163.464005 86.884 170.2303
164.648529 86.856 170.4068
165.841644 86.827 170.6000
167.043396 86.797 170.8223
168.253860 86.763 171.0824
169.473099 86.727 171.3833
170.701172 86.689 171.7222
171.938141 86.652 172.0905
173.184082 86.619 172.4767
174.439041 86.592 172.8674
175.703094 86.575 173.2477
176.976318 86.566 173.6048
178.258759 86.563 173.9383
179.550491 86.560 174.2699
180.851593 86.557 174.6333
182.162125 86.559 175.0382
183.482147 86.567 175.4570
184.811737 86.584 175.8575
186.150955 86.609 176.2164
187.499878 86.640 176.5168
188.858582 86.674 176.7506
190.227127 86.709 176.9175
191.605591 86.743 177.0228
192.994049 86.774 177.0739
194.392563 86.801 177.0797
195.801208 86.824 177.0508
197.220062 86.840 177.0002
198.649200 86.850 176.9438
200.088699 86.853 176.8990
201.538620 86.850 176.8798
202.999054 86.843 176.8900
204.470062 86.835 176.9222
205.951736 86.827 176.9664
207.444153 86.817 177.0162
208.947372 86.806 177.0693
210.461487 86.794 177.1264
211.986572 86.779 177.1900
213.522720 86.764 177.2642
215.069992 86.747 177.3539
216.628479 86.729 177.4632
218.198257 86.712 177.5927
219.779419 86.696 177.7394
221.372025 86.682 177.8971
222.976181 86.669 178.0590
224.591965 86.659 178.2201
226.219452 86.649 178.3781
227.858734 86.641 178.5326
229.509888 86.632 178.6847
231.173004 86.624 178.8356
232.848175 86.617 178.9863
234.535492 86.609 179.1371
236.235031 86.601 179.2873
237.946884 86.594 179.4355
239.671143 86.586 179.5811
241.407898 86.577 179.7248
243.157242 86.568 179.8691
244.919266 86.558 -179.9826
246.694046 86.547 -179.8263
248.481689 86.536 -179.6585
250.282288 86.525 -179.4762
252.095932 86.516 -179.2782
253.922729 86.508 -179.0663
255.762756 86.503 -178.8469
257.616119 86.502 -178.6307
259.482910 86.502 -178.4289
261.363220 86.504 -178.2474
263.257172 86.505 -178.0844
265.164856 86.505 -177.9324
267.086365 86.503 -177.7818
269.021790 86.500 -177.6252
270.971222 86.496 -177.4586
272.934784 86.492 -177.2816
274.912567 86.488 -177.0967
276.904694 86.487 -176.9071
278.911255 86.486 -176.7148
280.932373 86.488 -176.5222
282.968140 86.493 -176.3325
285.018646 86.499 -176.1516
287.084015 86.507 -175.9868
289.164337 86.516 -175.8440
291.259735 86.524 -175.7245
293.370331 86.530 -175.6228
295.496216 86.532 -175.5288
297.637512 86.532 -175.4326
299.794312 86.529 -175.3275
301.966736 86.526 -175.2110
304.154907 86.522 -175.0838
306.358948 86.518 -174.9486
308.578949 86.515 -174.8091
310.815033 86.513 -174.6685
313.067322 86.510 -174.5287
315.335938 86.506 -174.3891
317.621002 86.501 -174.2462
319.922607 86.496 -174.0957
322.240906 86.491 -173.9354
324.575989 86.486 -173.7663
326.928009 86.483 -173.5914
329.297058 86.481 -173.4151
331.683289 86.480 -173.2413
334.086792 86.480 -173.0733
336.507721 86.481 -172.9124
338.946198 86.482 -172.7583
341.402344 86.483 -172.6093
343.876282 86.482 -172.4624
346.368164 86.482 -172.3152
348.878082 86.480 -172.1657
351.406189 86.479 -172.0136
353.952637 86.478 -171.8594
356.517517 86.476 -171.7036
359.100983 86.476 -171.5464
361.703186 86.475 -171.3876
364.324249 86.474 -171.2269
366.964294 86.474 -171.0639
369.623474 86.473 -170.8988
372.301910 86.473 -170.7322
374.999756 86.473 -170.5649
377.717163 86.473 -170.3976
380.454254 86.473 -170.2309
383.211182 86.473 -170.0646
385.988098 86.474 -169.8986
388.785126 86.475 -169.7323
391.602417 86.476 -169.5650
394.440125 86.477 -169.3959
397.298401 86.478 -169.2250
400.177399 86.480 -169.0534
403.077240 86.483 -168.8831
405.998108 86.485 -168.7162
408.940125 86.488 -168.5536
411.903473 86.490 -168.3940
414.888306 86.492 -168.2344
417.894745 86.493 -168.0713
420.922974 86.493 -167.9025
423.973145 86.494 -167.7266
427.045441 86.497 -167.5446
430.139984 86.500 -167.3598
433.256958 86.505 -167.1767
436.396515 86.512 -166.9983
439.558838 86.519 -166.8252
442.744049 86.527 -166.6572
445.952362 86.536 -166.4962
449.183929 86.546 -166.3471
452.438904 86.555 -166.2164
455.717468 86.564 -166.1067
459.019775 86.570 -166.0139
462.346008 86.573 -165.9266
465.696350 86.572 -165.8322
469.070984 86.570 -165.7231
472.470062 86.566 -165.5981
475.893768 86.563 -165.4606
479.342285 86.559 -165.3163
482.815796 86.556 -165.1707
486.314484 86.552 -165.0257
489.838531 86.547 -164.8769
493.388092 86.540 -164.7166
496.963379 86.534 -164.5411
500.564575 86.529 -164.3541
504.191864 86.526 -164.1639
507.845459 86.525 -163.9776
511.525513 86.523 -163.7982
515.232239 86.522 -163.6245
518.965820 86.520 -163.4525
522.726440 86.517 -163.2770
526.514343 86.513 -163.0929
530.329712 86.510 -162.8982
534.172729 86.507 -162.6954
538.043579 86.505 -162.4896
541.942444 86.504 -162.2833
545.869568 86.503 -162.0754
549.825134 86.503 -161.8650
553.809387 86.503 -161.6540
557.822510 86.504 -161.4454
561.864746 86.505 -161.2415
565.936279 86.506 -161.0417
570.037292 86.505 -160.8433
574.168030 86.504 -160.6432
578.328674 86.503 -160.4397
582.519470 86.502 -160.2326
586.740662 86.500 -160.0217
590.992432 86.498 -159.8043
595.275024 86.497 -159.5779
599.588623 86.495 -159.3432
603.933472 86.495 -159.1044
608.309814 86.495 -158.8655
612.717896 86.496 -158.6275
617.157898 86.496 -158.3875
621.630066 86.495 -158.1397
626.134644 86.494 -157.8780
630.671875 86.494 -157.6009
635.242004 86.495 -157.3130
639.845215 86.499 -157.0207
644.481812 86.504 -156.7263
649.151978 86.512 -156.4292
653.856018 86.522 -156.1307
658.594116 86.534 -155.8374
663.366577 86.550 -155.5601
668.173584 86.566 -155.3071
673.015442 86.581 -155.0779
677.892395 86.595 -154.8640
682.804688 86.606 -154.6552
687.752563 86.614 -154.4438
692.736328 86.621 -154.2242
697.756165 86.627 -153.9922
702.812378 86.633 -153.7462
707.905273 86.640 -153.4887
713.035034 86.646 -153.2237
718.201965 86.654 -152.9546
723.406372 86.662 -152.6823
728.648499 86.670 -152.4062
733.928589 86.678 -152.1257
739.246948 86.686 -151.8403
744.603821 86.694 -151.5500
749.999512 86.703 -151.2545
755.434326 86.713 -150.9534
760.908508 86.724 -150.6465
766.422363 86.736 -150.3338
771.976196 86.749 -150.0166
777.570251 86.762 -149.6960
783.204834 86.777 -149.3724
788.880249 86.793 -149.0444
794.596802 86.810 -148.7090
800.354797 86.828 -148.3639
806.154480 86.850 -148.0104
811.996216 86.875 -147.6547
817.880249 86.903 -147.3055
823.806946 86.935 -146.9725
829.776611 86.968 -146.6641
835.789490 87.002 -146.3825
841.845947 87.034 -146.1206
847.946289 87.064 -145.8673
854.090881 87.092 -145.6142
860.279968 87.119 -145.3573
866.513916 87.145 -145.0935
872.793030 87.170 -144.8198
879.117676 87.197 -144.5367
885.488098 87.224 -144.2487
891.904724 87.253 -143.9597
898.367859 87.282 -143.6701
904.877808 87.312 -143.3777
911.434937 87.343 -143.0815
918.039551 87.376 -142.7833
924.692017 87.410 -142.4862
931.392700 87.446 -142.1940
938.141968 87.484 -141.9105
944.940125 87.523 -141.6375
951.787537 87.562 -141.3741
958.684570 87.601 -141.1174
965.631592 87.640 -140.8646
972.628967 87.680 -140.6134
979.677063 87.719 -140.3629
986.776184 87.760 -140.1138
993.926758 87.800 -139.8647
1001.129150 87.841 -139.6113
1008.383728 87.884 -139.3500
1015.690918 87.929 -139.0824
1023.051025 87.976 -138.8143
1030.464478 88.028 -138.5539
1037.931641 88.083 -138.3123
1045.452881 88.141 -138.1016
1053.028687 88.200 -137.9269
1060.659424 88.257 -137.7846
1068.345459 88.312 -137.6657
1076.087158 88.365 -137.5602
1083.884888 88.415 -137.4613
1091.739136 88.464 -137.3665
1099.650269 88.512 -137.2757
1107.618774 88.558 -137.1891
1115.645020 88.603 -137.1064
1123.729492 88.647 -137.0267
1131.872559 88.689 -136.9485
1140.074585 88.731 -136.8700
1148.336060 88.772 -136.7898
1156.657349 88.812 -136.7072
1165.038940 88.852 -136.6212
1173.481323 88.892 -136.5305
1181.984863 88.934 -136.4357
1190.550049 88.977 -136.3427
1199.177246 89.023 -136.2621
1207.866943 89.069 -136.2053
1216.619629 89.115 -136.1776
1225.435791 89.158 -136.1748
1234.315796 89.197 -136.1875
1243.260132 89.232 -136.2054
1252.269287 89.263 -136.2192
1261.343750 89.291 -136.2231
1270.484009 89.316 -136.2145
1279.690430 89.339 -136.1903
1288.963623 89.360 -136.1473
1298.303955 89.380 -136.0841
1307.712036 89.399 -136.0011
1317.188232 89.418 -135.8999
1326.733154 89.438 -135.7809
1336.347168 89.458 -135.6425
1346.030884 89.479 -135.4820
1355.784790 89.502 -135.2974
1365.609375 89.529 -135.0895
1375.505127 89.560 -134.8612
1385.472656 89.597 -134.6180
1395.512329 89.642 -134.3716
1405.624756 89.695 -134.1400
1415.810547 89.755 -133.9460
1426.070068 89.820 -133.8105
1436.403931 89.887 -133.7440
1446.812744 89.951 -133.7424
1457.296997 90.011 -133.7917
1467.857178 90.064 -133.8752
1478.493896 90.111 -133.9777
1489.207642 90.152 -134.0864
1499.999023 90.187 -134.1909
1510.868652 90.216 -134.2826
1521.817017 90.242 -134.3555
1532.844727 90.265 -134.4052
1543.952393 90.286 -134.4290
1555.140503 90.308 -134.4267
1566.409668 90.332 -134.4030
1577.760498 90.358 -134.3698
1589.193604 90.387 -134.3421
1600.709595 90.417 -134.3299
1612.308960 90.447 -134.3345
1623.992432 90.476 -134.3510
1635.760498 90.502 -134.3720
1647.613892 90.526 -134.3916
1659.553223 90.547 -134.4049
1671.578979 90.567 -134.4085
1683.691895 90.586 -134.4024
1695.892578 90.605 -134.3889
1708.181763 90.622 -134.3704
1720.559937 90.638 -134.3468
1733.027832 90.652 -134.3143
1745.586060 90.665 -134.2673
1758.235352 90.677 -134.1987
1770.976196 90.689 -134.1028
1783.809448 90.703 -133.9805
1796.735718 90.721 -133.8412
1809.755615 90.742 -133.6991
1822.869873 90.766 -133.5651
1836.079102 90.791 -133.4422
1849.384033 90.817 -133.3274
1862.785400 90.841 -133.2149
1876.283936 90.865 -133.0978
1889.880249 90.887 -132.9682
1903.575073 90.909 -132.8180
1917.369141 90.932 -132.6402
1931.263184 90.957 -132.4307
1945.257935 90.987 -132.1916
1959.354126 91.024 -131.9351
1973.552368 91.069 -131.6806
1987.853516 91.121 -131.4470
2002.258301 91.180 -131.2471
2016.767456 91.243 -131.0885
2031.381836 91.308 -130.9752
2046.102051 91.375 -130.9087
2060.928955 91.440 -130.8881
2075.863281 91.503 -130.9106
2090.905762 91.562 -130.9705
2106.057373 91.614 -131.0565
2121.318848 91.659 -131.1522
2136.690918 91.698 -131.2381
2152.174316 91.732 -131.2956
2167.769775 91.763 -131.3143
2183.478271 91.794 -131.2957
2199.300537 91.829 -131.2496
2215.237549 91.866 -131.1863
2231.290039 91.907 -131.1139
2247.458984 91.951 -131.0390
2263.745117 92.000 -130.9666
2280.149170 92.051 -130.9008
2296.672119 92.106 -130.8445
2313.314697 92.165 -130.8006
2330.077881 92.226 -130.7744
2346.962646 92.291 -130.7753
2363.969727 92.357 -130.8126
2381.100098 92.423 -130.8891
2398.354492 92.488 -130.9991
2415.733887 92.549 -131.1319
2433.239258 92.607 -131.2751
2450.871582 92.664 -131.4203
2468.631592 92.719 -131.5640
2486.520264 92.774 -131.7069
2504.538574 92.829 -131.8503
2522.687500 92.885 -131.9951
2540.968018 92.943 -132.1435
2559.380859 93.004 -132.3031
2577.927246 93.067 -132.4873
2596.607910 93.131 -132.7081
2615.424072 93.195 -132.9712
2634.376465 93.255 -133.2738
2653.466309 93.312 -133.6060
2672.694336 93.363 -133.9535
2692.061768 93.410 -134.3011
2711.569580 93.455 -134.6397
2731.218750 93.499 -134.9707
2751.010254 93.544 -135.3050
2770.945312 93.591 -135.6561
2791.024658 93.638 -136.0346
2811.249512 93.683 -136.4464
2831.621094 93.726 -136.8931
2852.140137 93.765 -137.3735
2872.807861 93.798 -137.8824
2893.625488 93.823 -138.4090
2914.593994 93.841 -138.9375
2935.714355 93.851 -139.4524
2956.987793 93.856 -139.9453
2978.415283 93.856 -140.4146
2999.998047 93.854 -140.8621
3021.737305 93.848 -141.2889
3043.634033 93.839 -141.6932
3065.689453 93.828 -142.0696
3087.904785 93.816 -142.4121
3110.281006 93.805 -142.7199
3132.819336 93.796 -143.0006
3155.520996 93.790 -143.2666
3178.387207 93.788 -143.5304
3201.419189 93.788 -143.8012
3224.617920 93.790 -144.0852
3247.984863 93.792 -144.3856
3271.520996 93.792 -144.7012
3295.227783 93.789 -145.0246
3319.106445 93.784 -145.3454
3343.157959 93.777 -145.6573
3367.383789 93.768 -145.9603
3391.785156 93.759 -146.2578
3416.363525 93.748 -146.5518
3441.119873 93.735 -146.8393
3466.055664 93.720 -147.1119
3491.172119 93.703 -147.3605
3516.470703 93.687 -147.5822
3541.952393 93.672 -147.7809
3567.618896 93.659 -147.9640
3593.471436 93.649 -148.1392
3619.511230 93.642 -148.3139
3645.739746 93.636 -148.4931
3672.158203 93.630 -148.6765
3698.768066 93.625 -148.8581
3725.570801 93.619 -149.0322
3752.567871 93.615 -149.1986
3779.760498 93.613 -149.3616
3807.150146 93.611 -149.5259
3834.738281 93.611 -149.6910
3862.526367 93.611 -149.8508
3890.515869 93.612 -149.9994
3918.708252 93.615 -150.1373
3947.104736 93.623 -150.2715
3975.707031 93.635 -150.4124
4004.516602 93.650 -150.5716
4033.534912 93.668 -150.7582
4062.763672 93.688 -150.9744
4092.204102 93.706 -151.2146
4121.857910 93.724 -151.4711
4151.726562 93.741 -151.7398
4181.811523 93.757 -152.0203
4212.114746 93.773 -152.3111
4242.637695 93.787 -152.6056
4273.381836 93.801 -152.8955
4304.348633 93.816 -153.1773
4335.539551 93.834 -153.4551
4366.956543 93.856 -153.7396
4398.601074 93.883 -154.0460
4430.475098 93.914 -154.3891
4462.580078 93.947 -154.7770
4494.917969 93.980 -155.2116
4527.490234 94.013 -155.6928
4560.298340 94.045 -156.2227
4593.344238 94.073 -156.8025
4626.629395 94.097 -157.4273
4660.155762 94.115 -158.0868
4693.925293 94.128 -158.7710
4727.939453 94.135 -159.4750
4762.200195 94.139 -160.1996
4796.708984 94.139 -160.9509
4831.467773 94.134 -161.7348
4866.478516 94.123 -162.5512
4901.743164 94.104 -163.3955
4937.263184 94.076 -164.2620
4973.040527 94.039 -165.1450
5009.077148 93.990 -166.0345
5045.375000 93.930 -166.9137
5081.936035 93.858 -167.7637
5118.761719 93.777 -168.5691
5155.854492 93.688 -169.3222
5193.215820 93.595 -170.0246
5230.848145 93.498 -170.6823
5268.752930 93.400 -171.3009
5306.932617 93.300 -171.8857
5345.388672 93.199 -172.4441
5384.123535 93.096 -172.9833
5423.139160 92.991 -173.5055
5462.437500 92.884 -174.0070
5502.020508 92.773 -174.4821
5541.890625 92.661 -174.9284
5582.049316 92.549 -175.3505
5622.499023 92.436 -175.7580
5663.242188 92.323 -176.1607
5704.280273 92.211 -176.5677
5745.615723 92.096 -176.9893
5787.250977 91.978 -177.4335
5829.187988 91.854 -177.9010
5871.428711 91.721 -178.3839
5913.975586 91.576 -178.8688
5956.830566 91.419 -179.3410
5999.996094 91.248 -179.7868
6043.474609 91.062 179.8094
6087.268066 90.861 179.4679
6131.378906 90.644 179.2120
6175.809570 90.410 179.0699
6220.562012 90.160 179.0769
6265.638672 89.897 179.2762
6311.041992 89.625 179.7124
6356.774414 89.352 -179.5784
6402.838379 89.087 -178.5789
6449.235840 88.843 -177.2957
6495.969727 88.629 -175.7632
6543.041992 88.456 -174.0421
6590.455566 88.329 -172.2097
6638.212891 88.249 -170.3449
6686.315918 88.215 -168.5169
6734.767578 88.223 -166.7798
6783.570312 88.267 -165.1742
6832.727051 88.342 -163.7281
6882.239746 88.442 -162.4600
6932.111328 88.563 -161.3843
6982.344238 88.699 -160.5111
7032.941406 88.846 -159.8448
7083.904785 88.997 -159.3828
7135.237793 89.149 -159.1186
7186.942871 89.297 -159.0418
7239.022461 89.436 -159.1351
7291.479492 89.564 -159.3726
7344.316406 89.679 -159.7212
7397.536133 89.780 -160.1476
7451.141602 89.872 -160.6336
7505.135742 89.957 -161.1853
7559.520996 90.035 -161.8219
7614.300293 90.105 -162.5533
7669.476562 90.166 -163.3767
7725.052734 90.218 -164.2902
7781.031738 90.259 -165.2995
7837.416504 90.288 -166.4105
7894.209473 90.300 -167.6190
7951.414062 90.291 -168.9081
8009.033203 90.257 -170.2496
8067.069824 90.196 -171.6103
8125.527344 90.110 -172.9595
8184.408203 89.997 -174.2711
8243.715820 89.860 -175.5185
8303.453125 89.697 -176.6700
8363.623047 89.513 -177.6889
8424.229492 89.311 -178.5359
8485.275391 89.099 -179.1781
8546.763672 88.889 -179.6048
8608.697266 88.694 -179.8431
8671.079102 88.527 -179.9723
8733.913086 88.391 179.8765
8797.202148 88.279 179.5604
8860.950195 88.168 179.0079
8925.160156 88.034 178.2724
8989.835938 87.863 177.4880
9054.980469 87.657 176.7830
9120.596680 87.424 176.2338
9186.688477 87.173 175.8684
9253.258789 86.912 175.6891
9320.311523 86.649 175.6883
9387.850586 86.388 175.8550
9455.878906 86.132 176.1794
9524.400391 85.884 176.6532
9593.417969 85.648 177.2695
9662.935547 85.427 178.0192
9732.957031 85.226 178.8828
9803.486328 85.048 179.8257
9874.526367 84.894 -179.1962
9946.081055 84.764 -178.2229
10018.154297 84.653 -177.2757
10090.750000 84.558 -176.3541
10163.872070 84.480 -175.4485
10237.523438 84.420 -174.5595
10311.708984 84.383 -173.7133
10386.431641 84.369 -172.9646
10461.696289 84.376 -172.3828
10537.505859 84.393 -172.0301
10613.865234 84.406 -171.9344
10690.777344 84.398 -172.0697
10768.247070 84.355 -172.3560
10846.278320 84.269 -172.6800
10924.875000 84.143 -172.9270
11004.041016 83.984 -173.0090
11083.781250 83.802 -172.8769
11164.098633 83.610 -172.5182
11244.998047 83.417 -171.9417
11326.484375 83.229 -171.1648
11408.560547 83.053 -170.2099
11491.231445 82.893 -169.1054
11574.501953 82.753 -167.8852
11658.375977 82.633 -166.5806
11742.857422 82.533 -165.2148
11827.951172 82.454 -163.8047
11913.661133 82.394 -162.3671
11999.992188 82.354 -160.9187
12086.949219 82.332 -159.4709
12174.536133 82.326 -158.0264
12262.757812 82.336 -156.5834
12351.619141 82.362 -155.1420
12441.124023 82.404 -153.7033
12531.277344 82.463 -152.2655
12622.083984 82.539 -150.8232
12713.548828 82.634 -149.3735
12805.676758 82.753 -147.9221
12898.471680 82.898 -146.4818
12991.939453 83.070 -145.0684
13086.083984 83.273 -143.7013
13180.911133 83.509 -142.4082
13276.425781 83.780 -141.2242
13372.631836 84.084 -140.1848
13469.535156 84.422 -139.3233
13567.140625 84.792 -138.6732
13665.454102 85.191 -138.2697
13764.479492 85.617 -138.1447
13864.222656 86.066 -138.3235
13964.688477 86.534 -138.8282
14065.882812 87.017 -139.6818
14167.809570 87.512 -140.9062
14270.475586 88.012 -142.5194
14373.885742 88.513 -144.5383
14478.044922 89.009 -146.9801
14582.958984 89.493 -149.8594
14688.632812 89.958 -153.1836
14795.072266 90.395 -156.9536
14902.283203 90.794 -161.1642
15010.271484 91.147 -165.7996
15119.041992 91.442 -170.8307
15228.600586 91.672 -176.2142
15338.953125 91.826 178.1055
15450.105469 91.898 172.1978
15562.063477 91.884 166.1432
15674.833008 91.780 160.0279
15788.418945 91.589 153.9372
15902.828125 91.312 147.9505
16018.066406 90.956 142.1392
16134.139648 90.527 136.5640
16251.054688 90.031 131.2749
16368.816406 89.478 126.3157
16487.431641 88.876 121.7252
16606.906250 88.235 117.5331
16727.246094 87.570 113.7523
16848.458984 86.898 110.3665
16970.550781 86.238 107.3127
17093.527344 85.611 104.4730
17217.394531 85.028 101.6866
17342.158203 84.493 98.7786
17467.826172 83.994 95.5977
17594.404297 83.507 92.0519
17721.900391 83.000 88.1269
17850.320312 82.441 83.8845
17979.671875 81.803 79.4482
18109.960938 81.066 74.9823
18241.193359 80.220 70.6655
18373.376953 79.263 66.6664
18506.517578 78.202 63.1272
18640.623047 77.049 60.1521
18775.701172 75.819 57.8047
18911.757812 74.527 56.1129
19048.800781 73.190 55.0769
19186.835938 71.824 54.6751
19325.871094 70.444 54.8685
19465.914062 69.075 55.5946
19606.972656 67.757 56.7452
19749.052734 66.563 58.1278
19892.162109 65.616 59.4283
20036.308594 65.078 60.2395
