* Measurement data measured by REW V5.31
* Source: EXCL: Microphone (USB Sound Device        ), MICROPHONE (Master Volume), L, volume: 0.250
* Format: 256k Log Swept Sine, 1 sweep at -5.0 dBFS with no timing reference
* Dated: Jun 26, 2024 12:11:14 AM
* REW Settings:
*  C-weighting compensation: Off
*  Target level: 75.0 dB
* Note: NF Audio RA05
* Measurement: L NF Audio RA05
* Smoothing: 1/12 octave
* Frequency Step: 96 ppo
* Start Frequency: 0.36621094 Hz
*
* Freq(Hz) SPL(dB) Phase(degrees)
0.366211 94.614 174.1211
0.368865 94.610 174.1200
0.371538 94.604 174.1182
0.374230 94.596 174.1161
0.376942 94.588 174.1137
0.379673 94.578 174.1111
0.382424 94.569 174.1084
0.385196 94.559 174.1056
0.387987 94.549 174.1027
0.390798 94.539 174.0998
0.393630 94.529 174.0969
0.396483 94.519 174.0939
0.399356 94.508 174.0909
0.402250 94.498 174.0879
0.405165 94.487 174.0848
0.408101 94.477 174.0817
0.411058 94.466 174.0786
0.414037 94.455 174.0754
0.417037 94.444 174.0722
0.420059 94.433 174.0689
0.423103 94.422 174.0656
0.426169 94.411 174.0623
0.429257 94.400 174.0589
0.432368 94.389 174.0555
0.435501 94.378 174.0521
0.438656 94.366 174.0486
0.441835 94.355 174.0450
0.445037 94.343 174.0414
0.448262 94.331 174.0378
0.451510 94.320 174.0340
0.454782 94.308 174.0303
0.458077 94.296 174.0265
0.461397 94.284 174.0226
0.464740 94.272 174.0187
0.468108 94.260 174.0147
0.471500 94.247 174.0107
0.474917 94.235 174.0066
0.478358 94.223 174.0024
0.481825 94.210 173.9982
0.485316 94.197 173.9939
0.488833 94.185 173.9895
0.492375 94.172 173.9850
0.495943 94.159 173.9805
0.499537 94.146 173.9760
0.503157 94.133 173.9713
0.506803 94.120 173.9665
0.510475 94.107 173.9617
0.514175 94.093 173.9568
0.517900 94.080 173.9518
0.521653 94.066 173.9467
0.525434 94.052 173.9415
0.529241 94.039 173.9362
0.533076 94.025 173.9308
0.536939 94.011 173.9254
0.540830 93.997 173.9198
0.544749 93.983 173.9141
0.548696 93.968 173.9083
0.552673 93.954 173.9024
0.556677 93.940 173.8963
0.560711 93.925 173.8902
0.564774 93.910 173.8839
0.568867 93.896 173.8775
0.572989 93.881 173.8710
0.577141 93.866 173.8643
0.581324 93.851 173.8575
0.585536 93.835 173.8506
0.589779 93.820 173.8435
0.594053 93.804 173.8363
0.598358 93.789 173.8289
0.602694 93.773 173.8213
0.607061 93.757 173.8136
0.611460 93.742 173.8057
0.615891 93.726 173.7977
0.620354 93.709 173.7894
0.624849 93.693 173.7810
0.629377 93.677 173.7724
0.633938 93.660 173.7637
0.638532 93.644 173.7547
0.643159 93.627 173.7455
0.647819 93.610 173.7361
0.652514 93.593 173.7265
0.657242 93.576 173.7166
0.662005 93.559 173.7066
0.666802 93.542 173.6963
0.671634 93.524 173.6858
0.676501 93.507 173.6750
0.681403 93.489 173.6641
0.686341 93.471 173.6529
0.691314 93.453 173.6416
0.696324 93.435 173.6303
0.701370 93.417 173.6192
0.706452 93.398 173.6086
0.711571 93.380 173.5991
0.716728 93.361 173.5918
0.721921 93.342 173.5881
0.727153 93.322 173.5897
0.732422 93.302 173.5984
0.737729 93.282 173.6152
0.743075 93.261 173.6399
0.748460 93.239 173.6712
0.753883 93.217 173.7077
0.759346 93.195 173.7484
0.764849 93.172 173.7924
0.770391 93.148 173.8394
0.775974 93.124 173.8889
0.781597 93.100 173.9409
0.787261 93.075 173.9954
0.792966 93.050 174.0522
0.798712 93.025 174.1115
0.804500 92.999 174.1733
0.810329 92.972 174.2376
0.816201 92.945 174.3046
0.822116 92.918 174.3741
0.828073 92.891 174.4464
0.834074 92.863 174.5214
0.840118 92.835 174.5992
0.846206 92.807 174.6800
0.852338 92.778 174.7637
0.858514 92.749 174.8504
0.864735 92.720 174.9402
0.871001 92.691 175.0332
0.877313 92.661 175.1294
0.883670 92.631 175.2289
0.890074 92.601 175.3317
0.896524 92.571 175.4380
0.903020 92.541 175.5478
0.909564 92.510 175.6611
0.916155 92.480 175.7781
0.922794 92.450 175.8988
0.929481 92.419 176.0233
0.936216 92.389 176.1516
0.943000 92.358 176.2838
0.949834 92.328 176.4200
0.956717 92.298 176.5602
0.963649 92.268 176.7046
0.970632 92.238 176.8531
0.977666 92.208 177.0058
0.984750 92.179 177.1628
0.991886 92.150 177.3241
0.999074 92.121 177.4898
1.006314 92.093 177.6599
1.013606 92.065 177.8345
1.020951 92.038 178.0136
1.028349 92.011 178.1972
1.035801 91.984 178.3854
1.043307 91.959 178.5782
1.050867 91.934 178.7756
1.058482 91.910 178.9777
1.066152 91.886 179.1845
1.073878 91.863 179.3963
1.081660 91.841 179.6132
1.089498 91.820 179.8357
1.097393 91.800 -179.9359
1.105345 91.780 -179.7008
1.113355 91.762 -179.4585
1.121423 91.743 -179.2084
1.129549 91.725 -178.9503
1.137734 91.708 -178.6838
1.145979 91.691 -178.4089
1.154283 91.675 -178.1258
1.162647 91.659 -177.8344
1.171072 91.644 -177.5351
1.179558 91.629 -177.2278
1.188106 91.615 -176.9130
1.196715 91.602 -176.5908
1.205387 91.589 -176.2615
1.214122 91.576 -175.9255
1.222920 91.564 -175.5829
1.231782 91.553 -175.2343
1.240708 91.543 -174.8800
1.249699 91.533 -174.5203
1.258754 91.524 -174.1556
1.267876 91.516 -173.7865
1.277063 91.508 -173.4133
1.286318 91.502 -173.0366
1.295639 91.496 -172.6568
1.305027 91.491 -172.2744
1.314484 91.486 -171.8901
1.324009 91.483 -171.5044
1.333604 91.481 -171.1179
1.343268 91.479 -170.7311
1.353002 91.479 -170.3448
1.362806 91.479 -169.9595
1.372681 91.481 -169.5760
1.382628 91.483 -169.1949
1.392647 91.487 -168.8168
1.402739 91.492 -168.4424
1.412904 91.498 -168.0723
1.423142 91.505 -167.7071
1.433455 91.513 -167.3471
1.443843 91.523 -166.9926
1.454305 91.535 -166.6433
1.464844 91.548 -166.2990
1.475459 91.562 -165.9589
1.486150 91.579 -165.6222
1.496920 91.598 -165.2886
1.507767 91.619 -164.9575
1.518693 91.642 -164.6291
1.529698 91.666 -164.3033
1.540783 91.693 -163.9804
1.551948 91.722 -163.6608
1.563194 91.753 -163.3447
1.574521 91.785 -163.0326
1.585931 91.820 -162.7249
1.597423 91.855 -162.4218
1.608999 91.893 -162.1239
1.620658 91.931 -161.8315
1.632402 91.971 -161.5450
1.644232 92.012 -161.2647
1.656146 92.054 -160.9910
1.668147 92.097 -160.7243
1.680235 92.141 -160.4650
1.692411 92.185 -160.2133
1.704675 92.230 -159.9696
1.717028 92.276 -159.7342
1.729470 92.321 -159.5076
1.742003 92.366 -159.2899
1.754626 92.412 -159.0815
1.767341 92.457 -158.8828
1.780147 92.501 -158.6940
1.793047 92.545 -158.5154
1.806040 92.589 -158.3474
1.819128 92.632 -158.1900
1.832310 92.675 -158.0436
1.845587 92.718 -157.9082
1.858961 92.762 -157.7839
1.872432 92.805 -157.6708
1.886001 92.849 -157.5686
1.899667 92.894 -157.4773
1.913433 92.939 -157.3967
1.927299 92.985 -157.3264
1.941265 93.032 -157.2662
1.955332 93.078 -157.2159
1.969501 93.125 -157.1751
1.983773 93.172 -157.1435
1.998148 93.220 -157.1208
2.012627 93.267 -157.1067
2.027212 93.313 -157.1007
2.041902 93.360 -157.1027
2.056698 93.406 -157.1121
2.071602 93.451 -157.1286
2.086614 93.496 -157.1520
2.101734 93.540 -157.1820
2.116964 93.582 -157.2182
2.132304 93.624 -157.2605
2.147756 93.664 -157.3089
2.163320 93.702 -157.3636
2.178996 93.740 -157.4252
2.194786 93.775 -157.4943
2.210690 93.810 -157.5721
2.226710 93.843 -157.6595
2.242845 93.874 -157.7571
2.259098 93.905 -157.8654
2.275468 93.934 -157.9840
2.291957 93.962 -158.1127
2.308566 93.989 -158.2508
2.325295 94.015 -158.3974
2.342145 94.039 -158.5518
2.359117 94.063 -158.7129
2.376212 94.085 -158.8798
2.393431 94.106 -159.0515
2.410775 94.125 -159.2269
2.428244 94.143 -159.4048
2.445840 94.160 -159.5845
2.463564 94.175 -159.7646
2.481416 94.188 -159.9445
2.499397 94.201 -160.1232
2.517509 94.211 -160.3004
2.535752 94.220 -160.4760
2.554127 94.228 -160.6506
2.572635 94.233 -160.8253
2.591277 94.236 -161.0013
2.610055 94.238 -161.1798
2.628968 94.237 -161.3616
2.648019 94.235 -161.5469
2.667208 94.230 -161.7354
2.686535 94.224 -161.9265
2.706003 94.215 -162.1195
2.725612 94.205 -162.3133
2.745363 94.193 -162.5068
2.765257 94.180 -162.6988
2.785295 94.165 -162.8879
2.805478 94.149 -163.0728
2.825808 94.131 -163.2520
2.846285 94.112 -163.4243
2.866910 94.092 -163.5884
2.887685 94.071 -163.7434
2.908611 94.048 -163.8885
2.929688 94.024 -164.0236
2.950917 93.998 -164.1489
2.972301 93.971 -164.2650
2.993839 93.942 -164.3724
3.015534 93.911 -164.4713
3.037386 93.878 -164.5619
3.059396 93.843 -164.6441
3.081565 93.807 -164.7179
3.103896 93.770 -164.7829
3.126388 93.732 -164.8387
3.149043 93.694 -164.8851
3.171862 93.655 -164.9214
3.194847 93.616 -164.9470
3.217998 93.577 -164.9615
3.241317 93.539 -164.9639
3.264805 93.501 -164.9534
3.288463 93.463 -164.9289
3.312293 93.426 -164.8895
3.336295 93.389 -164.8344
3.360471 93.352 -164.7631
3.384822 93.315 -164.6756
3.409350 93.279 -164.5727
3.434056 93.242 -164.4553
3.458940 93.206 -164.3246
3.484005 93.171 -164.1822
3.509252 93.137 -164.0296
3.534681 93.104 -163.8686
3.560295 93.073 -163.7007
3.586094 93.044 -163.5272
3.612081 93.017 -163.3491
3.638255 92.993 -163.1667
3.664620 92.972 -162.9795
3.691175 92.953 -162.7866
3.717923 92.937 -162.5873
3.744864 92.924 -162.3815
3.772001 92.913 -162.1699
3.799335 92.904 -161.9542
3.826866 92.898 -161.7365
3.854597 92.894 -161.5195
3.882529 92.892 -161.3060
3.910664 92.892 -161.0990
3.939002 92.893 -160.9011
3.967546 92.897 -160.7147
3.996296 92.903 -160.5415
4.025255 92.911 -160.3825
4.054423 92.920 -160.2377
4.083804 92.933 -160.1069
4.113396 92.947 -159.9896
4.143204 92.964 -159.8859
4.173227 92.982 -159.7959
4.203468 93.002 -159.7202
4.233928 93.023 -159.6593
4.264609 93.044 -159.6142
4.295512 93.065 -159.5857
4.326639 93.087 -159.5748
4.357992 93.107 -159.5825
4.389572 93.127 -159.6097
4.421380 93.147 -159.6570
4.453419 93.166 -159.7247
4.485691 93.184 -159.8123
4.518196 93.202 -159.9186
4.550936 93.219 -160.0421
4.583914 93.235 -160.1810
4.617131 93.250 -160.3334
4.650589 93.263 -160.4975
4.684289 93.274 -160.6719
4.718233 93.284 -160.8559
4.752424 93.291 -161.0492
4.786862 93.295 -161.2524
4.821549 93.297 -161.4659
4.856488 93.296 -161.6897
4.891680 93.294 -161.9225
4.927127 93.289 -162.1624
4.962831 93.282 -162.4070
4.998794 93.272 -162.6532
5.035017 93.261 -162.8984
5.071503 93.247 -163.1401
5.108253 93.232 -163.3770
5.145270 93.214 -163.6083
5.182555 93.194 -163.8339
5.220110 93.172 -164.0540
5.257937 93.148 -164.2684
5.296038 93.122 -164.4761
5.334415 93.095 -164.6760
5.373071 93.067 -164.8664
5.412006 93.039 -165.0456
5.451224 93.010 -165.2120
5.490725 92.981 -165.3643
5.530514 92.953 -165.5017
5.570590 92.924 -165.6241
5.610957 92.896 -165.7321
5.651616 92.868 -165.8266
5.692570 92.841 -165.9090
5.733821 92.815 -165.9805
5.775370 92.791 -166.0424
5.817221 92.769 -166.0954
5.859375 92.750 -166.1399
5.901834 92.734 -166.1759
5.944602 92.720 -166.2041
5.987679 92.709 -166.2258
6.031068 92.701 -166.2433
6.074771 92.696 -166.2596
6.118792 92.693 -166.2777
6.163131 92.693 -166.3007
6.207792 92.697 -166.3307
6.252776 92.703 -166.3690
6.298086 92.712 -166.4165
6.343725 92.725 -166.4738
6.389694 92.739 -166.5421
6.435996 92.756 -166.6227
6.482634 92.775 -166.7175
6.529610 92.795 -166.8281
6.576926 92.817 -166.9559
6.624585 92.839 -167.1016
6.672590 92.862 -167.2653
6.720942 92.886 -167.4462
6.769645 92.910 -167.6432
6.818700 92.934 -167.8552
6.868111 92.958 -168.0808
6.917881 92.980 -168.3191
6.968010 93.002 -168.5695
7.018504 93.022 -168.8311
7.069362 93.041 -169.1028
7.120590 93.058 -169.3829
7.172189 93.074 -169.6685
7.224161 93.089 -169.9570
7.276511 93.102 -170.2458
7.329239 93.113 -170.5329
7.382350 93.123 -170.8172
7.435845 93.131 -171.0974
7.489729 93.137 -171.3721
7.544002 93.143 -171.6396
7.598669 93.148 -171.8979
7.653732 93.152 -172.1453
7.709194 93.156 -172.3801
7.765058 93.159 -172.6020
7.821327 93.163 -172.8106
7.878004 93.167 -173.0063
7.935091 93.172 -173.1893
7.992592 93.178 -173.3602
8.050510 93.185 -173.5190
8.108847 93.193 -173.6664
8.167607 93.203 -173.8033
8.226793 93.216 -173.9310
8.286408 93.229 -174.0515
8.346454 93.245 -174.1669
8.406936 93.263 -174.2789
8.467856 93.283 -174.3892
8.529218 93.304 -174.4988
8.591024 93.328 -174.6091
8.653278 93.353 -174.7216
8.715983 93.379 -174.8377
8.779143 93.406 -174.9588
8.842760 93.434 -175.0857
8.906839 93.462 -175.2185
8.971381 93.491 -175.3573
9.036392 93.520 -175.5016
9.101873 93.548 -175.6512
9.167829 93.576 -175.8055
9.234263 93.603 -175.9639
9.301178 93.629 -176.1254
9.368578 93.654 -176.2885
9.436467 93.677 -176.4517
9.504847 93.699 -176.6136
9.573723 93.720 -176.7729
9.643099 93.739 -176.9285
9.712976 93.755 -177.0793
9.783361 93.769 -177.2242
9.854255 93.780 -177.3622
9.925663 93.788 -177.4925
9.997588 93.793 -177.6147
10.070035 93.796 -177.7288
10.143007 93.796 -177.8351
10.216507 93.794 -177.9338
10.290540 93.790 -178.0254
10.365109 93.786 -178.1105
10.440219 93.781 -178.1901
10.515873 93.775 -178.2654
10.592076 93.769 -178.3374
10.668830 93.763 -178.4073
10.746141 93.756 -178.4760
10.824012 93.750 -178.5443
10.902447 93.744 -178.6133
10.981451 93.737 -178.6836
11.061027 93.731 -178.7558
11.141180 93.723 -178.8301
11.221913 93.715 -178.9067
11.303232 93.706 -178.9855
11.385140 93.697 -179.0664
11.467641 93.686 -179.1492
11.550741 93.675 -179.2335
11.634442 93.663 -179.3189
11.718750 93.650 -179.4052
11.803669 93.637 -179.4919
11.889203 93.623 -179.5792
11.975357 93.609 -179.6667
12.062136 93.595 -179.7548
12.149543 93.580 -179.8435
12.237583 93.566 -179.9332
12.326262 93.551 179.9756
12.415583 93.535 179.8824
12.505552 93.520 179.7865
12.596172 93.503 179.6874
12.687449 93.487 179.5847
12.779387 93.470 179.4777
12.871992 93.452 179.3663
12.965268 93.434 179.2503
13.059220 93.416 179.1296
13.153852 93.397 179.0044
13.249170 93.378 178.8750
13.345179 93.358 178.7418
13.441884 93.338 178.6052
13.539289 93.318 178.4657
13.637401 93.298 178.3237
13.736223 93.277 178.1797
13.835761 93.257 178.0336
13.936021 93.236 177.8857
14.037007 93.216 177.7358
14.138725 93.196 177.5835
14.241180 93.176 177.4285
14.344377 93.156 177.2700
14.448323 93.137 177.1075
14.553021 93.119 176.9404
14.658478 93.101 176.7682
14.764700 93.083 176.5904
14.871691 93.066 176.4069
14.979457 93.050 176.2178
15.088005 93.034 176.0235
15.197339 93.018 175.8245
15.307465 93.002 175.6218
15.418389 92.986 175.4164
15.530117 92.970 175.2094
15.642655 92.955 175.0020
15.756008 92.939 174.7954
15.870182 92.924 174.5904
15.985184 92.909 174.3878
16.101019 92.894 174.1882
16.217694 92.880 173.9915
16.335214 92.867 173.7980
16.453586 92.855 173.6071
16.572815 92.843 173.4186
16.692909 92.833 173.2319
16.813872 92.824 173.0466
16.935713 92.816 172.8624
17.058436 92.809 172.6790
17.182048 92.803 172.4967
17.306556 92.797 172.3156
17.431967 92.791 172.1362
17.558286 92.785 171.9593
17.685521 92.779 171.7855
17.813677 92.772 171.6156
17.942762 92.766 171.4503
18.072783 92.759 171.2899
18.203746 92.751 171.1350
18.335658 92.744 170.9854
18.468526 92.737 170.8412
18.602356 92.729 170.7020
18.737156 92.721 170.5675
18.872934 92.713 170.4374
19.009695 92.705 170.3112
19.147447 92.696 170.1888
19.286197 92.687 170.0700
19.425953 92.677 169.9547
19.566721 92.667 169.8428
19.708510 92.656 169.7345
19.851326 92.644 169.6295
19.995177 92.631 169.5277
20.140070 92.617 169.4286
20.286013 92.603 169.3316
20.433014 92.588 169.2360
20.581080 92.573 169.1409
20.730219 92.557 169.0455
20.880439 92.540 168.9489
21.031747 92.523 168.8504
21.184152 92.505 168.7496
21.337661 92.487 168.6461
21.492282 92.469 168.5398
21.648024 92.449 168.4307
21.804895 92.429 168.3188
21.962902 92.409 168.2040
22.122054 92.388 168.0863
22.282360 92.367 167.9655
22.443827 92.346 167.8411
22.606464 92.324 167.7129
22.770280 92.302 167.5804
22.935283 92.280 167.4436
23.101481 92.258 167.3023
23.268884 92.236 167.1571
23.437500 92.213 167.0082
23.607338 92.191 166.8566
23.778406 92.168 166.7029
23.950714 92.145 166.5480
24.124271 92.123 166.3924
24.299086 92.100 166.2367
24.475167 92.078 166.0810
24.652524 92.057 165.9254
24.831166 92.037 165.7701
25.011103 92.017 165.6150
25.192344 91.997 165.4603
25.374898 91.978 165.3066
25.558775 91.960 165.1543
25.743984 91.941 165.0044
25.930536 91.923 164.8577
26.118439 91.906 164.7149
26.307704 91.888 164.5767
26.498341 91.870 164.4437
26.690359 91.853 164.3162
26.883768 91.836 164.1942
27.078579 91.818 164.0778
27.274801 91.801 163.9669
27.472446 91.783 163.8614
27.671522 91.765 163.7612
27.872042 91.747 163.6661
28.074014 91.728 163.5757
28.277450 91.709 163.4896
28.482360 91.689 163.4072
28.688755 91.669 163.3279
28.896645 91.648 163.2512
29.106042 91.626 163.1764
29.316957 91.604 163.1031
29.529400 91.581 163.0311
29.743382 91.558 162.9601
29.958915 91.533 162.8898
30.176009 91.509 162.8197
30.394677 91.484 162.7493
30.614929 91.458 162.6779
30.836778 91.432 162.6050
31.060234 91.406 162.5301
31.285309 91.380 162.4529
31.512015 91.353 162.3736
31.740364 91.327 162.2924
31.970368 91.300 162.2098
32.202039 91.273 162.1262
32.435388 91.246 162.0417
32.670428 91.220 161.9564
32.907171 91.194 161.8702
33.145630 91.168 161.7829
33.385817 91.143 161.6944
33.627745 91.119 161.6050
33.871425 91.095 161.5150
34.116871 91.071 161.4252
34.364096 91.048 161.3362
34.613113 91.025 161.2488
34.863934 91.002 161.1636
35.116572 90.979 161.0813
35.371041 90.956 161.0023
35.627354 90.934 160.9267
35.885525 90.911 160.8548
36.145566 90.888 160.7865
36.407492 90.866 160.7216
36.671316 90.842 160.6599
36.937051 90.819 160.6009
37.204712 90.795 160.5447
37.474313 90.771 160.4912
37.745867 90.746 160.4406
38.019389 90.721 160.3928
38.294893 90.695 160.3477
38.572394 90.670 160.3048
38.851905 90.644 160.2630
39.133442 90.618 160.2210
39.417019 90.592 160.1776
39.702651 90.565 160.1317
39.990353 90.539 160.0833
40.280140 90.511 160.0330
40.572026 90.484 159.9819
40.866028 90.455 159.9319
41.162160 90.427 159.8844
41.460438 90.398 159.8406
41.760877 90.370 159.8007
42.063494 90.342 159.7643
42.368303 90.315 159.7303
42.675322 90.288 159.6973
42.984565 90.262 159.6641
43.296048 90.236 159.6302
43.609789 90.210 159.5959
43.925804 90.185 159.5620
44.244108 90.159 159.5296
44.564719 90.132 159.4998
44.887654 90.106 159.4733
45.212928 90.080 159.4499
45.540560 90.054 159.4290
45.870565 90.028 159.4099
46.202962 90.002 159.3916
46.537768 89.975 159.3740
46.875000 89.949 159.3570
47.214676 89.922 159.3412
47.556813 89.895 159.3269
47.901429 89.869 159.3145
48.248542 89.842 159.3038
48.598171 89.815 159.2949
48.950334 89.788 159.2879
49.305048 89.761 159.2832
49.662333 89.735 159.2808
50.022206 89.708 159.2809
50.384688 89.682 159.2826
50.749796 89.656 159.2853
51.117550 89.631 159.2883
51.487969 89.605 159.2913
51.861072 89.579 159.2949
52.236879 89.553 159.2995
52.615409 89.527 159.3056
52.996681 89.501 159.3129
53.380717 89.475 159.3209
53.767536 89.449 159.3285
54.157158 89.423 159.3351
54.549603 89.397 159.3402
54.944892 89.372 159.3440
55.343045 89.346 159.3470
55.744084 89.319 159.3500
56.148028 89.293 159.3537
56.554900 89.267 159.3587
56.964720 89.241 159.3652
57.377510 89.215 159.3733
57.793291 89.189 159.3830
58.212085 89.164 159.3946
58.633914 89.139 159.4076
59.058799 89.114 159.4220
59.486764 89.090 159.4372
59.917829 89.065 159.4534
60.352019 89.040 159.4708
60.789354 89.015 159.4900
61.229859 88.990 159.5112
61.673556 88.965 159.5343
62.120468 88.939 159.5586
62.570618 88.914 159.5834
63.024031 88.888 159.6078
63.480729 88.863 159.6311
63.940736 88.837 159.6528
64.404077 88.812 159.6723
64.870776 88.786 159.6894
65.340856 88.761 159.7041
65.814343 88.735 159.7171
66.291261 88.709 159.7293
66.771635 88.684 159.7413
67.255489 88.658 159.7540
67.742850 88.632 159.7678
68.233743 88.606 159.7831
68.728193 88.580 159.8000
69.226226 88.554 159.8183
69.727867 88.528 159.8374
70.233144 88.502 159.8566
70.742083 88.477 159.8753
71.254709 88.450 159.8934
71.771050 88.424 159.9106
72.291132 88.398 159.9269
72.814984 88.371 159.9417
73.342631 88.344 159.9548
73.874102 88.317 159.9663
74.409424 88.290 159.9763
74.948626 88.263 159.9849
75.491734 88.236 159.9920
76.038779 88.209 159.9971
76.589787 88.182 160.0003
77.144788 88.156 160.0012
77.703811 88.130 159.9993
78.266885 88.104 159.9939
78.834039 88.079 159.9844
79.405303 88.053 159.9709
79.980706 88.026 159.9545
80.560280 87.999 159.9372
81.144053 87.970 159.9221
81.732056 87.940 159.9122
82.324320 87.910 159.9088
82.920876 87.879 159.9105
83.521755 87.849 159.9137
84.126988 87.818 159.9147
84.736607 87.787 159.9113
85.350643 87.755 159.9030
85.969129 87.723 159.8896
86.592097 87.690 159.8716
87.219579 87.657 159.8494
87.851608 87.623 159.8241
88.488217 87.589 159.7969
89.129439 87.554 159.7695
89.775308 87.519 159.7436
90.425856 87.484 159.7200
91.081119 87.448 159.6989
91.741131 87.412 159.6803
92.405925 87.374 159.6642
93.075536 87.335 159.6499
93.750000 87.295 159.6357
94.429351 87.254 159.6186
95.113625 87.211 159.5961
95.802858 87.167 159.5666
96.497085 87.122 159.5306
97.196342 87.075 159.4902
97.900667 87.027 159.4482
98.610096 86.979 159.4071
99.324665 86.932 159.3677
100.044413 86.883 159.3299
100.769376 86.834 159.2959
101.499592 86.783 159.2723
102.235100 86.730 159.2679
102.975938 86.674 159.2876
103.722144 86.618 159.3277
104.473757 86.561 159.3791
105.230817 86.504 159.4328
105.993363 86.445 159.4838
106.761435 86.385 159.5311
107.535072 86.324 159.5762
108.314315 86.261 159.6228
109.099206 86.196 159.6755
109.889783 86.129 159.7406
110.686090 86.060 159.8250
111.488167 85.987 159.9336
112.296056 85.912 160.0642
113.109800 85.836 160.2059
113.929440 85.759 160.3422
114.755020 85.681 160.4577
115.586582 85.602 160.5416
116.424170 85.522 160.5903
117.267827 85.441 160.6124
118.117598 85.358 160.6343
118.973527 85.276 160.6980
119.835658 85.197 160.8441
120.704037 85.127 161.0833
121.578708 85.067 161.3906
122.459718 85.014 161.7343
123.347111 84.962 162.0994
124.240935 84.907 162.4837
125.141236 84.847 162.8837
126.048061 84.783 163.2890
126.961458 84.715 163.6862
127.881473 84.644 164.0653
128.808154 84.574 164.4229
129.741551 84.504 164.7632
130.681712 84.436 165.0964
131.628686 84.369 165.4343
132.582521 84.305 165.7859
133.543269 84.242 166.1550
134.510979 84.180 166.5418
135.485701 84.118 166.9440
136.467486 84.056 167.3584
137.456386 83.994 167.7825
138.452451 83.933 168.2150
139.455735 83.873 168.6547
140.466288 83.816 169.0999
141.484165 83.760 169.5492
142.509418 83.705 170.0018
143.542100 83.651 170.4559
144.582265 83.598 170.9081
145.629968 83.546 171.3556
146.685262 83.494 171.7979
147.748204 83.444 172.2376
148.818849 83.395 172.6811
149.897251 83.345 173.1373
150.983469 83.295 173.6162
152.077557 83.243 174.1246
153.179574 83.190 174.6603
154.289576 83.137 175.2114
155.407622 83.082 175.7642
156.533770 83.027 176.3090
157.668078 82.973 176.8413
158.810606 82.919 177.3651
159.961413 82.867 177.8914
161.120559 82.817 178.4313
162.288105 82.772 178.9921
163.464112 82.730 179.5761
164.648640 82.692 -179.8214
165.841752 82.658 -179.2097
167.043510 82.626 -178.5975
168.253976 82.597 -177.9850
169.473213 82.570 -177.3663
170.701286 82.546 -176.7369
171.938258 82.526 -176.0981
173.184194 82.512 -175.4582
174.439158 82.505 -174.8307
175.703216 82.504 -174.2326
176.976434 82.508 -173.6819
178.258878 82.516 -173.1957
179.550615 82.526 -172.7874
180.851713 82.536 -172.4647
182.162239 82.543 -172.2297
183.482262 82.543 -172.0784
184.811850 82.533 -171.9996
186.151073 82.508 -171.9765
187.500000 82.464 -171.9877
188.858702 82.397 -172.0063
190.227250 82.305 -171.9964
191.605715 82.188 -171.9128
192.994169 82.048 -171.7048
194.392685 81.887 -171.3173
195.801334 81.711 -170.6937
197.220191 81.529 -169.7836
198.649330 81.353 -168.5538
200.088825 81.196 -167.0014
201.538751 81.073 -165.1611
202.999184 80.995 -163.1089
204.470200 80.973 -160.9542
205.951875 81.006 -158.8216
207.444287 81.089 -156.8274
208.947514 81.213 -155.0593
210.461634 81.364 -153.5658
211.986726 81.529 -152.3561
213.522869 81.696 -151.4102
215.070144 81.859 -150.6913
216.628631 82.010 -150.1566
218.198411 82.147 -149.7643
219.779567 82.269 -149.4777
221.372180 82.376 -149.2656
222.976334 82.468 -149.1036
224.592112 82.548 -148.9728
226.219600 82.615 -148.8589
227.858880 82.673 -148.7517
229.510039 82.722 -148.6426
231.173164 82.763 -148.5247
232.848340 82.798 -148.3922
234.535655 82.827 -148.2420
236.235197 82.852 -148.0731
237.947054 82.873 -147.8872
239.671317 82.891 -147.6870
241.408074 82.906 -147.4749
243.157416 82.919 -147.2516
244.919435 82.931 -147.0165
246.694223 82.940 -146.7680
248.481871 82.948 -146.5048
250.282473 82.954 -146.2264
252.096123 82.958 -145.9342
253.922915 82.961 -145.6311
255.762945 82.963 -145.3204
257.616309 82.964 -145.0033
259.483103 82.965 -144.6797
261.363424 82.967 -144.3487
263.257372 82.967 -144.0098
265.165043 82.968 -143.6634
267.086538 82.969 -143.3098
269.021957 82.970 -142.9498
270.971401 82.970 -142.5840
272.934972 82.971 -142.2128
274.912771 82.972 -141.8362
276.904902 82.973 -141.4541
278.911469 82.974 -141.0669
280.932577 82.975 -140.6754
282.968330 82.976 -140.2806
285.018835 82.978 -139.8831
287.084199 82.979 -139.4825
289.164530 82.981 -139.0776
291.259935 82.982 -138.6677
293.370525 82.984 -138.2529
295.496408 82.986 -137.8348
297.637697 82.987 -137.4147
299.794503 82.988 -136.9930
301.966937 82.990 -136.5697
304.155114 82.991 -136.1440
306.359147 82.992 -135.7153
308.579152 82.993 -135.2834
310.815244 82.994 -134.8485
313.067539 82.994 -134.4107
315.336156 82.995 -133.9700
317.621211 82.994 -133.5260
319.922826 82.994 -133.0781
322.241118 82.994 -132.6252
324.576210 82.994 -132.1666
326.928223 82.995 -131.7020
329.297280 82.996 -131.2321
331.683504 82.998 -130.7579
334.087019 83.001 -130.2803
336.507952 83.004 -129.8005
338.946427 83.007 -129.3189
341.402572 83.011 -128.8365
343.876516 83.015 -128.3542
346.368387 83.019 -127.8729
348.878315 83.023 -127.3934
351.406431 83.028 -126.9162
353.952867 83.032 -126.4419
356.517756 83.036 -125.9706
359.101230 83.040 -125.5016
361.703426 83.043 -125.0337
364.324478 83.046 -124.5652
366.964523 83.049 -124.0945
369.623699 83.052 -123.6202
372.302145 83.055 -123.1418
375.000000 83.057 -122.6589
377.717405 83.059 -122.1718
380.454501 83.061 -121.6805
383.211431 83.063 -121.1851
385.988339 83.065 -120.6856
388.785369 83.067 -120.1818
391.602668 83.069 -119.6739
394.440383 83.071 -119.1622
397.298660 83.073 -118.6472
400.177650 83.075 -118.1286
403.077502 83.077 -117.6060
405.998368 83.079 -117.0789
408.940400 83.082 -116.5475
411.903750 83.085 -116.0124
414.888575 83.088 -115.4746
417.895028 83.091 -114.9350
420.923268 83.095 -114.3938
423.973452 83.099 -113.8507
427.045738 83.103 -113.3052
430.140287 83.107 -112.7571
433.257261 83.112 -112.2061
436.396822 83.117 -111.6521
439.559133 83.122 -111.0948
442.744360 83.128 -110.5336
445.952668 83.134 -109.9684
449.184225 83.139 -109.3994
452.439199 83.145 -108.8275
455.717760 83.151 -108.2529
459.020079 83.158 -107.6755
462.346327 83.164 -107.0948
465.696680 83.171 -106.5101
469.071310 83.179 -105.9215
472.470394 83.187 -105.3299
475.894109 83.195 -104.7359
479.342634 83.203 -104.1401
482.816148 83.212 -103.5423
486.314833 83.221 -102.9421
489.838871 83.230 -102.3390
493.388445 83.239 -101.7323
496.963741 83.248 -101.1221
500.564945 83.258 -100.5084
504.192245 83.268 -99.8912
507.845830 83.278 -99.2707
511.525890 83.289 -98.6474
515.232618 83.300 -98.0218
518.966206 83.311 -97.3935
522.726849 83.323 -96.7620
526.514743 83.336 -96.1271
530.330086 83.348 -95.4894
534.173076 83.361 -94.8495
538.043915 83.374 -94.2077
541.942803 83.387 -93.5635
545.869944 83.401 -92.9164
549.825542 83.415 -92.2661
553.809805 83.430 -91.6122
557.822939 83.445 -90.9541
561.865154 83.460 -90.2919
565.936660 83.476 -89.6261
570.037671 83.492 -88.9576
574.168399 83.508 -88.2865
578.329060 83.525 -87.6124
582.519870 83.542 -86.9348
586.741049 83.559 -86.2534
590.992817 83.577 -85.5684
595.275394 83.596 -84.8798
599.589005 83.615 -84.1878
603.933874 83.635 -83.4927
608.310228 83.655 -82.7943
612.718295 83.677 -82.0925
617.158304 83.698 -81.3870
621.630488 83.721 -80.6778
626.135079 83.743 -79.9650
630.672311 83.767 -79.2484
635.242423 83.790 -78.5281
639.845651 83.815 -77.8042
644.482237 83.839 -77.0770
649.152421 83.865 -76.3463
653.856447 83.891 -75.6120
658.594560 83.918 -74.8735
663.367008 83.946 -74.1302
668.174039 83.974 -73.3824
673.015903 84.003 -72.6310
677.892854 84.033 -71.8765
682.805145 84.063 -71.1194
687.753032 84.094 -70.3599
692.736774 84.126 -69.5979
697.756631 84.158 -68.8335
702.812863 84.191 -68.0663
707.905735 84.225 -67.2962
713.035511 84.260 -66.5229
718.202461 84.295 -65.7462
723.406852 84.332 -64.9660
728.648956 84.369 -64.1823
733.929047 84.408 -63.3951
739.247399 84.448 -62.6048
744.604290 84.488 -61.8116
750.000000 84.530 -61.0161
755.434809 84.572 -60.2186
760.909001 84.616 -59.4193
766.422861 84.660 -58.6187
771.976677 84.705 -57.8171
777.570739 84.752 -57.0147
783.205337 84.800 -56.2115
788.880766 84.848 -55.4077
794.597321 84.898 -54.6033
800.355301 84.949 -53.7988
806.155005 85.002 -52.9944
811.996736 85.055 -52.1905
817.880799 85.110 -51.3874
823.807501 85.166 -50.5851
829.777150 85.223 -49.7830
835.790057 85.282 -48.9806
841.846536 85.342 -48.1780
847.946903 85.404 -47.3759
854.091476 85.467 -46.5756
860.280575 85.531 -45.7783
866.514523 85.596 -44.9847
872.793644 85.662 -44.1953
879.118267 85.730 -43.4103
885.488720 85.799 -42.6302
891.905336 85.869 -41.8553
898.368450 85.941 -41.0854
904.878398 86.014 -40.3206
911.435520 86.088 -39.5612
918.040157 86.163 -38.8078
924.692655 86.240 -38.0613
931.393359 86.317 -37.3224
938.142619 86.396 -36.5917
944.940787 86.477 -35.8696
951.788218 86.559 -35.1561
958.685268 86.642 -34.4513
965.632296 86.726 -33.7556
972.629666 86.811 -33.0693
979.677741 86.898 -32.3930
986.776890 86.986 -31.7265
993.927482 87.074 -31.0697
1001.129891 87.163 -30.4224
1008.384491 87.253 -29.7849
1015.691660 87.343 -29.1580
1023.051781 87.433 -28.5426
1030.465236 87.524 -27.9388
1037.932411 87.614 -27.3469
1045.453698 87.705 -26.7664
1053.029486 87.797 -26.1969
1060.660172 87.888 -25.6382
1068.346153 87.979 -25.0900
1076.087829 88.071 -24.5524
1083.885605 88.162 -24.0256
1091.739887 88.253 -23.5098
1099.651084 88.344 -23.0048
1107.619609 88.435 -22.5105
1115.645878 88.525 -22.0266
1123.730308 88.614 -21.5526
1131.873321 88.703 -21.0881
1140.075341 88.792 -20.6331
1148.336797 88.880 -20.1871
1156.658119 88.967 -19.7502
1165.039741 89.053 -19.3222
1173.482099 89.139 -18.9026
1181.985634 89.224 -18.4908
1190.550789 89.309 -18.0868
1199.178011 89.393 -17.6898
1207.867749 89.477 -17.2997
1216.620457 89.560 -16.9161
1225.436590 89.642 -16.5386
1234.316609 89.723 -16.1671
1243.260976 89.803 -15.8015
1252.270157 89.882 -15.4410
1261.344623 89.959 -15.0850
1270.484846 90.036 -14.7327
1279.691303 90.111 -14.3839
1288.964474 90.185 -14.0381
1298.304842 90.259 -13.6948
1307.712894 90.331 -13.3538
1317.189120 90.403 -13.0146
1326.734016 90.475 -12.6768
1336.348077 90.547 -12.3398
1346.031806 90.619 -12.0037
1355.785708 90.691 -11.6677
1365.610290 90.765 -11.3317
1375.506065 90.839 -10.9954
1385.473549 90.915 -10.6582
1395.513261 90.990 -10.3203
1405.625726 91.066 -9.9817
1415.811469 91.141 -9.6420
1426.071023 91.216 -9.3012
1436.404921 91.290 -8.9590
1446.813703 91.364 -8.6152
1457.297912 91.437 -8.2704
1467.858093 91.509 -7.9242
1478.494798 91.579 -7.5764
1489.208581 91.648 -7.2266
1500.000000 91.714 -6.8743
1510.869618 91.777 -6.5195
1521.818002 91.836 -6.1624
1532.845723 91.891 -5.8029
1543.953355 91.942 -5.4413
1555.141477 91.989 -5.0776
1566.410674 92.034 -4.7117
1577.761531 92.078 -4.3431
1589.194642 92.120 -3.9722
1600.710601 92.162 -3.5988
1612.310010 92.204 -3.2233
1623.993473 92.246 -2.8464
1635.761599 92.288 -2.4688
1647.615002 92.332 -2.0916
1659.554299 92.375 -1.7161
1671.580114 92.420 -1.3434
1683.693072 92.465 -0.9746
1695.893807 92.511 -0.6104
1708.182952 92.557 -0.2512
1720.561150 92.603 0.1029
1733.029045 92.648 0.4525
1745.587288 92.691 0.7982
1758.236533 92.734 1.1410
1770.977440 92.776 1.4817
1783.810673 92.817 1.8212
1796.736900 92.857 2.1603
1809.756796 92.898 2.4998
1822.871040 92.938 2.8407
1836.080315 92.980 3.1846
1849.385310 93.021 3.5326
1862.786718 93.065 3.8855
1876.285239 93.110 4.2434
1889.881575 93.158 4.6058
1903.576436 93.210 4.9716
1917.370535 93.266 5.3389
1931.264593 93.327 5.7057
1945.259332 93.392 6.0698
1959.355483 93.460 6.4290
1973.553781 93.532 6.7817
1987.854965 93.606 7.1266
2002.259781 93.682 7.4623
2016.768981 93.759 7.7877
2031.383320 93.836 8.1016
2046.103561 93.915 8.4026
2060.930471 93.994 8.6899
2075.864823 94.073 8.9628
2090.907395 94.152 9.2208
2106.058972 94.231 9.4636
2121.320344 94.309 9.6906
2136.692305 94.386 9.9014
2152.175658 94.461 10.0953
2167.771210 94.536 10.2723
2183.479774 94.608 10.4323
2199.302169 94.679 10.5749
2215.239219 94.749 10.6999
2231.291755 94.818 10.8067
2247.460615 94.885 10.8947
2263.746641 94.952 10.9633
2280.150683 95.017 11.0121
2296.673595 95.080 11.0408
2313.316238 95.143 11.0493
2330.079481 95.203 11.0375
2346.964198 95.262 11.0052
2363.971268 95.319 10.9524
2381.101578 95.373 10.8788
2398.356022 95.426 10.7846
2415.735498 95.476 10.6702
2433.240913 95.523 10.5364
2450.873180 95.567 10.3839
2468.633217 95.608 10.2135
2486.521951 95.647 10.0259
2504.540314 95.682 9.8220
2522.689246 95.713 9.6027
2540.969692 95.742 9.3688
2559.382606 95.767 9.1215
2577.928947 95.789 8.8616
2596.609683 95.807 8.5898
2615.425787 95.822 8.3068
2634.378241 95.834 8.0126
2653.468031 95.842 7.7068
2672.696154 95.846 7.3895
2692.063613 95.847 7.0611
2711.571415 95.843 6.7225
2731.220579 95.834 6.3756
2751.012130 95.820 6.0229
2770.947098 95.801 5.6681
2791.026522 95.776 5.3147
2811.251451 95.745 4.9672
2831.622938 95.708 4.6296
2852.142045 95.665 4.3060
2872.809842 95.616 4.0005
2893.627406 95.561 3.7168
2914.595823 95.501 3.4592
2935.716186 95.435 3.2325
2956.989596 95.363 3.0421
2978.417161 95.287 2.8937
3000.000000 95.206 2.7933
3021.739237 95.122 2.7466
3043.636005 95.035 2.7579
3065.691446 94.947 2.8301
3087.906710 94.859 2.9641
3110.282955 94.773 3.1583
3132.821347 94.690 3.4078
3155.523062 94.612 3.7045
3178.389283 94.540 4.0361
3201.421202 94.474 4.3879
3224.620020 94.415 4.7438
3247.986946 94.361 5.0883
3271.523198 94.310 5.4094
3295.230004 94.262 5.6997
3319.108599 94.214 5.9575
3343.160228 94.164 6.1869
3367.386145 94.110 6.3961
3391.787613 94.051 6.5964
3416.365904 93.988 6.8002
3441.122300 93.920 7.0194
3466.058091 93.849 7.2643
3491.174576 93.774 7.5424
3516.473066 93.696 7.8586
3541.954880 93.617 8.2152
3567.621345 93.537 8.6122
3593.473800 93.457 9.0477
3619.513592 93.378 9.5191
3645.742080 93.300 10.0226
3672.160630 93.224 10.5544
3698.770620 93.148 11.1112
3725.573436 93.074 11.6902
3752.570477 93.001 12.2898
3779.763150 92.928 12.9101
3807.152872 92.855 13.5517
3834.741071 92.782 14.2158
3862.529185 92.709 14.9036
3890.518664 92.636 15.6159
3918.710966 92.564 16.3535
3947.107561 92.492 17.1164
3975.709929 92.423 17.9037
4004.519563 92.356 18.7137
4033.537962 92.293 19.5437
4062.766641 92.232 20.3911
4092.207123 92.175 21.2529
4121.860942 92.122 22.1264
4151.729646 92.072 23.0089
4181.814790 92.026 23.8979
4212.117944 91.984 24.7915
4242.640687 91.944 25.6884
4273.384610 91.907 26.5875
4304.351317 91.873 27.4888
4335.542421 91.840 28.3916
4366.959549 91.810 29.2956
4398.604338 91.783 30.2003
4430.478438 91.757 31.1052
4462.583511 91.734 32.0100
4494.921231 91.714 32.9149
4527.493283 91.697 33.8203
4560.301365 91.682 34.7258
4593.347189 91.671 35.6311
4626.632476 91.663 36.5349
4660.158962 91.659 37.4357
4693.928395 91.658 38.3314
4727.942535 91.662 39.2198
4762.203156 91.668 40.0984
4796.712043 91.679 40.9644
4831.470996 91.693 41.8163
4866.481826 91.710 42.6528
4901.746360 91.731 43.4739
4937.266434 91.754 44.2794
4973.043902 91.779 45.0704
5009.080628 91.807 45.8478
5045.378492 91.836 46.6136
5081.939384 91.866 47.3698
5118.765212 91.898 48.1187
5155.857894 91.931 48.8629
5193.219366 91.966 49.6050
5230.851574 92.003 50.3473
5268.756481 92.042 51.0914
5306.936062 92.085 51.8375
5345.392309 92.130 52.5844
5384.127225 92.180 53.3291
5423.142830 92.233 54.0676
5462.441159 92.290 54.7950
5502.024259 92.352 55.5060
5541.894195 92.418 56.1951
5582.053045 92.489 56.8566
5622.502902 92.564 57.4854
5663.245876 92.644 58.0768
5704.284090 92.728 58.6271
5745.619684 92.816 59.1339
5787.254813 92.906 59.5959
5829.191647 92.998 60.0131
5871.432373 93.092 60.3861
5913.979192 93.186 60.7170
5956.834323 93.282 61.0081
6000.000000 93.378 61.2623
6043.478473 93.476 61.4823
6087.272010 93.574 61.6699
6131.382892 93.674 61.8257
6175.813420 93.776 61.9498
6220.565910 93.879 62.0412
6265.642695 93.985 62.0979
6311.046124 94.093 62.1174
6356.778566 94.203 62.0974
6402.842404 94.316 62.0352
6449.240040 94.430 61.9286
6495.973891 94.547 61.7752
6543.046396 94.666 61.5728
6590.460007 94.787 61.3191
6638.217197 94.910 61.0117
6686.320456 95.035 60.6479
6734.772290 95.162 60.2247
6783.575226 95.291 59.7385
6832.731809 95.420 59.1854
6882.244600 95.549 58.5614
6932.116181 95.678 57.8625
6982.349153 95.805 57.0848
7032.946133 95.930 56.2241
7083.909760 96.054 55.2762
7135.242690 96.176 54.2368
7186.947600 96.296 53.1014
7239.027185 96.414 51.8657
7291.484160 96.529 50.5255
7344.321260 96.641 49.0763
7397.541239 96.748 47.5134
7451.146872 96.850 45.8322
7505.140954 96.946 44.0278
7559.526299 97.035 42.0958
7614.305743 97.115 40.0320
7669.482141 97.186 37.8336
7725.058371 97.244 35.4993
7781.037328 97.288 33.0302
7837.421932 97.316 30.4301
7894.215122 97.324 27.7058
7951.419859 97.312 24.8680
8009.039125 97.275 21.9313
8067.075924 97.212 18.9141
8125.533282 97.120 15.8385
8184.414245 97.000 12.7296
8243.721885 96.849 9.6152
8303.459292 96.667 6.5241
8363.629581 96.455 3.4854
8424.235888 96.213 0.5269
8485.281374 95.944 -2.3262
8546.769221 95.648 -5.0515
8608.702634 95.329 -7.6307
8671.084842 94.990 -10.0492
8733.919097 94.633 -12.2963
8797.208675 94.261 -14.3655
8860.956876 93.878 -16.2538
8925.167022 93.487 -17.9614
8989.842461 93.091 -19.4918
9054.986566 92.692 -20.8502
9120.602731 92.293 -22.0443
9186.694378 91.897 -23.0826
9253.264952 91.506 -23.9741
9320.317925 91.121 -24.7280
9387.856790 90.746 -25.3536
9455.885071 90.380 -25.8603
9524.406312 90.027 -26.2573
9593.424086 89.687 -26.5538
9662.941992 89.363 -26.7585
9732.963653 89.055 -26.8804
9803.492719 88.765 -26.9279
9874.532869 88.494 -26.9094
9946.087805 88.243 -26.8340
10018.161257 88.011 -26.7111
10090.756983 87.800 -26.5504
10163.878768 87.610 -26.3622
10237.530423 87.442 -26.1571
10311.715789 87.297 -25.9454
10386.438732 87.174 -25.7378
10461.703149 87.076 -25.5446
10537.512962 87.001 -25.3757
10613.872125 86.952 -25.2421
10690.784618 86.929 -25.1553
10768.254450 86.932 -25.1291
10846.285661 86.964 -25.1794
10924.882318 87.026 -25.3249
11004.048518 87.119 -25.5878
11083.788390 87.245 -25.9949
11164.106090 87.407 -26.5787
11245.005805 87.605 -27.3784
11326.491752 87.841 -28.4406
11408.568180 88.112 -29.8192
11491.239368 88.418 -31.5740
11574.509626 88.751 -33.7690
11658.383294 89.104 -36.4674
11742.864745 89.464 -39.7278
11827.958384 89.815 -43.5956
11913.668646 90.138 -48.0962
12000.000000 90.412 -53.2249
12086.956947 90.612 -58.9408
12174.544019 90.717 -65.1608
12262.765784 90.710 -71.7606
12351.626840 90.575 -78.5811
12441.131819 90.306 -85.4418
12531.285389 89.904 -92.1601
12622.092249 89.376 -98.5700
12713.557132 88.737 -104.5366
12805.684808 88.004 -109.9642
12898.480079 87.196 -114.7968
12991.947783 86.336 -119.0146
13086.092792 85.442 -122.6271
13180.920015 84.533 -125.6666
13276.434395 83.624 -128.1807
13372.640911 82.729 -130.2261
13469.544580 81.858 -131.8630
13567.150452 81.017 -133.1510
13665.463617 80.211 -134.1461
13764.489200 79.441 -134.8990
13864.232362 78.710 -135.4538
13964.698305 78.015 -135.8474
14065.892266 77.358 -136.1104
14167.819519 76.736 -136.2685
14270.485380 76.149 -136.3439
14373.895200 75.596 -136.3551
14478.054370 75.077 -136.3176
14582.968320 74.590 -136.2441
14688.642520 74.137 -136.1455
14795.082478 73.717 -136.0318
14902.293745 73.330 -135.9120
15010.281908 72.978 -135.7949
15119.052599 72.661 -135.6888
15228.611486 72.382 -135.6003
15338.964283 72.143 -135.5357
15450.116741 71.948 -135.5022
15562.074656 71.800 -135.5098
15674.843864 71.699 -135.5711
15788.430244 71.648 -135.7019
15902.839718 71.649 -135.9215
16018.078250 71.704 -136.2540
16134.151848 71.818 -136.7299
16251.066563 71.999 -137.3889
16368.828491 72.254 -138.2841
16487.443769 72.591 -139.4864
16606.918584 73.017 -141.0879
16727.259161 73.533 -143.2031
16848.471777 74.136 -145.9657
16970.562748 74.812 -149.5220
17093.538442 75.535 -154.0161
17217.405268 76.269 -159.5706
17342.169684 76.966 -166.2659
17467.838194 77.572 -174.1163
17594.417350 78.031 176.9548
17721.913751 78.289 167.1369
17850.334044 78.303 156.7393
17979.684923 78.050 146.1661
18109.973131 77.528 135.8511
18241.205462 76.757 126.1812
18373.388756 75.770 117.4468
18506.529905 74.608 109.8296
18640.635849 73.314 103.4115
18775.713581 71.929 98.1970
18911.770141 70.490 94.1367
19048.812624 69.032 91.1467
19186.848172 67.585 89.1239
19325.883983 66.178 87.9520
19465.927305 64.841 87.5014
19606.985439 63.620 87.6185
19749.065738 62.582 88.1065
19892.175609 61.812 88.7059
20036.322514 61.399 89.1177
