* Measurement data measured by REW V5.30 beta 4
* Source: Input device not selected, no input selected, L, volume: no control
* Format: 256k Log Swept Sine, 1 sweep at -12.0 dBFS with no timing reference
* Dated: Dec 10, 2023 12:28:10 AM
* REW Settings:
*  C-weighting compensation: Off
*  Target level: 75.0 dB
* Note: 
* Measurement: R ORIOLUS SZALAYI
* Smoothing: 1/24 octave
* Frequency Step: 96 ppo
* Start Frequency: 0.36621094 Hz
*
* Freq(Hz) SPL(dB) Phase(degrees)
0.366211 85.452 143.6472
0.368865 85.446 143.5915
0.371538 85.437 143.5096
0.374230 85.427 143.4145
0.376942 85.417 143.3121
0.379673 85.406 143.2046
0.382424 85.396 143.0926
0.385196 85.385 142.9763
0.387987 85.374 142.8556
0.390798 85.363 142.7305
0.393630 85.352 142.6011
0.396483 85.341 142.4671
0.399356 85.330 142.3286
0.402250 85.319 142.1856
0.405165 85.308 142.0379
0.408101 85.296 141.8855
0.411058 85.285 141.7285
0.414037 85.273 141.5666
0.417037 85.262 141.3999
0.420059 85.250 141.2284
0.423103 85.238 141.0519
0.426169 85.226 140.8704
0.429257 85.214 140.6839
0.432367 85.202 140.4924
0.435501 85.190 140.2957
0.438656 85.178 140.0938
0.441835 85.166 139.8868
0.445037 85.153 139.6745
0.448262 85.141 139.4569
0.451510 85.128 139.2339
0.454782 85.115 139.0056
0.458077 85.103 138.7719
0.461397 85.090 138.5326
0.464740 85.077 138.2879
0.468108 85.064 138.0377
0.471500 85.051 137.7819
0.474917 85.037 137.5205
0.478358 85.024 137.2535
0.481825 85.011 136.9808
0.485316 84.997 136.7025
0.488833 84.983 136.4184
0.492375 84.970 136.1287
0.495943 84.956 135.8332
0.499537 84.942 135.5319
0.503157 84.928 135.2249
0.506803 84.914 134.9121
0.510475 84.900 134.5935
0.514174 84.885 134.2691
0.517900 84.871 133.9389
0.521653 84.856 133.6030
0.525433 84.842 133.2613
0.529241 84.827 132.9138
0.533076 84.812 132.5606
0.536939 84.797 132.2016
0.540830 84.782 131.8370
0.544749 84.767 131.4667
0.548696 84.751 131.0907
0.552673 84.736 130.7092
0.556677 84.720 130.3221
0.560711 84.705 129.9295
0.564774 84.689 129.5315
0.568867 84.673 129.1281
0.572989 84.657 128.7193
0.577141 84.641 128.3053
0.581324 84.625 127.8861
0.585536 84.609 127.4618
0.589779 84.592 127.0326
0.594053 84.576 126.5984
0.598358 84.559 126.1594
0.602694 84.542 125.7157
0.607061 84.525 125.2674
0.611460 84.508 124.8147
0.615891 84.491 124.3576
0.620354 84.474 123.8963
0.624849 84.456 123.4310
0.629377 84.439 122.9617
0.633938 84.421 122.4886
0.638532 84.403 122.0120
0.643159 84.385 121.5319
0.647819 84.367 121.0485
0.652514 84.349 120.5620
0.657242 84.331 120.0726
0.662005 84.312 119.5805
0.666802 84.294 119.0859
0.671634 84.275 118.5889
0.676501 84.256 118.0898
0.681403 84.237 117.5888
0.686341 84.218 117.0861
0.691314 84.199 116.5820
0.696324 84.179 116.0767
0.701369 84.160 115.5703
0.706452 84.140 115.0632
0.711571 84.120 114.5556
0.716727 84.100 114.0476
0.721921 84.080 113.5391
0.727153 84.059 113.0298
0.732422 84.037 112.5178
0.737729 84.014 111.9998
0.743075 83.990 111.4723
0.748460 83.965 110.9334
0.753883 83.940 110.3822
0.759346 83.913 109.8183
0.764849 83.886 109.2414
0.770391 83.859 108.6515
0.775974 83.831 108.0485
0.781597 83.803 107.4322
0.787261 83.773 106.8025
0.792965 83.744 106.1595
0.798712 83.714 105.5031
0.804499 83.683 104.8332
0.810329 83.652 104.1498
0.816201 83.621 103.4529
0.822116 83.589 102.7426
0.828073 83.556 102.0188
0.834073 83.523 101.2817
0.840118 83.490 100.5312
0.846205 83.456 99.7675
0.852337 83.422 98.9907
0.858514 83.387 98.2010
0.864735 83.352 97.3985
0.871001 83.317 96.5834
0.877313 83.281 95.7559
0.883670 83.246 94.9164
0.890074 83.209 94.0649
0.896523 83.173 93.2020
0.903020 83.136 92.3278
0.909564 83.099 91.4428
0.916155 83.062 90.5473
0.922793 83.025 89.6418
0.929480 82.988 88.7266
0.936216 82.950 87.8023
0.943000 82.913 86.8693
0.949833 82.875 85.9282
0.956716 82.838 84.9795
0.963649 82.800 84.0237
0.970632 82.763 83.0614
0.977666 82.726 82.0932
0.984750 82.689 81.1197
0.991886 82.652 80.1415
0.999074 82.615 79.1592
1.006313 82.578 78.1735
1.013605 82.542 77.1850
1.020950 82.507 76.1943
1.028349 82.471 75.2021
1.035801 82.437 74.2089
1.043306 82.402 73.2155
1.050867 82.369 72.2223
1.058482 82.336 71.2300
1.066152 82.303 70.2391
1.073878 82.272 69.2500
1.081659 82.241 68.2630
1.089498 82.211 67.2773
1.097393 82.182 66.2908
1.105345 82.153 65.2987
1.113355 82.125 64.2949
1.121422 82.097 63.2758
1.129549 82.068 62.2392
1.137734 82.040 61.1838
1.145978 82.012 60.1090
1.154283 81.985 59.0140
1.162647 81.957 57.8981
1.171072 81.930 56.7609
1.179558 81.902 55.6019
1.188106 81.876 54.4205
1.196715 81.849 53.2166
1.205387 81.823 51.9897
1.214122 81.797 50.7397
1.222920 81.772 49.4666
1.231781 81.747 48.1704
1.240708 81.722 46.8513
1.249698 81.699 45.5095
1.258754 81.675 44.1456
1.267875 81.653 42.7602
1.277063 81.631 41.3540
1.286317 81.610 39.9279
1.295638 81.590 38.4832
1.305027 81.570 37.0211
1.314484 81.552 35.5431
1.324009 81.535 34.0509
1.333603 81.518 32.5463
1.343267 81.503 31.0314
1.353001 81.489 29.5084
1.362805 81.476 27.9797
1.372681 81.465 26.4478
1.382628 81.455 24.9153
1.392647 81.446 23.3851
1.402739 81.439 21.8599
1.412904 81.434 20.3426
1.423142 81.431 18.8361
1.433455 81.429 17.3433
1.443842 81.429 15.8663
1.454305 81.431 14.4057
1.464843 81.436 12.9585
1.475458 81.443 11.5168
1.486150 81.452 10.0718
1.496919 81.465 8.6187
1.507766 81.480 7.1558
1.518692 81.498 5.6829
1.529697 81.518 4.2004
1.540782 81.541 2.7091
1.551947 81.566 1.2097
1.563193 81.594 -0.2966
1.574521 81.624 -1.8091
1.585931 81.656 -3.3263
1.597423 81.690 -4.8471
1.608998 81.726 -6.3703
1.620658 81.764 -7.8944
1.632402 81.803 -9.4180
1.644231 81.845 -10.9397
1.656146 81.887 -12.4578
1.668147 81.931 -13.9710
1.680235 81.976 -15.4775
1.692410 82.022 -16.9759
1.704674 82.069 -18.4646
1.717027 82.117 -19.9420
1.729469 82.165 -21.4067
1.742002 82.213 -22.8571
1.754625 82.261 -24.2918
1.767340 82.310 -25.7095
1.780147 82.357 -27.1089
1.793046 82.405 -28.4890
1.806040 82.452 -29.8494
1.819127 82.498 -31.1917
1.832309 82.544 -32.5206
1.845587 82.590 -33.8456
1.858961 82.637 -35.1755
1.872431 82.685 -36.5146
1.886000 82.735 -37.8640
1.899666 82.786 -39.2232
1.913432 82.839 -40.5914
1.927298 82.892 -41.9672
1.941264 82.947 -43.3489
1.955331 83.002 -44.7350
1.969500 83.058 -46.1234
1.983772 83.115 -47.5121
1.998147 83.172 -48.8989
2.012626 83.230 -50.2816
2.027211 83.287 -51.6577
2.041901 83.344 -53.0247
2.056697 83.401 -54.3800
2.071601 83.458 -55.7209
2.086613 83.514 -57.0448
2.101733 83.569 -58.3489
2.116963 83.622 -59.6303
2.132303 83.675 -60.8864
2.147755 83.726 -62.1147
2.163318 83.775 -63.3130
2.178995 83.822 -64.4811
2.194785 83.868 -65.6220
2.210689 83.911 -66.7444
2.226709 83.953 -67.8593
2.242844 83.994 -68.9731
2.259097 84.034 -70.0881
2.275467 84.073 -71.2047
2.291956 84.110 -72.3225
2.308565 84.147 -73.4406
2.325294 84.182 -74.5577
2.342144 84.216 -75.6723
2.359116 84.249 -76.7829
2.376211 84.281 -77.8875
2.393430 84.312 -78.9841
2.410774 84.341 -80.0703
2.428243 84.369 -81.1436
2.445839 84.396 -82.2013
2.463562 84.422 -83.2404
2.481415 84.446 -84.2580
2.499396 84.469 -85.2507
2.517508 84.491 -86.2154
2.535750 84.510 -87.1496
2.554126 84.525 -88.0527
2.572634 84.535 -88.9278
2.591276 84.540 -89.7821
2.610054 84.543 -90.6211
2.628967 84.545 -91.4480
2.648018 84.547 -92.2640
2.667206 84.549 -93.0696
2.686534 84.552 -93.8647
2.706002 84.554 -94.6491
2.725610 84.557 -95.4221
2.745361 84.560 -96.1828
2.765255 84.563 -96.9301
2.785294 84.566 -97.6627
2.805477 84.569 -98.3788
2.825807 84.571 -99.0764
2.846284 84.574 -99.7534
2.866909 84.576 -100.4073
2.887684 84.577 -101.0354
2.908609 84.578 -101.6350
2.929686 84.577 -102.2041
2.950916 84.575 -102.7415
2.972299 84.571 -103.2479
2.993838 84.565 -103.7245
3.015532 84.557 -104.1728
3.037384 84.549 -104.5942
3.059394 84.540 -104.9902
3.081564 84.530 -105.3620
3.103894 84.521 -105.7111
3.126386 84.512 -106.0388
3.149041 84.505 -106.3461
3.171861 84.499 -106.6345
3.194845 84.496 -106.9051
3.217996 84.496 -107.1590
3.241315 84.498 -107.3970
3.264803 84.505 -107.6189
3.288461 84.516 -107.8222
3.312291 84.531 -108.0010
3.336293 84.549 -108.1480
3.360469 84.569 -108.2604
3.384820 84.593 -108.3399
3.409348 84.619 -108.3901
3.434054 84.649 -108.4158
3.458938 84.681 -108.4220
3.484003 84.716 -108.4142
3.509250 84.755 -108.3979
3.534679 84.797 -108.3788
3.560293 84.843 -108.3629
3.586092 84.892 -108.3558
3.612079 84.945 -108.3625
3.638253 85.003 -108.3859
3.664618 85.065 -108.4242
3.691173 85.132 -108.4694
3.717921 85.205 -108.5140
3.744862 85.283 -108.5561
3.771999 85.366 -108.5973
3.799332 85.454 -108.6409
3.826864 85.546 -108.6911
3.854595 85.641 -108.7521
3.882527 85.738 -108.8280
3.910661 85.837 -108.9232
3.938999 85.938 -109.0418
3.967543 86.039 -109.1876
3.996294 86.139 -109.3638
4.025252 86.240 -109.5714
4.054421 86.342 -109.8082
4.083801 86.445 -110.0700
4.113394 86.550 -110.3540
4.143201 86.658 -110.6583
4.173225 86.767 -110.9820
4.203466 86.876 -111.3242
4.233926 86.986 -111.6846
4.264606 87.095 -112.0627
4.295509 87.202 -112.4584
4.326636 87.308 -112.8720
4.357989 87.411 -113.3043
4.389569 87.511 -113.7570
4.421378 87.608 -114.2332
4.453417 87.703 -114.7348
4.485688 87.797 -115.2607
4.518193 87.888 -115.8078
4.550934 87.978 -116.3723
4.583912 88.066 -116.9501
4.617129 88.151 -117.5373
4.650587 88.233 -118.1299
4.684287 88.313 -118.7249
4.718231 88.390 -119.3201
4.752421 88.463 -119.9160
4.786859 88.533 -120.5169
4.821547 88.599 -121.1284
4.856485 88.662 -121.7521
4.891677 88.722 -122.3862
4.927125 88.778 -123.0268
4.962829 88.831 -123.6697
4.998791 88.882 -124.3100
5.035015 88.930 -124.9432
5.071500 88.975 -125.5654
5.108251 89.018 -126.1743
5.145267 89.059 -126.7712
5.182552 89.097 -127.3611
5.220107 89.131 -127.9467
5.257934 89.162 -128.5286
5.296035 89.190 -129.1053
5.334412 89.217 -129.6747
5.373067 89.241 -130.2340
5.412003 89.265 -130.7805
5.451221 89.288 -131.3115
5.490722 89.310 -131.8253
5.530510 89.331 -132.3217
5.570587 89.350 -132.8024
5.610953 89.368 -133.2689
5.651613 89.385 -133.7227
5.692567 89.401 -134.1651
5.733818 89.417 -134.5972
5.775367 89.433 -135.0196
5.817218 89.450 -135.4328
5.859372 89.468 -135.8360
5.901831 89.487 -136.2273
5.944598 89.506 -136.6058
5.987675 89.526 -136.9725
6.031065 89.546 -137.3299
6.074768 89.566 -137.6811
6.118788 89.588 -138.0295
6.163127 89.610 -138.3779
6.207788 89.633 -138.7283
6.252772 89.656 -139.0804
6.298082 89.681 -139.4325
6.343721 89.707 -139.7835
6.389690 89.734 -140.1344
6.435992 89.761 -140.4865
6.482630 89.788 -140.8418
6.529606 89.814 -141.2023
6.576922 89.840 -141.5698
6.624581 89.865 -141.9453
6.672585 89.890 -142.3288
6.720938 89.915 -142.7189
6.769640 89.938 -143.1141
6.818696 89.961 -143.5126
6.868107 89.982 -143.9128
6.917876 90.002 -144.3137
6.968006 90.019 -144.7159
7.018499 90.034 -145.1210
7.069358 90.047 -145.5294
7.120586 90.058 -145.9393
7.172184 90.068 -146.3472
7.224157 90.075 -146.7495
7.276506 90.081 -147.1427
7.329235 90.084 -147.5251
7.382345 90.086 -147.8976
7.435841 90.085 -148.2613
7.489724 90.082 -148.6157
7.543997 90.078 -148.9591
7.598664 90.073 -149.2890
7.653728 90.068 -149.6031
7.709189 90.063 -149.8994
7.765053 90.057 -150.1771
7.821322 90.051 -150.4373
7.877998 90.045 -150.6819
7.935086 90.039 -150.9129
7.992587 90.035 -151.1319
8.050504 90.032 -151.3393
8.108841 90.032 -151.5338
8.167601 90.034 -151.7146
8.226787 90.037 -151.8843
8.286402 90.043 -152.0477
8.346449 90.050 -152.2098
8.406931 90.060 -152.3745
8.467851 90.073 -152.5425
8.529212 90.089 -152.7123
8.591018 90.106 -152.8852
8.653272 90.126 -153.0645
8.715977 90.147 -153.2543
8.779137 90.169 -153.4581
8.842754 90.192 -153.6773
8.906833 90.216 -153.9110
8.971375 90.241 -154.1582
9.036386 90.266 -154.4184
9.101867 90.290 -154.6916
9.167823 90.313 -154.9784
9.234257 90.335 -155.2797
9.301172 90.355 -155.5946
9.368572 90.375 -155.9198
9.436460 90.393 -156.2518
9.504841 90.408 -156.5875
9.573717 90.422 -156.9265
9.643092 90.433 -157.2691
9.712970 90.443 -157.6138
9.783354 90.451 -157.9572
9.854248 90.458 -158.2956
9.925656 90.463 -158.6272
9.997581 90.467 -158.9521
10.070028 90.469 -159.2706
10.143000 90.472 -159.5825
10.216500 90.474 -159.8869
10.290533 90.476 -160.1831
10.365103 90.479 -160.4707
10.440212 90.482 -160.7515
10.515866 90.486 -161.0276
10.592069 90.491 -161.3014
10.668823 90.497 -161.5737
10.746134 90.504 -161.8447
10.824005 90.513 -162.1158
10.902440 90.522 -162.3897
10.981443 90.532 -162.6690
11.061020 90.543 -162.9547
11.141172 90.554 -163.2466
11.221906 90.566 -163.5450
11.303225 90.578 -163.8505
11.385133 90.590 -164.1637
11.467634 90.601 -164.4847
11.550734 90.611 -164.8125
11.634435 90.621 -165.1454
11.718742 90.630 -165.4820
11.803661 90.638 -165.8219
11.889195 90.645 -166.1644
11.975349 90.650 -166.5081
12.062128 90.655 -166.8509
12.149535 90.659 -167.1918
12.237576 90.663 -167.5306
12.326254 90.665 -167.8669
12.415575 90.667 -168.2003
12.505544 90.669 -168.5301
12.596164 90.671 -168.8564
12.687441 90.672 -169.1795
12.779379 90.673 -169.5000
12.871984 90.674 -169.8182
12.965260 90.675 -170.1340
13.059211 90.676 -170.4474
13.153843 90.677 -170.7587
13.249161 90.677 -171.0676
13.345170 90.678 -171.3741
13.441875 90.677 -171.6773
13.539280 90.677 -171.9763
13.637391 90.676 -172.2705
13.736214 90.675 -172.5595
13.835752 90.674 -172.8428
13.936011 90.674 -173.1197
14.036998 90.674 -173.3901
14.138716 90.674 -173.6548
14.241171 90.676 -173.9155
14.344368 90.679 -174.1733
14.448313 90.683 -174.4296
14.553011 90.688 -174.6874
14.658468 90.696 -174.9504
14.764689 90.704 -175.2206
14.871680 90.714 -175.5004
14.979446 90.725 -175.7926
15.087994 90.735 -176.0999
15.197328 90.745 -176.4226
15.307454 90.755 -176.7603
15.418378 90.762 -177.1124
15.530106 90.767 -177.4780
15.642643 90.769 -177.8532
15.755996 90.768 -178.2333
15.870171 90.763 -178.6150
15.985172 90.755 -178.9939
16.101007 90.743 -179.3636
16.217682 90.728 -179.7197
16.335201 90.710 179.9409
16.453573 90.690 179.6212
16.572803 90.670 179.3239
16.692898 90.649 179.0490
16.813862 90.629 178.7943
16.935701 90.610 178.5579
17.058424 90.593 178.3367
17.182035 90.579 178.1250
17.306543 90.567 177.9174
17.431953 90.557 177.7102
17.558273 90.550 177.4982
17.685509 90.544 177.2772
17.813665 90.539 177.0457
17.942751 90.534 176.8029
18.072771 90.529 176.5485
18.203733 90.523 176.2844
18.335646 90.515 176.0136
18.468513 90.507 175.7386
18.602345 90.496 175.4624
18.737144 90.485 175.1882
18.872921 90.473 174.9174
19.009682 90.460 174.6506
19.147434 90.447 174.3879
19.286184 90.435 174.1279
19.425940 90.423 173.8680
19.566708 90.412 173.6060
19.708496 90.402 173.3391
19.851313 90.391 173.0651
19.995163 90.381 172.7828
20.140057 90.369 172.4924
20.285999 90.357 172.1946
20.433001 90.342 171.8920
20.581066 90.326 171.5881
20.730206 90.308 171.2859
20.880424 90.288 170.9893
21.031733 90.266 170.7014
21.184137 90.244 170.4241
21.337646 90.221 170.1583
21.492268 90.198 169.9035
21.648010 90.177 169.6579
21.804880 90.156 169.4193
21.962887 90.136 169.1849
22.122040 90.118 168.9518
22.282345 90.100 168.7185
22.443811 90.084 168.4836
22.606449 90.067 168.2473
22.770266 90.050 168.0104
22.935268 90.034 167.7739
23.101467 90.018 167.5392
23.268869 90.002 167.3068
23.437485 89.987 167.0765
23.607323 89.972 166.8469
23.778391 89.959 166.6157
23.950699 89.948 166.3798
24.124256 89.937 166.1366
24.299070 89.927 165.8841
24.475151 89.916 165.6218
24.652508 89.905 165.3509
24.831150 89.892 165.0743
25.011087 89.877 164.7964
25.192327 89.861 164.5218
25.374882 89.844 164.2549
25.558758 89.827 163.9981
25.743967 89.810 163.7516
25.930519 89.795 163.5128
26.118422 89.781 163.2765
26.307686 89.770 163.0362
26.498322 89.761 162.7844
26.690340 89.753 162.5160
26.883749 89.745 162.2278
27.078560 89.735 161.9208
27.274782 89.722 161.5994
27.472427 89.706 161.2712
27.671503 89.686 160.9453
27.872023 89.662 160.6304
28.073996 89.636 160.3329
28.277431 89.609 160.0556
28.482342 89.582 159.7968
28.688736 89.558 159.5505
28.896626 89.535 159.3087
29.106022 89.514 159.0624
29.316936 89.493 158.8054
29.529379 89.473 158.5347
29.743361 89.449 158.2530
29.958893 89.423 157.9663
30.175987 89.393 157.6846
30.394655 89.360 157.4172
30.614908 89.325 157.1721
30.836756 89.289 156.9521
31.060211 89.255 156.7555
31.285286 89.224 156.5746
31.511992 89.196 156.3995
31.740341 89.171 156.2192
31.970345 89.149 156.0250
32.202015 89.128 155.8125
32.435364 89.105 155.5819
32.670403 89.081 155.3376
32.907146 89.055 155.0860
33.145607 89.027 154.8342
33.385796 88.996 154.5871
33.627724 88.965 154.3472
33.871403 88.933 154.1144
34.116848 88.902 153.8876
34.364071 88.870 153.6653
34.613087 88.838 153.4471
34.863907 88.806 153.2336
35.116547 88.775 153.0258
35.371017 88.744 152.8235
35.627331 88.714 152.6249
35.885502 88.685 152.4260
36.145542 88.658 152.2212
36.407467 88.632 152.0056
36.671291 88.605 151.7772
36.937027 88.576 151.5374
37.204689 88.545 151.2922
37.474289 88.511 151.0499
37.745842 88.474 150.8192
38.019363 88.436 150.6066
38.294868 88.397 150.4145
38.572369 88.359 150.2401
38.851879 88.324 150.0765
39.133415 88.291 149.9147
39.416992 88.260 149.7455
39.702625 88.230 149.5625
39.990326 88.199 149.3638
40.280113 88.167 149.1518
40.571999 88.132 148.9341
40.866001 88.094 148.7210
41.162132 88.054 148.5224
41.460411 88.014 148.3448
41.760849 87.974 148.1885
42.063465 87.939 148.0453
42.368275 87.907 147.9006
42.675293 87.880 147.7379
42.984535 87.854 147.5449
43.296021 87.828 147.3185
43.609760 87.798 147.0659
43.925774 87.764 146.8031
44.244080 87.723 146.5490
44.564690 87.680 146.3185
44.887623 87.635 146.1183
45.212898 87.591 145.9462
45.540531 87.549 145.7946
45.870537 87.510 145.6540
46.202934 87.472 145.5173
46.537739 87.437 145.3809
46.874969 87.402 145.2437
47.214645 87.368 145.1056
47.556782 87.336 144.9657
47.901398 87.303 144.8223
48.248512 87.272 144.6727
48.598141 87.240 144.5135
48.950302 87.209 144.3415
49.305016 87.175 144.1556
49.662300 87.139 143.9594
50.022175 87.099 143.7621
50.384655 87.055 143.5763
50.749763 87.009 143.4131
51.117516 86.962 143.2760
51.487934 86.917 143.1591
51.861038 86.874 143.0511
52.236843 86.833 142.9437
52.615372 86.792 142.8362
52.996643 86.752 142.7338
53.380680 86.714 142.6381
53.767498 86.679 142.5401
54.157120 86.648 142.4216
54.549564 86.617 142.2675
54.944855 86.584 142.0789
55.343006 86.544 141.8757
55.744045 86.498 141.6868
56.147991 86.448 141.5326
56.554863 86.400 141.4142
56.964684 86.355 141.3163
57.377472 86.313 141.2195
57.793251 86.274 141.1111
58.212044 86.236 140.9882
58.633873 86.198 140.8520
59.058758 86.159 140.7050
59.486721 86.120 140.5505
59.917786 86.078 140.3936
60.351974 86.035 140.2401
60.789310 85.992 140.0933
61.229816 85.948 139.9522
61.673512 85.905 139.8150
62.120422 85.862 139.6819
62.570572 85.818 139.5547
63.023983 85.776 139.4324
63.480682 85.735 139.3094
63.940689 85.694 139.1797
64.404030 85.651 139.0439
64.870728 85.606 138.9123
65.340805 85.559 138.7994
65.814293 85.511 138.7132
66.291214 85.465 138.6487
66.771591 85.423 138.5913
67.255447 85.382 138.5271
67.742805 85.341 138.4507
68.233696 85.300 138.3650
68.728142 85.257 138.2750
69.226173 85.212 138.1821
69.727814 85.167 138.0817
70.233093 85.120 137.9655
70.742035 85.069 137.8290
71.254662 85.011 137.6893
71.771004 84.945 137.5923
72.291084 84.876 137.5879
72.814934 84.817 137.6779
73.342583 84.778 137.7891
73.874054 84.755 137.8210
74.409378 84.735 137.7308
74.948578 84.707 137.5651
75.491684 84.668 137.4043
76.038727 84.626 137.2856
76.589737 84.586 137.1913
77.144737 84.547 137.0967
77.703758 84.508 137.0033
78.266830 84.468 136.9218
78.833984 84.431 136.8431
79.405251 84.395 136.7438
79.980652 84.359 136.6118
80.560226 84.318 136.4586
81.143997 84.273 136.3036
81.732002 84.227 136.1545
82.324265 84.182 136.0059
82.920822 84.136 135.8531
83.521698 84.090 135.6962
84.126930 84.045 135.5318
84.736549 83.997 135.3582
85.350586 83.943 135.1972
85.969070 83.884 135.0918
86.592041 83.825 135.0626
87.219521 83.772 135.0786
87.851547 83.726 135.0885
88.488159 83.678 135.0687
89.129379 83.626 135.0314
89.775246 83.569 135.0023
90.425797 83.507 135.0026
91.081062 83.448 135.0333
91.741074 83.393 135.0681
92.405869 83.344 135.0723
93.075478 83.297 135.0318
93.749939 83.248 134.9584
94.429291 83.196 134.8765
95.113564 83.142 134.8098
95.802795 83.089 134.7679
96.497025 83.038 134.7433
97.196281 82.988 134.7249
97.900604 82.940 134.7065
98.610031 82.892 134.6821
99.324600 82.842 134.6501
100.044350 82.790 134.6251
100.769310 82.737 134.6239
101.499527 82.686 134.6423
102.235031 82.638 134.6577
102.975868 82.590 134.6575
103.722076 82.538 134.6579
104.473686 82.482 134.6887
105.230743 82.427 134.7540
105.993286 82.376 134.8213
106.761360 82.327 134.8483
107.534996 82.274 134.8125
108.314240 82.213 134.7390
109.099129 82.145 134.7094
109.889709 82.082 134.7760
110.686012 82.040 134.8726
111.488091 82.014 134.8985
112.295982 81.994 134.8427
113.109726 81.972 134.7374
113.929367 81.941 134.5947
114.754944 81.892 134.4506
115.586502 81.824 134.3792
116.424088 81.743 134.4208
117.267746 81.662 134.5318
118.117516 81.584 134.6255
118.973442 81.508 134.6630
119.835571 81.433 134.6767
120.703949 81.366 134.7132
121.578621 81.317 134.7940
122.459633 81.290 134.8883
123.347023 81.279 134.9274
124.240845 81.263 134.9423
125.141144 81.234 135.0865
126.047966 81.204 135.3973
126.961365 81.179 135.7305
127.881378 81.148 135.9965
128.808060 81.104 136.1903
129.741455 81.045 136.3601
130.681610 80.983 136.6303
131.628586 80.945 136.9865
132.582428 80.939 137.3345
133.543182 80.961 137.5723
134.510895 80.983 137.7210
135.485611 81.011 138.2197
136.467392 81.111 138.8263
137.456284 81.235 138.4905
138.452347 81.253 137.3076
139.455627 81.142 136.2642
140.466187 80.981 135.8100
141.484070 80.835 135.7930
142.509323 80.727 135.9570
143.542007 80.655 136.1817
144.582169 80.611 136.3721
145.629868 80.577 136.4106
146.685165 80.530 136.3662
147.748108 80.472 136.3554
148.818756 80.415 136.3443
149.897156 80.362 136.2563
150.983368 80.311 136.0455
152.077454 80.250 135.7421
153.179474 80.173 135.4696
154.289474 80.084 135.4195
155.407516 80.009 135.6816
156.533661 79.962 136.0749
157.667969 79.934 136.4182
158.810501 79.908 136.7021
159.961304 79.879 136.9314
161.120453 79.844 137.0593
162.287994 79.797 137.0895
163.464005 79.737 137.1010
164.648529 79.677 137.1385
165.841644 79.622 137.1791
167.043396 79.573 137.1988
168.253860 79.525 137.2061
169.473099 79.476 137.2234
170.701172 79.425 137.2687
171.938141 79.374 137.3407
173.184082 79.323 137.4255
174.439041 79.273 137.5163
175.703094 79.223 137.6199
176.976318 79.175 137.7426
178.258759 79.128 137.8723
179.550491 79.082 137.9823
180.851593 79.033 138.0696
182.162125 78.982 138.1594
183.482147 78.931 138.2681
184.811737 78.885 138.3842
186.150955 78.841 138.5009
187.499878 78.799 138.6144
188.858582 78.755 138.7081
190.227127 78.708 138.7739
191.605591 78.656 138.8321
192.994049 78.603 138.8959
194.392563 78.551 138.9653
195.801208 78.499 139.0440
197.220062 78.447 139.1367
198.649200 78.394 139.2487
200.088699 78.341 139.3850
201.538620 78.288 139.5424
202.999054 78.239 139.7170
204.470062 78.193 139.8984
205.951736 78.150 140.0629
207.444153 78.107 140.2000
208.947372 78.061 140.3240
210.461487 78.012 140.4479
211.986572 77.963 140.5687
213.522720 77.911 140.6820
215.069992 77.858 140.7886
216.628479 77.804 140.8960
218.198257 77.749 141.0237
219.779419 77.694 141.2018
221.372025 77.642 141.4426
222.976181 77.593 141.7154
224.591965 77.546 141.9782
226.219452 77.500 142.1976
227.858734 77.455 142.3673
229.509888 77.409 142.5136
231.173004 77.363 142.6736
232.848175 77.318 142.8564
234.535492 77.273 143.0431
236.235031 77.226 143.2191
237.946884 77.177 143.3919
239.671143 77.129 143.5638
241.407898 77.083 143.7289
243.157242 77.037 143.8864
244.919266 76.989 144.0433
246.694046 76.936 144.2128
248.481689 76.880 144.4099
250.282288 76.820 144.6461
252.095932 76.759 144.9308
253.922729 76.703 145.2628
255.762756 76.654 145.6223
257.616119 76.615 145.9862
259.482910 76.583 146.3328
261.363220 76.556 146.6528
263.257172 76.529 146.9529
265.164856 76.500 147.2506
267.086365 76.469 147.5602
269.021790 76.435 147.8773
270.971222 76.402 148.1790
272.934784 76.372 148.4537
274.912567 76.350 148.6990
276.904694 76.334 148.9107
278.911255 76.320 149.1001
280.932373 76.303 149.2812
282.968140 76.282 149.4550
285.018646 76.258 149.6198
287.084015 76.235 149.7761
289.164337 76.213 149.9109
291.259735 76.187 150.0065
293.370331 76.152 150.0757
295.496216 76.107 150.1562
297.637512 76.056 150.2704
299.794312 76.004 150.4178
301.966736 75.953 150.5926
304.154907 75.904 150.7946
306.358948 75.857 151.0181
308.578949 75.812 151.2517
310.815033 75.770 151.4879
313.067322 75.727 151.7224
315.335938 75.682 151.9524
317.621002 75.634 152.1866
319.922607 75.583 152.4424
322.240906 75.532 152.7258
324.575989 75.484 153.0300
326.928009 75.440 153.3425
329.297058 75.399 153.6527
331.683289 75.360 153.9578
334.086792 75.323 154.2586
336.507721 75.288 154.5515
338.946198 75.252 154.8356
341.402344 75.215 155.1183
343.876282 75.177 155.4091
346.368164 75.138 155.7160
348.878082 75.098 156.0381
351.406189 75.058 156.3664
353.952637 75.020 156.6962
356.517517 74.983 157.0257
359.100983 74.947 157.3573
361.703186 74.911 157.6939
364.324249 74.875 158.0383
366.964294 74.839 158.3905
369.623474 74.804 158.7432
372.301910 74.770 159.0889
374.999756 74.737 159.4354
377.717163 74.705 159.7923
380.454254 74.673 160.1582
383.211182 74.643 160.5266
385.988098 74.613 160.8951
388.785126 74.583 161.2643
391.602417 74.552 161.6330
394.440125 74.521 162.0031
397.298401 74.492 162.3810
400.177399 74.464 162.7680
403.077240 74.439 163.1603
405.998108 74.415 163.5526
408.940125 74.391 163.9382
411.903473 74.366 164.3148
414.888306 74.340 164.6877
417.894745 74.312 165.0690
420.922974 74.285 165.4704
423.973145 74.258 165.8965
427.045441 74.234 166.3434
430.139984 74.214 166.7971
433.256958 74.198 167.2357
436.396515 74.183 167.6489
439.558838 74.167 168.0500
442.744049 74.153 168.4597
445.952362 74.141 168.8909
449.183929 74.133 169.3380
452.438904 74.130 169.7693
455.717468 74.128 170.1450
459.019775 74.122 170.4595
462.346008 74.108 170.7560
465.696350 74.087 171.0814
469.070984 74.065 171.4492
472.470062 74.043 171.8500
475.893768 74.023 172.2711
479.342285 74.008 172.6999
482.815796 73.996 173.1181
486.314484 73.983 173.5101
489.838531 73.966 173.8913
493.388092 73.943 174.3079
496.963379 73.922 174.7846
500.564575 73.907 175.2921
504.191864 73.900 175.7891
507.845459 73.896 176.2569
511.525513 73.892 176.6988
515.232239 73.887 177.1251
518.965820 73.879 177.5458
522.726440 73.869 177.9711
526.514343 73.857 178.4183
530.329712 73.846 178.9028
534.172729 73.841 179.4117
538.043579 73.840 179.9061
541.942444 73.840 -179.6234
545.869568 73.839 -179.1497
549.825134 73.838 -178.6566
553.809387 73.840 -178.1596
557.822510 73.845 -177.6763
561.864746 73.852 -177.2147
565.936279 73.860 -176.7738
570.037292 73.865 -176.3389
574.168030 73.869 -175.8895
578.328674 73.873 -175.4163
582.519470 73.879 -174.9356
586.740662 73.884 -174.4684
590.992432 73.888 -174.0015
595.275024 73.891 -173.5032
599.588623 73.898 -172.9765
603.933472 73.908 -172.4493
608.309814 73.923 -171.9371
612.717896 73.939 -171.4485
617.157898 73.954 -170.9866
621.630066 73.966 -170.5305
626.134644 73.975 -170.0388
630.671875 73.985 -169.4869
635.242004 74.002 -168.9103
639.845215 74.024 -168.3643
644.481812 74.047 -167.8425
649.151978 74.070 -167.3048
653.856018 74.096 -166.7345
658.594116 74.129 -166.1450
663.366577 74.170 -165.5836
668.173584 74.216 -165.0995
673.015442 74.259 -164.6749
677.892395 74.296 -164.2596
682.804688 74.329 -163.8366
687.752563 74.358 -163.4128
692.736328 74.385 -162.9892
697.756165 74.410 -162.5462
702.812378 74.438 -162.0723
707.905273 74.470 -161.5801
713.035034 74.507 -161.0914
718.201965 74.546 -160.6183
723.406372 74.584 -160.1505
728.648499 74.621 -159.6753
733.928589 74.658 -159.1925
739.246948 74.696 -158.7079
744.603821 74.736 -158.2262
749.999512 74.777 -157.7463
755.434326 74.819 -157.2643
760.908508 74.863 -156.7785
766.422363 74.909 -156.2893
771.976196 74.957 -155.7987
777.570251 75.007 -155.3102
783.204834 75.059 -154.8298
788.880249 75.112 -154.3600
794.596802 75.164 -153.8844
800.354797 75.217 -153.3828
806.154480 75.273 -152.8537
811.996216 75.335 -152.3194
817.880249 75.403 -151.7931
823.806946 75.480 -151.2859
829.776611 75.563 -150.8371
835.789490 75.645 -150.4723
841.845947 75.722 -150.1484
847.946289 75.792 -149.8126
854.090881 75.862 -149.4557
860.279968 75.931 -149.1001
866.513916 75.998 -148.7546
872.793030 76.063 -148.3847
879.117676 76.132 -147.9832
885.488098 76.206 -147.5865
891.904724 76.284 -147.2187
898.367859 76.361 -146.8722
904.877808 76.436 -146.5172
911.434937 76.513 -146.1407
918.039551 76.592 -145.7617
924.692017 76.675 -145.3860
931.392700 76.760 -145.0185
938.141968 76.849 -144.6777
944.940125 76.939 -144.3707
951.787537 77.028 -144.0839
958.684570 77.118 -143.8068
965.631592 77.208 -143.5382
972.628967 77.297 -143.2623
979.677063 77.389 -142.9791
986.776184 77.484 -142.7105
993.926758 77.578 -142.4654
1001.129150 77.669 -142.2217
1008.383728 77.760 -141.9483
1015.690918 77.855 -141.6600
1023.051025 77.954 -141.3725
1030.464478 78.060 -141.0726
1037.931641 78.175 -140.7832
1045.452881 78.299 -140.5676
1053.028687 78.422 -140.4417
1060.659424 78.541 -140.3705
1068.345459 78.654 -140.3290
1076.087158 78.762 -140.2916
1083.884888 78.868 -140.2413
1091.739136 78.975 -140.1917
1099.650269 79.081 -140.1570
1107.618774 79.186 -140.1343
1115.645020 79.290 -140.1155
1123.729492 79.392 -140.0968
1131.872559 79.493 -140.0754
1140.074585 79.594 -140.0463
1148.336060 79.696 -140.0068
1156.657349 79.799 -139.9619
1165.038940 79.903 -139.9152
1173.481323 80.008 -139.8514
1181.984863 80.117 -139.7481
1190.550049 80.237 -139.6109
1199.177246 80.370 -139.4786
1207.866943 80.516 -139.4166
1216.619629 80.667 -139.4639
1225.435791 80.815 -139.5903
1234.315796 80.961 -139.7667
1243.260132 81.103 -139.9877
1252.269287 81.242 -140.2288
1261.343750 81.380 -140.4855
1270.484009 81.518 -140.7786
1279.690430 81.653 -141.1020
1288.963623 81.786 -141.4331
1298.303955 81.920 -141.7703
1307.712036 82.056 -142.1214
1317.188232 82.196 -142.5081
1326.733154 82.335 -142.9430
1336.347168 82.473 -143.4204
1346.030884 82.609 -143.9313
1355.784790 82.744 -144.4651
1365.609375 82.878 -145.0326
1375.505127 83.008 -145.6377
1385.472656 83.136 -146.2534
1395.512329 83.264 -146.8663
1405.624756 83.398 -147.4783
1415.810547 83.540 -148.1162
1426.070068 83.691 -148.8496
1436.403931 83.842 -149.7113
1446.812744 83.987 -150.6823
1457.296997 84.125 -151.7277
1467.857178 84.256 -152.8336
1478.493896 84.381 -154.0086
1489.207642 84.498 -155.2578
1499.999023 84.607 -156.5801
1510.868652 84.705 -157.9728
1521.817017 84.792 -159.4362
1532.844727 84.867 -160.9739
1543.952393 84.927 -162.5856
1555.140503 84.969 -164.2503
1566.409668 84.994 -165.9458
1577.760498 85.005 -167.6858
1589.193604 84.996 -169.5118
1600.709595 84.958 -171.4222
1612.308960 84.881 -173.3520
1623.992432 84.762 -175.2138
1635.760498 84.603 -176.9069
1647.613892 84.415 -178.3604
1659.553223 84.209 -179.5303
1671.578979 84.001 179.5971
1683.691895 83.808 178.9805
1695.892578 83.641 178.5275
1708.181763 83.500 178.1287
1720.559937 83.382 177.7011
1733.027832 83.277 177.1969
1745.586060 83.175 176.5898
1758.235352 83.065 175.8873
1770.976196 82.942 175.1342
1783.809448 82.803 174.3707
1796.735718 82.648 173.6096
1809.755615 82.472 172.8381
1822.869873 82.266 172.0983
1836.079102 82.024 171.4981
1849.384033 81.749 171.1598
1862.785400 81.455 171.1758
1876.283936 81.159 171.6033
1889.880249 80.884 172.4491
1903.575073 80.648 173.6550
1917.369141 80.470 175.1064
1931.263184 80.356 176.6692
1945.257935 80.308 178.2089
1959.354126 80.323 179.5637
1973.552368 80.382 -179.4245
1987.853516 80.457 -178.8064
2002.258301 80.526 -178.5242
2016.767456 80.574 -178.4711
2031.381836 80.594 -178.5489
2046.102051 80.589 -178.6719
2060.928955 80.563 -178.7760
2075.863281 80.525 -178.8369
2090.905762 80.477 -178.8620
2106.057373 80.421 -178.8597
2121.318848 80.355 -178.8289
2136.690918 80.276 -178.7495
2152.174316 80.187 -178.5688
2167.769775 80.094 -178.2485
2183.478271 80.007 -177.8110
2199.300537 79.929 -177.3074
2215.237549 79.857 -176.7491
2231.290039 79.790 -176.1235
2247.458984 79.731 -175.4254
2263.745117 79.682 -174.6546
2280.149170 79.644 -173.8132
2296.672119 79.621 -172.9074
2313.314697 79.614 -171.9355
2330.077881 79.632 -170.9029
2346.962646 79.681 -169.8796
2363.969727 79.759 -168.9637
2381.100098 79.854 -168.2078
2398.354492 79.959 -167.6144
2415.733887 80.065 -167.1631
2433.239258 80.169 -166.8144
2450.871582 80.270 -166.5369
2468.631592 80.371 -166.3318
2486.520264 80.468 -166.2097
2504.538574 80.560 -166.1723
2522.687500 80.641 -166.1947
2540.968018 80.714 -166.2235
2559.380859 80.784 -166.2402
2577.927246 80.855 -166.2844
2596.607910 80.925 -166.3858
2615.424072 80.990 -166.5389
2634.376465 81.048 -166.7287
2653.466309 81.097 -166.9397
2672.694336 81.136 -167.1536
2692.061768 81.164 -167.3354
2711.569580 81.189 -167.4426
2731.218750 81.219 -167.4871
2751.010254 81.259 -167.5235
2770.945312 81.305 -167.5918
2791.024658 81.354 -167.7075
2811.249512 81.402 -167.8657
2831.621094 81.449 -168.0569
2852.140137 81.495 -168.2895
2872.807861 81.538 -168.5787
2893.625488 81.571 -168.9236
2914.593994 81.592 -169.2796
2935.714355 81.605 -169.5937
2956.987793 81.615 -169.8731
2978.415283 81.627 -170.1550
2999.998047 81.638 -170.4645
3021.737305 81.645 -170.8146
3043.634033 81.642 -171.2052
3065.689453 81.622 -171.6046
3087.904785 81.584 -171.9345
3110.281006 81.535 -172.1289
3132.819336 81.486 -172.1796
3155.520996 81.445 -172.1087
3178.387207 81.420 -171.9574
3201.419189 81.414 -171.7715
3224.617920 81.426 -171.6008
3247.984863 81.455 -171.5071
3271.520996 81.490 -171.5391
3295.227783 81.521 -171.6834
3319.106445 81.544 -171.8766
3343.157959 81.561 -172.0913
3367.383789 81.576 -172.3427
3391.785156 81.587 -172.6557
3416.363525 81.588 -173.0452
3441.119873 81.571 -173.4957
3466.055664 81.527 -173.9308
3491.172119 81.458 -174.2419
3516.470703 81.377 -174.3610
3541.952393 81.298 -174.2722
3567.618896 81.234 -174.0082
3593.471436 81.196 -173.6366
3619.511230 81.186 -173.2537
3645.739746 81.198 -172.9579
3672.158203 81.217 -172.7864
3698.768066 81.234 -172.6864
3725.570801 81.249 -172.6013
3752.567871 81.266 -172.5185
3779.760498 81.287 -172.4570
3807.150146 81.312 -172.4456
3834.738281 81.335 -172.4876
3862.526367 81.352 -172.5356
3890.515869 81.370 -172.5540
3918.708252 81.394 -172.5560
3947.104736 81.427 -172.5752
3975.707031 81.468 -172.6347
4004.516602 81.519 -172.7654
4033.534912 81.576 -173.0218
4062.763672 81.627 -173.4256
4092.204102 81.667 -173.9300
4121.857910 81.692 -174.4853
4151.726562 81.707 -175.0744
4181.811523 81.712 -175.7116
4212.114746 81.704 -176.4104
4242.637695 81.677 -177.1348
4273.381836 81.633 -177.8297
4304.348633 81.579 -178.4754
4335.539551 81.519 -179.0873
4366.956543 81.457 -179.6911
4398.601074 81.396 179.6617
4430.475098 81.327 178.8976
4462.580078 81.237 178.0007
4494.917969 81.113 177.0188
4527.490234 80.944 176.0165
4560.298340 80.725 175.0710
4593.344238 80.448 174.2965
4626.629395 80.115 173.8783
4660.155762 79.742 174.0135
4693.925293 79.365 174.7958
4727.939453 79.018 176.1815
4762.200195 78.728 178.0366
4796.708984 78.511 -179.8340
4831.467773 78.365 -177.6194
4866.478516 78.280 -175.4055
4901.743164 78.248 -173.2170
4937.263184 78.270 -171.1020
4973.040527 78.341 -169.1544
5009.077148 78.451 -167.4457
5045.375000 78.587 -165.9855
5081.936035 78.744 -164.7753
5118.761719 78.916 -163.8389
5155.854492 79.097 -163.2127
5193.215820 79.272 -162.9630
5230.848145 79.415 -163.1190
5268.752930 79.497 -163.5813
5306.932617 79.498 -164.1302
5345.388672 79.414 -164.4834
5384.123535 79.262 -164.3441
5423.139160 79.084 -163.4601
5462.437500 78.942 -161.7737
5502.020508 78.888 -159.5045
5541.890625 78.951 -157.0345
5582.049316 79.121 -154.7479
5622.499023 79.367 -152.8851
5663.242188 79.653 -151.4873
5704.280273 79.958 -150.4923
5745.615723 80.270 -149.8576
5787.250977 80.580 -149.5659
5829.187988 80.875 -149.5766
5871.428711 81.150 -149.8343
5913.975586 81.400 -150.2730
5956.830566 81.627 -150.8391
5999.996094 81.830 -151.5059
6043.474609 82.008 -152.2245
6087.268066 82.166 -152.9280
6131.378906 82.315 -153.5982
6175.809570 82.460 -154.2759
6220.562012 82.600 -155.0004
6265.638672 82.730 -155.7778
6311.041992 82.849 -156.5783
6356.774414 82.959 -157.3795
6402.838379 83.063 -158.1872
6449.235840 83.162 -158.9957
6495.969727 83.260 -159.7933
6543.041992 83.361 -160.6034
6590.455566 83.467 -161.4725
6638.212891 83.574 -162.4455
6686.315918 83.676 -163.5527
6734.767578 83.764 -164.8076
6783.570312 83.824 -166.1964
6832.727051 83.844 -167.6259
6882.239746 83.824 -168.9372
6932.111328 83.781 -170.0038
6982.344238 83.741 -170.7960
7032.941406 83.725 -171.3893
7083.904785 83.747 -171.9182
7135.237793 83.805 -172.5328
7186.942871 83.888 -173.3589
7239.022461 83.977 -174.4462
7291.479492 84.057 -175.7909
7344.316406 84.115 -177.3750
7397.536133 84.136 -179.1443
7451.141602 84.108 179.0121
7505.135742 84.032 177.2416
7559.520996 83.921 175.6546
7614.300293 83.791 174.3093
7669.476562 83.662 173.2036
7725.052734 83.551 172.2486
7781.031738 83.459 171.3326
7837.416504 83.381 170.3927
7894.209473 83.314 169.4100
7951.414062 83.254 168.3390
8009.033203 83.192 167.1476
8067.069824 83.117 165.8701
8125.527344 83.027 164.5541
8184.408203 82.922 163.2330
8243.715820 82.803 161.9519
8303.453125 82.677 160.7582
8363.623047 82.552 159.6483
8424.229492 82.439 158.6021
8485.275391 82.347 157.5776
8546.763672 82.285 156.4707
8608.697266 82.248 155.1485
8671.079102 82.224 153.5234
8733.913086 82.198 151.5409
8797.202148 82.153 149.1823
8860.950195 82.072 146.4780
8925.160156 81.942 143.4593
8989.835938 81.749 140.1560
9054.980469 81.474 136.6572
9120.596680 81.105 133.1066
9186.688477 80.637 129.6753
9253.258789 80.076 126.5511
9320.311523 79.440 123.8709
9387.850586 78.757 121.6657
9455.878906 78.046 119.8936
9524.400391 77.318 118.4722
9593.417969 76.574 117.3270
9662.935547 75.804 116.4650
9732.957031 75.009 115.9474
9803.486328 74.189 115.8231
9874.526367 73.350 116.1273
9946.081055 72.499 116.8688
10018.154297 71.637 118.0739
10090.750000 70.771 119.8156
10163.872070 69.915 122.1359
10237.523438 69.086 125.0069
10311.708984 68.298 128.3367
10386.431641 67.553 132.0197
10461.696289 66.839 136.0631
10537.505859 66.153 140.5909
10613.865234 65.503 145.7837
10690.777344 64.919 151.8046
10768.247070 64.450 158.6805
10846.278320 64.147 166.2973
10924.875000 64.062 174.3325
11004.041016 64.222 -177.7733
11083.781250 64.610 -170.6466
11164.098633 65.169 -164.7753
11244.998047 65.829 -160.3377
11326.484375 66.530 -157.2609
11408.560547 67.232 -155.3835
11491.231445 67.913 -154.5783
11574.501953 68.544 -154.7782
11658.375977 69.098 -155.8825
11742.857422 69.550 -157.7305
11827.951172 69.886 -160.1230
11913.661133 70.101 -162.8734
11999.992188 70.192 -165.8224
12086.949219 70.159 -168.7878
12174.536133 70.010 -171.5665
12262.757812 69.764 -173.9751
12351.619141 69.449 -175.9300
12441.124023 69.089 -177.4307
12531.277344 68.702 -178.4913
12622.083984 68.302 -179.1111
12713.548828 67.908 -179.3196
12805.676758 67.536 -179.2219
12898.471680 67.193 -178.9432
12991.939453 66.878 -178.5687
13086.083984 66.590 -178.1349
13180.911133 66.333 -177.7145
13276.425781 66.103 -177.4108
13372.631836 65.889 -177.2904
13469.535156 65.684 -177.3591
13567.140625 65.484 -177.6425
13665.454102 65.287 -178.2109
13764.479492 65.081 -179.1292
13864.222656 64.849 179.5969
13964.688477 64.580 177.9852
14065.882812 64.265 176.0307
14167.809570 63.886 173.7190
14270.475586 63.423 171.1004
14373.885742 62.860 168.2685
14478.044922 62.188 165.3189
14582.958984 61.397 162.3641
14688.632812 60.477 159.6031
14795.072266 59.439 157.2932
14902.283203 58.325 155.6456
15010.271484 57.241 154.6866
15119.041992 56.408 153.9301
15228.600586 56.172 151.8318
15338.953125 56.824 145.8707
15450.105469 58.303 133.8436
15562.063477 60.266 115.2502
15674.833008 62.359 91.7776
15788.418945 64.329 66.3848
15902.828125 66.007 41.4236
16018.066406 67.298 17.9441
16134.139648 68.164 -3.7066
16251.054688 68.616 -23.3588
16368.816406 68.700 -40.8900
16487.431641 68.485 -56.2589
16606.906250 68.046 -69.5431
16727.246094 67.447 -80.8874
16848.458984 66.740 -90.4658
16970.550781 65.972 -98.5316
17093.527344 65.175 -105.3855
17217.394531 64.356 -111.2691
17342.158203 63.516 -116.3539
17467.826172 62.653 -120.7919
17594.404297 61.756 -124.6790
17721.900391 60.817 -128.0216
17850.320312 59.834 -130.8002
17979.671875 58.805 -133.0103
18109.960938 57.732 -134.6079
18241.193359 56.626 -135.5336
18373.376953 55.496 -135.7795
18506.517578 54.351 -135.3511
18640.623047 53.204 -134.2544
18775.701172 52.071 -132.5295
18911.757812 50.959 -130.1812
19048.800781 49.871 -127.2031
19186.835938 48.812 -123.6973
19325.871094 47.785 -119.7722
19465.914062 46.792 -115.4288
19606.972656 45.847 -110.6797
19749.052734 44.980 -105.7148
19892.162109 44.274 -101.0270
20036.308594 43.875 -97.7924
