* Measurement data measured by REW V5.30.5
* Source: EXCL: Microphone (Realtek(R) Audio), MICROPHONE (Master Volume), L, volume: 1.000
* Format: 256k Log Swept Sine, 1 sweep at -9.0 dBFS with no timing reference
* Dated: Jan 27, 2024 1:08:07 AM
* REW Settings:
*  C-weighting compensation: Off
*  Target level: 75.0 dB
* Note: Shozy P20 R
* Measurement: R Shozy P20
* Smoothing: 1/12 octave
* Frequency Step: 96 ppo
* Start Frequency: 0.36621094 Hz
*
* Freq(Hz) SPL(dB) Phase(degrees)
0.366211 76.750 -29.0489
0.368865 76.746 -29.0672
0.371538 76.740 -29.0946
0.374230 76.732 -29.1294
0.376942 76.724 -29.1698
0.379673 76.715 -29.2146
0.382424 76.705 -29.2630
0.385196 76.695 -29.3145
0.387987 76.685 -29.3689
0.390798 76.675 -29.4259
0.393630 76.665 -29.4856
0.396483 76.655 -29.5479
0.399356 76.644 -29.6128
0.402250 76.634 -29.6802
0.405165 76.623 -29.7503
0.408101 76.613 -29.8229
0.411058 76.602 -29.8982
0.414037 76.591 -29.9761
0.417037 76.580 -30.0566
0.420059 76.569 -30.1397
0.423103 76.558 -30.2255
0.426169 76.547 -30.3140
0.429257 76.536 -30.4051
0.432367 76.525 -30.4989
0.435501 76.513 -30.5954
0.438656 76.502 -30.6945
0.441835 76.490 -30.7963
0.445037 76.479 -30.9008
0.448262 76.467 -31.0080
0.451510 76.455 -31.1178
0.454782 76.444 -31.2303
0.458077 76.432 -31.3455
0.461397 76.420 -31.4633
0.464740 76.408 -31.5837
0.468108 76.395 -31.7067
0.471500 76.383 -31.8324
0.474917 76.371 -31.9606
0.478358 76.358 -32.0914
0.481825 76.346 -32.2247
0.485316 76.333 -32.3605
0.488833 76.320 -32.4988
0.492375 76.308 -32.6396
0.495943 76.295 -32.7828
0.499537 76.282 -32.9283
0.503157 76.269 -33.0761
0.506803 76.255 -33.2263
0.510475 76.242 -33.3786
0.514174 76.229 -33.5331
0.517900 76.215 -33.6898
0.521653 76.202 -33.8484
0.525433 76.188 -34.0091
0.529241 76.174 -34.1716
0.533076 76.160 -34.3360
0.536939 76.146 -34.5021
0.540830 76.132 -34.6698
0.544749 76.118 -34.8391
0.548696 76.104 -35.0098
0.552673 76.089 -35.1819
0.556677 76.075 -35.3552
0.560711 76.060 -35.5296
0.564774 76.046 -35.7049
0.568867 76.031 -35.8811
0.572989 76.016 -36.0579
0.577141 76.001 -36.2353
0.581324 75.986 -36.4131
0.585536 75.970 -36.5911
0.589779 75.955 -36.7691
0.594053 75.940 -36.9469
0.598358 75.924 -37.1244
0.602694 75.908 -37.3013
0.607061 75.893 -37.4775
0.611460 75.877 -37.6526
0.615891 75.861 -37.8265
0.620354 75.844 -37.9989
0.624849 75.828 -38.1695
0.629377 75.812 -38.3381
0.633938 75.795 -38.5044
0.638532 75.779 -38.6680
0.643159 75.762 -38.8288
0.647819 75.745 -38.9862
0.652514 75.728 -39.1401
0.657242 75.711 -39.2901
0.662005 75.694 -39.4357
0.666802 75.676 -39.5766
0.671634 75.659 -39.7124
0.676501 75.641 -39.8427
0.681403 75.623 -39.9670
0.686341 75.606 -40.0850
0.691314 75.588 -40.1961
0.696324 75.569 -40.2999
0.701369 75.551 -40.3959
0.706452 75.533 -40.4838
0.711571 75.514 -40.5632
0.716727 75.495 -40.6340
0.721921 75.475 -40.6961
0.727153 75.455 -40.7498
0.732422 75.434 -40.7959
0.737729 75.411 -40.8352
0.743075 75.388 -40.8687
0.748460 75.363 -40.8973
0.753883 75.337 -40.9214
0.759346 75.309 -40.9415
0.764849 75.280 -40.9577
0.770391 75.250 -40.9700
0.775974 75.218 -40.9782
0.781597 75.186 -40.9823
0.787261 75.152 -40.9820
0.792965 75.117 -40.9772
0.798712 75.081 -40.9675
0.804499 75.044 -40.9527
0.810329 75.006 -40.9326
0.816201 74.967 -40.9069
0.822116 74.927 -40.8753
0.828073 74.886 -40.8375
0.834073 74.845 -40.7932
0.840118 74.803 -40.7420
0.846205 74.760 -40.6835
0.852337 74.717 -40.6175
0.858514 74.674 -40.5435
0.864735 74.630 -40.4612
0.871001 74.586 -40.3702
0.877313 74.541 -40.2699
0.883670 74.497 -40.1601
0.890074 74.453 -40.0403
0.896523 74.409 -39.9099
0.903020 74.365 -39.7685
0.909564 74.321 -39.6158
0.916155 74.278 -39.4510
0.922793 74.236 -39.2739
0.929480 74.194 -39.0838
0.936216 74.153 -38.8802
0.943000 74.113 -38.6627
0.949833 74.075 -38.4307
0.956716 74.037 -38.1836
0.963649 74.002 -37.9211
0.970632 73.967 -37.6426
0.977666 73.935 -37.3477
0.984750 73.904 -37.0358
0.991886 73.876 -36.7065
0.999074 73.850 -36.3594
1.006313 73.827 -35.9942
1.013605 73.806 -35.6104
1.020950 73.788 -35.2079
1.028349 73.774 -34.7863
1.035801 73.763 -34.3455
1.043306 73.755 -33.8854
1.050867 73.751 -33.4058
1.058482 73.752 -32.9066
1.066152 73.757 -32.3878
1.073878 73.766 -31.8491
1.081659 73.780 -31.2901
1.089498 73.799 -30.7102
1.097393 73.824 -30.1082
1.105345 73.853 -29.4830
1.113355 73.887 -28.8335
1.121422 73.926 -28.1589
1.129549 73.970 -27.4594
1.137734 74.019 -26.7353
1.145978 74.073 -25.9880
1.154283 74.131 -25.2190
1.162647 74.195 -24.4300
1.171072 74.263 -23.6231
1.179558 74.335 -22.8007
1.188106 74.412 -21.9650
1.196715 74.493 -21.1185
1.205387 74.579 -20.2637
1.214122 74.668 -19.4034
1.222920 74.762 -18.5402
1.231781 74.860 -17.6768
1.240708 74.962 -16.8158
1.249698 75.068 -15.9600
1.258754 75.177 -15.1120
1.267875 75.289 -14.2744
1.277063 75.406 -13.4497
1.286317 75.525 -12.6405
1.295638 75.647 -11.8491
1.305027 75.772 -11.0776
1.314484 75.900 -10.3283
1.324009 76.031 -9.6032
1.333603 76.163 -8.9041
1.343267 76.298 -8.2328
1.353001 76.435 -7.5909
1.362805 76.574 -6.9799
1.372681 76.714 -6.4011
1.382628 76.855 -5.8556
1.392647 76.997 -5.3445
1.402739 77.140 -4.8684
1.412904 77.284 -4.4279
1.423142 77.428 -4.0231
1.433455 77.572 -3.6534
1.443842 77.718 -3.3176
1.454305 77.864 -3.0135
1.464843 78.011 -2.7380
1.475458 78.161 -2.4873
1.486150 78.314 -2.2578
1.496919 78.470 -2.0465
1.507766 78.629 -1.8516
1.518692 78.792 -1.6719
1.529697 78.959 -1.5071
1.540782 79.129 -1.3569
1.551947 79.303 -1.2217
1.563193 79.481 -1.1016
1.574521 79.661 -0.9970
1.585931 79.845 -0.9082
1.597423 80.031 -0.8356
1.608998 80.219 -0.7793
1.620658 80.410 -0.7398
1.632402 80.602 -0.7172
1.644231 80.796 -0.7119
1.656146 80.992 -0.7239
1.668147 81.188 -0.7537
1.680235 81.385 -0.8013
1.692410 81.582 -0.8670
1.704674 81.779 -0.9510
1.717027 81.976 -1.0534
1.729469 82.171 -1.1746
1.742002 82.366 -1.3145
1.754625 82.559 -1.4735
1.767340 82.750 -1.6516
1.780147 82.939 -1.8488
1.793046 83.125 -2.0649
1.806040 83.309 -2.2996
1.819127 83.490 -2.5521
1.832309 83.668 -2.8214
1.845587 83.844 -3.1059
1.858961 84.018 -3.4044
1.872431 84.191 -3.7153
1.886000 84.362 -4.0375
1.899666 84.531 -4.3700
1.913432 84.699 -4.7121
1.927298 84.866 -5.0632
1.941264 85.032 -5.4227
1.955331 85.197 -5.7903
1.969500 85.360 -6.1654
1.983772 85.522 -6.5479
1.998147 85.684 -6.9376
2.012626 85.844 -7.3341
2.027211 86.003 -7.7375
2.041901 86.161 -8.1475
2.056697 86.318 -8.5643
2.071601 86.474 -8.9877
2.086613 86.628 -9.4179
2.101733 86.782 -9.8550
2.116963 86.935 -10.2992
2.132303 87.088 -10.7507
2.147755 87.239 -11.2101
2.163318 87.389 -11.6776
2.178995 87.538 -12.1538
2.194785 87.686 -12.6393
2.210689 87.832 -13.1344
2.226709 87.977 -13.6395
2.242844 88.121 -14.1543
2.259097 88.262 -14.6785
2.275467 88.402 -15.2112
2.291956 88.541 -15.7517
2.308565 88.677 -16.2990
2.325294 88.812 -16.8521
2.342144 88.946 -17.4103
2.359116 89.078 -17.9725
2.376211 89.208 -18.5380
2.393430 89.337 -19.1060
2.410774 89.465 -19.6758
2.428243 89.591 -20.2470
2.445839 89.717 -20.8188
2.463562 89.841 -21.3910
2.481415 89.964 -21.9634
2.499396 90.086 -22.5359
2.517508 90.206 -23.1089
2.535750 90.326 -23.6831
2.554126 90.445 -24.2595
2.572634 90.562 -24.8394
2.591276 90.678 -25.4243
2.610054 90.793 -26.0151
2.628967 90.905 -26.6121
2.648018 91.016 -27.2152
2.667206 91.125 -27.8236
2.686534 91.233 -28.4363
2.706002 91.338 -29.0522
2.725610 91.442 -29.6701
2.745361 91.545 -30.2888
2.765255 91.646 -30.9068
2.785294 91.746 -31.5231
2.805477 91.845 -32.1365
2.825807 91.942 -32.7460
2.846284 92.039 -33.3508
2.866909 92.134 -33.9504
2.887684 92.228 -34.5449
2.908609 92.321 -35.1346
2.929686 92.413 -35.7208
2.950916 92.503 -36.3048
2.972299 92.592 -36.8883
2.993838 92.679 -37.4721
3.015532 92.765 -38.0567
3.037384 92.849 -38.6419
3.059394 92.931 -39.2272
3.081564 93.012 -39.8116
3.103894 93.091 -40.3940
3.126386 93.169 -40.9733
3.149041 93.246 -41.5482
3.171861 93.323 -42.1176
3.194845 93.398 -42.6803
3.217996 93.472 -43.2354
3.241315 93.546 -43.7821
3.264803 93.618 -44.3203
3.288461 93.690 -44.8503
3.312291 93.761 -45.3728
3.336293 93.831 -45.8890
3.360469 93.900 -46.3996
3.384820 93.967 -46.9053
3.409348 94.034 -47.4064
3.434054 94.099 -47.9026
3.458938 94.163 -48.3936
3.484003 94.227 -48.8789
3.509250 94.290 -49.3578
3.534679 94.352 -49.8294
3.560293 94.415 -50.2931
3.586092 94.477 -50.7481
3.612079 94.539 -51.1937
3.638253 94.601 -51.6295
3.664618 94.664 -52.0554
3.691173 94.726 -52.4714
3.717921 94.788 -52.8779
3.744862 94.849 -53.2755
3.771999 94.911 -53.6647
3.799332 94.972 -54.0461
3.826864 95.033 -54.4204
3.854595 95.095 -54.7881
3.882527 95.156 -55.1496
3.910661 95.219 -55.5053
3.938999 95.281 -55.8555
3.967543 95.345 -56.2001
3.996294 95.409 -56.5391
4.025252 95.475 -56.8722
4.054421 95.541 -57.1990
4.083801 95.608 -57.5194
4.113394 95.676 -57.8334
4.143201 95.745 -58.1418
4.173225 95.814 -58.4454
4.203466 95.884 -58.7453
4.233926 95.955 -59.0428
4.264606 96.027 -59.3391
4.295509 96.100 -59.6354
4.326636 96.174 -59.9325
4.357989 96.249 -60.2310
4.389569 96.325 -60.5309
4.421378 96.402 -60.8320
4.453417 96.480 -61.1340
4.485688 96.560 -61.4367
4.518193 96.640 -61.7406
4.550934 96.721 -62.0462
4.583912 96.803 -62.3545
4.617129 96.886 -62.6665
4.650587 96.969 -62.9833
4.684287 97.052 -63.3058
4.718231 97.136 -63.6349
4.752421 97.220 -63.9708
4.786859 97.305 -64.3138
4.821547 97.390 -64.6634
4.856485 97.475 -65.0196
4.891677 97.561 -65.3819
4.927125 97.646 -65.7502
4.962829 97.732 -66.1245
4.998791 97.817 -66.5048
5.035015 97.902 -66.8913
5.071500 97.987 -67.2844
5.108251 98.071 -67.6841
5.145267 98.154 -68.0909
5.182552 98.237 -68.5046
5.220107 98.319 -68.9249
5.257934 98.400 -69.3515
5.296035 98.480 -69.7833
5.334412 98.560 -70.2196
5.373067 98.639 -70.6595
5.412003 98.716 -71.1023
5.451221 98.793 -71.5476
5.490722 98.868 -71.9954
5.530510 98.942 -72.4456
5.570587 99.015 -72.8983
5.610953 99.087 -73.3532
5.651613 99.157 -73.8095
5.692567 99.227 -74.2663
5.733818 99.295 -74.7225
5.775367 99.362 -75.1770
5.817218 99.428 -75.6290
5.859372 99.493 -76.0781
5.901831 99.557 -76.5244
5.944598 99.620 -76.9677
5.987675 99.681 -77.4080
6.031065 99.742 -77.8450
6.074768 99.802 -78.2780
6.118788 99.862 -78.7065
6.163127 99.920 -79.1298
6.207788 99.979 -79.5474
6.252772 100.037 -79.9591
6.298082 100.094 -80.3651
6.343721 100.151 -80.7654
6.389690 100.208 -81.1603
6.435992 100.265 -81.5502
6.482630 100.321 -81.9353
6.529606 100.378 -82.3155
6.576922 100.435 -82.6911
6.624581 100.493 -83.0621
6.672585 100.550 -83.4287
6.720938 100.608 -83.7914
6.769640 100.667 -84.1508
6.818696 100.726 -84.5077
6.868107 100.785 -84.8629
6.917876 100.845 -85.2170
6.968006 100.905 -85.5705
7.018499 100.966 -85.9236
7.069358 101.028 -86.2768
7.120586 101.090 -86.6305
7.172184 101.152 -86.9853
7.224157 101.215 -87.3420
7.276506 101.278 -87.7011
7.329235 101.341 -88.0632
7.382345 101.405 -88.4285
7.435841 101.468 -88.7971
7.489724 101.532 -89.1691
7.543997 101.596 -89.5445
7.598664 101.659 -89.9234
7.653728 101.723 -90.3059
7.709189 101.786 -90.6920
7.765053 101.848 -91.0818
7.821322 101.910 -91.4749
7.877998 101.972 -91.8709
7.935086 102.033 -92.2694
7.992587 102.094 -92.6698
8.050504 102.154 -93.0719
8.108841 102.213 -93.4753
8.167601 102.272 -93.8798
8.226787 102.329 -94.2848
8.286402 102.387 -94.6899
8.346449 102.443 -95.0944
8.406931 102.499 -95.4980
8.467851 102.555 -95.9002
8.529212 102.609 -96.3009
8.591018 102.664 -96.6999
8.653272 102.718 -97.0972
8.715977 102.772 -97.4924
8.779137 102.825 -97.8856
8.842754 102.878 -98.2767
8.906833 102.932 -98.6659
8.971375 102.985 -99.0534
9.036386 103.038 -99.4397
9.101867 103.091 -99.8250
9.167823 103.144 -100.2098
9.234257 103.197 -100.5944
9.301172 103.251 -100.9793
9.368572 103.304 -101.3649
9.436460 103.358 -101.7518
9.504841 103.411 -102.1406
9.573717 103.465 -102.5316
9.643092 103.518 -102.9251
9.712970 103.571 -103.3214
9.783354 103.624 -103.7207
9.854248 103.677 -104.1231
9.925656 103.729 -104.5287
9.997581 103.780 -104.9374
10.070028 103.831 -105.3489
10.143000 103.881 -105.7628
10.216500 103.930 -106.1786
10.290533 103.979 -106.5958
10.365103 104.026 -107.0139
10.440212 104.072 -107.4322
10.515866 104.117 -107.8497
10.592069 104.161 -108.2656
10.668823 104.204 -108.6792
10.746134 104.247 -109.0898
10.824005 104.288 -109.4966
10.902440 104.328 -109.8989
10.981443 104.368 -110.2962
11.061020 104.407 -110.6880
11.141172 104.445 -111.0741
11.221906 104.484 -111.4545
11.303225 104.522 -111.8292
11.385133 104.560 -112.1985
11.467634 104.599 -112.5628
11.550734 104.637 -112.9228
11.634435 104.677 -113.2793
11.718742 104.716 -113.6333
11.803661 104.756 -113.9857
11.889195 104.797 -114.3375
11.975349 104.838 -114.6900
12.062128 104.879 -115.0441
12.149535 104.921 -115.4009
12.237576 104.963 -115.7611
12.326254 105.005 -116.1253
12.415575 105.047 -116.4940
12.505544 105.089 -116.8675
12.596164 105.130 -117.2455
12.687441 105.170 -117.6278
12.779379 105.209 -118.0136
12.871984 105.247 -118.4022
12.965260 105.284 -118.7924
13.059211 105.320 -119.1830
13.153843 105.354 -119.5726
13.249161 105.387 -119.9597
13.345170 105.419 -120.3429
13.441875 105.449 -120.7210
13.539280 105.479 -121.0926
13.637391 105.507 -121.4569
13.736214 105.535 -121.8132
13.835752 105.563 -122.1611
13.936011 105.591 -122.5007
14.036998 105.618 -122.8324
14.138716 105.647 -123.1567
14.241171 105.675 -123.4749
14.344368 105.705 -123.7883
14.448313 105.736 -124.0982
14.553011 105.767 -124.4062
14.658468 105.799 -124.7140
14.764689 105.832 -125.0230
14.871680 105.866 -125.3344
14.979446 105.899 -125.6491
15.087994 105.934 -125.9679
15.197328 105.968 -126.2909
15.307454 106.002 -126.6181
15.418378 106.035 -126.9488
15.530106 106.068 -127.2823
15.642643 106.101 -127.6176
15.755996 106.132 -127.9535
15.870171 106.163 -128.2889
15.985172 106.194 -128.6228
16.101007 106.224 -128.9545
16.217682 106.253 -129.2833
16.335201 106.283 -129.6093
16.453573 106.312 -129.9329
16.572803 106.342 -130.2547
16.692898 106.373 -130.5759
16.813862 106.404 -130.8980
16.935701 106.435 -131.2226
17.058424 106.467 -131.5512
17.182035 106.499 -131.8854
17.306543 106.532 -132.2262
17.431953 106.564 -132.5746
17.558273 106.595 -132.9307
17.685509 106.625 -133.2942
17.813665 106.654 -133.6643
17.942751 106.682 -134.0395
18.072771 106.708 -134.4179
18.203733 106.731 -134.7972
18.335646 106.753 -135.1751
18.468513 106.773 -135.5491
18.602345 106.792 -135.9169
18.737144 106.808 -136.2765
18.872921 106.824 -136.6264
19.009682 106.839 -136.9655
19.147434 106.854 -137.2934
19.286184 106.869 -137.6106
19.425940 106.884 -137.9180
19.566708 106.901 -138.2172
19.708496 106.918 -138.5102
19.851313 106.937 -138.7995
19.995163 106.957 -139.0880
20.140057 106.979 -139.3785
20.285999 107.001 -139.6739
20.433001 107.025 -139.9766
20.581066 107.050 -140.2887
20.730206 107.075 -140.6117
20.880424 107.099 -140.9462
21.031733 107.123 -141.2920
21.184137 107.145 -141.6478
21.337646 107.166 -142.0113
21.492268 107.184 -142.3793
21.648010 107.201 -142.7482
21.804880 107.214 -143.1136
21.962887 107.226 -143.4712
22.122040 107.236 -143.8173
22.282345 107.245 -144.1488
22.443811 107.254 -144.4642
22.606449 107.263 -144.7633
22.770266 107.274 -145.0477
22.935268 107.286 -145.3208
23.101467 107.302 -145.5870
23.268869 107.319 -145.8517
23.437485 107.340 -146.1202
23.607323 107.362 -146.3972
23.778391 107.386 -146.6861
23.950699 107.411 -146.9883
24.124256 107.435 -147.3036
24.299070 107.459 -147.6298
24.475151 107.481 -147.9636
24.652508 107.502 -148.3009
24.831150 107.521 -148.6381
25.011087 107.539 -148.9721
25.192327 107.557 -149.3015
25.374882 107.574 -149.6263
25.558758 107.591 -149.9478
25.743967 107.609 -150.2683
25.930519 107.626 -150.5899
26.118422 107.643 -150.9140
26.307686 107.659 -151.2405
26.498322 107.673 -151.5674
26.690340 107.685 -151.8912
26.883749 107.695 -152.2071
27.078560 107.703 -152.5104
27.274782 107.709 -152.7971
27.472427 107.716 -153.0656
27.671503 107.723 -153.3164
27.872023 107.732 -153.5532
28.073996 107.742 -153.7815
28.277431 107.755 -154.0082
28.482342 107.770 -154.2399
28.688736 107.786 -154.4816
28.896626 107.802 -154.7360
29.106022 107.817 -155.0030
29.316936 107.831 -155.2797
29.529379 107.842 -155.5619
29.743361 107.851 -155.8447
29.958893 107.858 -156.1237
30.175987 107.864 -156.3963
30.394655 107.869 -156.6614
30.614908 107.874 -156.9199
30.836756 107.879 -157.1735
31.060211 107.885 -157.4249
31.285286 107.891 -157.6762
31.511992 107.898 -157.9294
31.740341 107.904 -158.1858
31.970345 107.912 -158.4464
32.202015 107.919 -158.7123
32.435364 107.927 -158.9842
32.670403 107.934 -159.2628
32.907146 107.942 -159.5481
33.145607 107.948 -159.8390
33.385796 107.954 -160.1334
33.627724 107.958 -160.4280
33.871403 107.962 -160.7197
34.116848 107.966 -161.0059
34.364071 107.969 -161.2860
34.613087 107.974 -161.5616
34.863907 107.979 -161.8359
35.116547 107.986 -162.1130
35.371017 107.993 -162.3962
35.627331 107.999 -162.6866
35.885502 108.005 -162.9820
36.145542 108.009 -163.2779
36.407467 108.012 -163.5686
36.671291 108.014 -163.8492
36.937027 108.015 -164.1179
37.204689 108.018 -164.3767
37.474289 108.022 -164.6312
37.745842 108.028 -164.8884
38.019363 108.034 -165.1543
38.294868 108.041 -165.4314
38.572369 108.045 -165.7171
38.851879 108.048 -166.0053
39.133415 108.049 -166.2880
39.416992 108.049 -166.5587
39.702625 108.049 -166.8158
39.990326 108.050 -167.0631
40.280113 108.055 -167.3090
40.571999 108.061 -167.5634
40.866001 108.069 -167.8341
41.162132 108.076 -168.1238
41.460411 108.081 -168.4294
41.760849 108.083 -168.7430
42.063465 108.081 -169.0553
42.368275 108.077 -169.3577
42.675293 108.070 -169.6447
42.984535 108.062 -169.9137
43.296021 108.053 -170.1643
43.609760 108.043 -170.3963
43.925774 108.033 -170.6093
44.244080 108.023 -170.8027
44.564690 108.015 -170.9765
44.887623 108.008 -171.1331
45.212898 108.004 -171.2780
45.540531 108.003 -171.4194
45.870537 108.006 -171.5676
46.202934 108.012 -171.7333
46.537739 108.019 -171.9249
46.874969 108.027 -172.1474
47.214645 108.034 -172.4001
47.556782 108.038 -172.6769
47.901398 108.039 -172.9681
48.248512 108.036 -173.2630
48.598141 108.031 -173.5537
48.950302 108.026 -173.8370
49.305016 108.020 -174.1139
49.662300 108.016 -174.3877
50.022175 108.012 -174.6607
50.384655 108.009 -174.9332
50.749763 108.006 -175.2047
51.117516 108.003 -175.4756
51.487934 107.999 -175.7478
51.861038 107.992 -176.0205
52.236843 107.982 -176.2854
52.615372 107.964 -176.5239
52.996643 107.941 -176.7100
53.380680 107.915 -176.8220
53.767498 107.891 -176.8548
54.157120 107.875 -176.8262
54.549564 107.869 -176.7729
54.944855 107.873 -176.7369
55.343006 107.885 -176.7536
55.744045 107.901 -176.8472
56.147991 107.916 -177.0332
56.554863 107.926 -177.3209
56.964684 107.926 -177.7079
57.377472 107.909 -178.1728
57.793251 107.872 -178.6730
58.212044 107.816 -179.1539
58.633873 107.745 -179.5661
59.058758 107.668 -179.8824
59.486721 107.596 179.8935
59.917786 107.537 179.7249
60.351974 107.496 179.5485
60.789310 107.470 179.2946
61.229816 107.449 178.9232
61.673512 107.419 178.4611
62.120422 107.372 178.0089
62.570572 107.311 177.6960
63.023983 107.257 177.5981
63.480682 107.233 177.6713
63.940689 107.250 177.7693
64.404030 107.299 177.7425
64.870728 107.359 177.5345
65.340805 107.414 177.1935
65.814293 107.459 176.8058
66.291214 107.497 176.4271
66.771591 107.529 176.0676
67.255447 107.555 175.7273
67.742805 107.571 175.4285
68.233696 107.576 175.2102
68.728142 107.577 175.0946
69.226173 107.582 175.0628
69.727814 107.595 175.0606
70.233093 107.613 175.0275
70.742035 107.631 174.9234
71.254662 107.643 174.7397
71.771004 107.643 174.4966
72.291084 107.632 174.2302
72.814934 107.614 173.9753
73.342583 107.594 173.7454
73.874054 107.579 173.5238
74.409378 107.571 173.2765
74.948578 107.565 172.9835
75.491684 107.557 172.6622
76.038727 107.542 172.3589
76.589737 107.522 172.1157
77.144737 107.501 171.9473
77.703758 107.477 171.8464
78.266830 107.452 171.8041
78.833984 107.421 171.8167
79.405251 107.387 171.8811
79.980652 107.348 171.9954
80.560226 107.307 172.1620
81.143997 107.272 172.3790
81.732002 107.250 172.6260
82.324265 107.250 172.8668
82.920822 107.279 173.0553
83.521698 107.339 173.1205
84.126930 107.424 172.9652
84.736549 107.511 172.5287
85.350586 107.571 171.8657
85.969070 107.582 171.1440
86.592041 107.542 170.5512
87.219521 107.456 170.2004
87.851547 107.332 170.1081
88.488159 107.173 170.2334
89.129379 106.973 170.5309
89.775246 106.730 170.9746
90.425797 106.442 171.5633
91.081062 106.115 172.3375
91.741074 105.770 173.3689
92.405869 105.456 174.6315
93.075478 105.236 175.8458
93.749939 105.151 176.5674
94.429291 105.207 176.4844
95.113564 105.378 175.5468
95.802795 105.623 173.8914
96.497025 105.891 171.7977
97.196281 106.141 169.6448
97.900604 106.359 167.7690
98.610031 106.542 166.3459
99.324600 106.685 165.4080
100.044350 106.785 164.9113
100.769310 106.843 164.7568
101.499527 106.863 164.8038
102.235031 106.851 164.9089
102.975868 106.814 164.9547
103.722076 106.763 164.8679
104.473686 106.710 164.6385
105.230743 106.668 164.3148
105.993286 106.645 163.9637
106.761360 106.644 163.6511
107.534996 106.654 163.4561
108.314240 106.663 163.4461
109.099129 106.662 163.6136
109.889709 106.641 163.8687
110.686012 106.598 164.0902
111.488091 106.543 164.1457
112.295982 106.508 163.8819
113.109726 106.537 163.1449
113.929367 106.684 161.8309
114.754944 106.985 159.9493
115.586502 107.444 157.6401
116.424088 108.020 155.0974
117.267746 108.630 152.4861
118.117516 109.171 149.9359
118.973442 109.540 147.6426
119.835571 109.666 146.0145
120.703949 109.537 145.5875
121.578621 109.211 146.5997
122.459633 108.773 148.6826
123.347023 108.288 151.1000
124.240845 107.786 153.2134
125.141144 107.274 154.7232
126.047966 106.760 155.6613
126.961365 106.277 156.2238
127.881378 105.874 156.5629
128.808060 105.588 156.6963
129.741455 105.420 156.6447
130.681610 105.338 156.5773
131.628586 105.315 156.6917
132.582428 105.333 157.0152
133.543182 105.377 157.4189
134.510895 105.429 157.7587
135.485611 105.476 157.9502
136.467392 105.512 157.9788
137.456284 105.535 157.8884
138.452347 105.552 157.7488
139.455627 105.570 157.6064
140.466187 105.592 157.4491
141.484070 105.613 157.2394
142.509323 105.621 156.9811
143.542007 105.610 156.7314
144.582169 105.582 156.5499
145.629868 105.541 156.4575
146.685165 105.494 156.4415
147.748108 105.444 156.4835
148.818756 105.393 156.5652
149.897156 105.344 156.6605
150.983368 105.296 156.7463
152.077454 105.250 156.8172
153.179474 105.207 156.8781
154.289474 105.168 156.9299
155.407516 105.132 156.9678
156.533661 105.096 156.9841
157.667969 105.060 156.9721
158.810501 105.022 156.9305
159.961304 104.983 156.8666
161.120453 104.946 156.7966
162.287994 104.912 156.7432
163.464005 104.882 156.7280
164.648529 104.854 156.7634
165.841644 104.825 156.8473
167.043396 104.795 156.9581
168.253860 104.763 157.0538
169.473099 104.729 157.0764
170.701172 104.694 156.9769
171.938141 104.654 156.7573
173.184082 104.610 156.4792
174.439041 104.564 156.2168
175.703094 104.522 156.0107
176.976318 104.487 155.8692
178.258759 104.456 155.7833
179.550491 104.428 155.7342
180.851593 104.400 155.6973
182.162125 104.370 155.6512
183.482147 104.335 155.5891
184.811737 104.296 155.5238
186.150955 104.255 155.4825
187.499878 104.216 155.4910
188.858582 104.181 155.5655
190.227127 104.152 155.7141
191.605591 104.131 155.9271
192.994049 104.115 156.1628
194.392563 104.103 156.3538
195.801208 104.086 156.4409
197.220062 104.061 156.4116
198.649200 104.027 156.2986
200.088699 103.987 156.1484
201.538620 103.947 156.0025
202.999054 103.910 155.8902
204.470062 103.879 155.8210
205.951736 103.853 155.7808
207.444153 103.831 155.7424
208.947372 103.810 155.6820
210.461487 103.787 155.5926
211.986572 103.760 155.4869
213.522720 103.727 155.3876
215.069992 103.688 155.3145
216.628479 103.647 155.2765
218.198257 103.606 155.2698
219.779419 103.566 155.2841
221.372025 103.528 155.3075
222.976181 103.492 155.3304
224.591965 103.456 155.3473
226.219452 103.420 155.3575
227.858734 103.382 155.3645
229.509888 103.344 155.3713
231.173004 103.306 155.3767
232.848175 103.268 155.3751
234.535492 103.231 155.3597
236.235031 103.195 155.3258
237.946884 103.159 155.2749
239.671143 103.124 155.2156
241.407898 103.089 155.1630
243.157242 103.056 155.1346
244.919266 103.021 155.1443
246.694046 102.986 155.1953
248.481689 102.950 155.2772
250.282288 102.913 155.3719
252.095932 102.879 155.4631
253.922729 102.847 155.5433
255.762756 102.818 155.6137
257.616119 102.790 155.6790
259.482910 102.759 155.7428
261.363220 102.723 155.8046
263.257172 102.684 155.8621
265.164856 102.644 155.9153
267.086365 102.602 155.9677
269.021790 102.561 156.0224
270.971222 102.521 156.0799
272.934784 102.482 156.1394
274.912567 102.444 156.2023
276.904694 102.408 156.2726
278.911255 102.374 156.3534
280.932373 102.341 156.4451
282.968140 102.310 156.5448
285.018646 102.280 156.6450
287.084015 102.252 156.7354
289.164337 102.225 156.8067
291.259735 102.198 156.8542
293.370331 102.170 156.8807
295.496216 102.139 156.8961
297.637512 102.107 156.9120
299.794312 102.072 156.9378
301.966736 102.035 156.9792
304.154907 101.998 157.0384
306.358948 101.961 157.1125
308.578949 101.925 157.1934
310.815033 101.889 157.2731
313.067322 101.853 157.3482
315.335938 101.817 157.4219
317.621002 101.780 157.5004
319.922607 101.743 157.5886
322.240906 101.705 157.6882
324.575989 101.668 157.7977
326.928009 101.632 157.9152
329.297058 101.598 158.0389
331.683289 101.564 158.1675
334.086792 101.531 158.2997
336.507721 101.500 158.4334
338.946198 101.468 158.5663
341.402344 101.437 158.6973
343.876282 101.405 158.8270
346.368164 101.372 158.9566
348.878082 101.338 159.0869
351.406189 101.304 159.2183
353.952637 101.270 159.3511
356.517517 101.237 159.4849
359.100983 101.204 159.6189
361.703186 101.171 159.7527
364.324249 101.138 159.8878
366.964294 101.104 160.0262
369.623474 101.069 160.1702
372.301910 101.036 160.3208
374.999756 101.002 160.4773
377.717163 100.970 160.6377
380.454254 100.938 160.8000
383.211182 100.908 160.9642
385.988098 100.878 161.1314
388.785126 100.849 161.3015
391.602417 100.820 161.4722
394.440125 100.790 161.6410
397.298401 100.761 161.8085
400.177399 100.731 161.9777
403.077240 100.702 162.1514
405.998108 100.673 162.3304
408.940125 100.644 162.5142
411.903473 100.615 162.7015
414.888306 100.586 162.8923
417.894745 100.558 163.0870
420.922974 100.530 163.2865
423.973145 100.503 163.4924
427.045441 100.478 163.7059
430.139984 100.453 163.9263
433.256958 100.430 164.1500
436.396515 100.407 164.3727
439.558838 100.384 164.5927
442.744049 100.363 164.8091
445.952362 100.342 165.0203
449.183929 100.323 165.2216
452.438904 100.305 165.4063
455.717468 100.287 165.5701
459.019775 100.267 165.7162
462.346008 100.244 165.8558
465.696350 100.218 166.0014
469.070984 100.191 166.1613
472.470062 100.163 166.3374
475.893768 100.135 166.5268
479.342285 100.108 166.7232
482.815796 100.082 166.9209
486.314484 100.055 167.1192
489.838531 100.026 167.3247
493.388092 99.998 167.5469
496.963379 99.969 167.7889
500.564575 99.942 168.0441
504.191864 99.917 168.3021
507.845459 99.893 168.5552
511.525513 99.869 168.8024
515.232239 99.846 169.0459
518.965820 99.822 169.2898
522.726440 99.798 169.5384
526.514343 99.773 169.7957
530.329712 99.749 170.0635
534.172729 99.726 170.3400
538.043579 99.705 170.6210
541.942444 99.685 170.9040
545.869568 99.665 171.1887
549.825134 99.646 171.4749
553.809387 99.629 171.7609
557.822510 99.612 172.0435
561.864746 99.595 172.3206
565.936279 99.579 172.5934
570.037292 99.561 172.8657
574.168030 99.544 173.1417
578.328674 99.526 173.4238
582.519470 99.509 173.7122
586.740662 99.492 174.0067
590.992432 99.474 174.3096
595.275024 99.457 174.6234
599.588623 99.441 174.9464
603.933472 99.425 175.2730
608.309814 99.411 175.5975
612.717896 99.398 175.9180
617.157898 99.385 176.2370
621.630066 99.372 176.5613
626.134644 99.359 176.8985
630.671875 99.347 177.2520
635.242004 99.337 177.6189
639.845215 99.329 177.9932
644.481812 99.322 178.3717
649.151978 99.318 178.7544
653.856018 99.316 179.1393
658.594116 99.317 179.5198
663.366577 99.321 179.8856
668.173584 99.327 -179.7717
673.015442 99.332 -179.4525
677.892395 99.336 -179.1497
682.804688 99.338 -178.8539
687.752563 99.339 -178.5567
692.736328 99.338 -178.2511
697.756165 99.336 -177.9324
702.812378 99.333 -177.5999
707.905273 99.332 -177.2564
713.035034 99.332 -176.9063
718.201965 99.333 -176.5527
723.406372 99.334 -176.1966
728.648499 99.337 -175.8378
733.928589 99.340 -175.4761
739.246948 99.343 -175.1113
744.603821 99.347 -174.7425
749.999512 99.352 -174.3687
755.434326 99.357 -173.9885
760.908508 99.364 -173.6015
766.422363 99.373 -173.2088
771.976196 99.382 -172.8124
777.570251 99.393 -172.4140
783.204834 99.405 -172.0143
788.880249 99.417 -171.6112
794.596802 99.432 -171.2007
800.354797 99.448 -170.7801
806.154480 99.467 -170.3515
811.996216 99.489 -169.9219
817.880249 99.516 -169.5008
823.806946 99.546 -169.0983
829.776611 99.578 -168.7227
835.789490 99.611 -168.3757
841.845947 99.642 -168.0491
847.946289 99.672 -167.7313
854.090881 99.701 -167.4139
860.279968 99.729 -167.0932
866.513916 99.756 -166.7665
872.793030 99.783 -166.4304
879.117676 99.811 -166.0853
885.488098 99.841 -165.7357
891.904724 99.871 -165.3859
898.367859 99.902 -165.0361
904.877808 99.934 -164.6837
911.434937 99.966 -164.3274
918.039551 100.001 -163.9683
924.692017 100.037 -163.6097
931.392700 100.076 -163.2562
938.141968 100.116 -162.9124
944.940125 100.158 -162.5800
951.787537 100.201 -162.2572
958.684570 100.244 -161.9406
965.631592 100.287 -161.6267
972.628967 100.330 -161.3132
979.677063 100.373 -160.9999
986.776184 100.417 -160.6879
993.926758 100.461 -160.3760
1001.129150 100.506 -160.0599
1008.383728 100.553 -159.7357
1015.690918 100.602 -159.4047
1023.051025 100.655 -159.0726
1030.464478 100.711 -158.7476
1037.931641 100.772 -158.4411
1045.452881 100.836 -158.1645
1053.028687 100.901 -157.9222
1060.659424 100.964 -157.7100
1068.345459 101.026 -157.5189
1076.087158 101.086 -157.3389
1083.884888 101.143 -157.1630
1091.739136 101.200 -156.9889
1099.650269 101.257 -156.8169
1107.618774 101.312 -156.6470
1115.645020 101.367 -156.4783
1123.729492 101.422 -156.3089
1131.872559 101.477 -156.1375
1140.074585 101.532 -155.9627
1148.336060 101.588 -155.7843
1156.657349 101.645 -155.6028
1165.038940 101.704 -155.4186
1173.481323 101.764 -155.2326
1181.984863 101.827 -155.0473
1190.550049 101.894 -154.8702
1199.177246 101.964 -154.7134
1207.866943 102.036 -154.5891
1216.619629 102.107 -154.5028
1225.435791 102.177 -154.4501
1234.315796 102.243 -154.4213
1243.260132 102.306 -154.4060
1252.269287 102.365 -154.3947
1261.343750 102.422 -154.3818
1270.484009 102.477 -154.3649
1279.690430 102.530 -154.3419
1288.963623 102.582 -154.3114
1298.303955 102.633 -154.2739
1307.712036 102.685 -154.2316
1317.188232 102.736 -154.1877
1326.733154 102.788 -154.1437
1336.347168 102.839 -154.0989
1346.030884 102.890 -154.0508
1355.784790 102.940 -153.9961
1365.609375 102.989 -153.9317
1375.505127 103.038 -153.8536
1385.472656 103.087 -153.7579
1395.512329 103.139 -153.6440
1405.624756 103.194 -153.5172
1415.810547 103.254 -153.3890
1426.070068 103.318 -153.2734
1436.403931 103.385 -153.1792
1446.812744 103.452 -153.1069
1457.296997 103.519 -153.0518
1467.857178 103.586 -153.0094
1478.493896 103.652 -152.9764
1489.207642 103.718 -152.9495
1499.999023 103.784 -152.9248
1510.868652 103.849 -152.8986
1521.817017 103.915 -152.8678
1532.844727 103.982 -152.8304
1543.952393 104.049 -152.7852
1555.140503 104.119 -152.7329
1566.409668 104.193 -152.6785
1577.760498 104.272 -152.6338
1589.193604 104.354 -152.6137
1600.709595 104.439 -152.6281
1612.308960 104.525 -152.6777
1623.992432 104.610 -152.7571
1635.760498 104.694 -152.8581
1647.613892 104.776 -152.9743
1659.553223 104.857 -153.1010
1671.578979 104.937 -153.2355
1683.691895 105.016 -153.3778
1695.892578 105.095 -153.5303
1708.181763 105.174 -153.6950
1720.559937 105.251 -153.8716
1733.027832 105.328 -154.0567
1745.586060 105.404 -154.2448
1758.235352 105.479 -154.4296
1770.976196 105.554 -154.6066
1783.809448 105.632 -154.7777
1796.735718 105.713 -154.9528
1809.755615 105.797 -155.1467
1822.869873 105.885 -155.3708
1836.079102 105.973 -155.6289
1849.384033 106.061 -155.9197
1862.785400 106.148 -156.2398
1876.283936 106.232 -156.5849
1889.880249 106.315 -156.9500
1903.575073 106.395 -157.3301
1917.369141 106.474 -157.7204
1931.263184 106.552 -158.1177
1945.257935 106.631 -158.5228
1959.354126 106.712 -158.9443
1973.552368 106.793 -159.3950
1987.853516 106.874 -159.8854
2002.258301 106.953 -160.4183
2016.767456 107.028 -160.9902
2031.381836 107.098 -161.5951
2046.102051 107.163 -162.2258
2060.928955 107.223 -162.8766
2075.863281 107.278 -163.5439
2090.905762 107.326 -164.2261
2106.057373 107.369 -164.9200
2121.318848 107.404 -165.6189
2136.690918 107.432 -166.3121
2152.174316 107.454 -166.9867
2167.769775 107.470 -167.6341
2183.478271 107.484 -168.2541
2199.300537 107.496 -168.8520
2215.237549 107.506 -169.4317
2231.290039 107.514 -169.9937
2247.458984 107.522 -170.5370
2263.745117 107.529 -171.0606
2280.149170 107.537 -171.5650
2296.672119 107.547 -172.0529
2313.314697 107.560 -172.5302
2330.077881 107.577 -173.0081
2346.962646 107.600 -173.5038
2363.969727 107.625 -174.0356
2381.100098 107.651 -174.6157
2398.354492 107.675 -175.2470
2415.733887 107.694 -175.9243
2433.239258 107.706 -176.6372
2450.871582 107.709 -177.3744
2468.631592 107.705 -178.1247
2486.520264 107.691 -178.8767
2504.538574 107.668 -179.6164
2522.687500 107.636 179.6725
2540.968018 107.596 179.0052
2559.380859 107.553 178.3896
2577.927246 107.508 177.8225
2596.607910 107.463 177.2953
2615.424072 107.419 176.7982
2634.376465 107.377 176.3227
2653.466309 107.336 175.8629
2672.694336 107.296 175.4156
2692.061768 107.257 174.9792
2711.569580 107.219 174.5515
2731.218750 107.184 174.1252
2751.010254 107.150 173.6903
2770.945312 107.117 173.2383
2791.024658 107.084 172.7652
2811.249512 107.048 172.2714
2831.621094 107.009 171.7591
2852.140137 106.966 171.2307
2872.807861 106.918 170.6902
2893.625488 106.864 170.1462
2914.593994 106.802 169.6124
2935.714355 106.734 169.1028
2956.987793 106.660 168.6253
2978.415283 106.583 168.1806
2999.998047 106.501 167.7667
3021.737305 106.417 167.3826
3043.634033 106.329 167.0310
3065.689453 106.239 166.7188
3087.904785 106.147 166.4542
3110.281006 106.055 166.2399
3132.819336 105.966 166.0700
3155.520996 105.880 165.9323
3178.387207 105.798 165.8136
3201.419189 105.720 165.7028
3224.617920 105.644 165.5913
3247.984863 105.569 165.4735
3271.520996 105.493 165.3491
3295.227783 105.414 165.2265
3319.106445 105.331 165.1199
3343.157959 105.245 165.0419
3367.383789 105.157 165.0001
3391.785156 105.068 164.9977
3416.363525 104.979 165.0369
3441.119873 104.891 165.1205
3466.055664 104.805 165.2523
3491.172119 104.724 165.4326
3516.470703 104.650 165.6534
3541.952393 104.584 165.8984
3567.618896 104.528 166.1489
3593.471436 104.479 166.3873
3619.511230 104.438 166.5997
3645.739746 104.400 166.7772
3672.158203 104.364 166.9199
3698.768066 104.328 167.0371
3725.570801 104.291 167.1400
3752.567871 104.254 167.2346
3779.760498 104.216 167.3216
3807.150146 104.178 167.3994
3834.738281 104.139 167.4709
3862.526367 104.098 167.5446
3890.515869 104.057 167.6291
3918.708252 104.016 167.7261
3947.104736 103.978 167.8306
3975.707031 103.943 167.9329
4004.516602 103.911 168.0209
4033.534912 103.880 168.0840
4062.763672 103.850 168.1180
4092.204102 103.817 168.1273
4121.857910 103.782 168.1182
4151.726562 103.744 168.0939
4181.811523 103.703 168.0556
4212.114746 103.658 168.0068
4242.637695 103.607 167.9576
4273.381836 103.552 167.9213
4304.348633 103.493 167.9071
4335.539551 103.431 167.9167
4366.956543 103.369 167.9457
4398.601074 103.306 167.9852
4430.475098 103.242 168.0262
4462.580078 103.176 168.0661
4494.917969 103.106 168.1092
4527.490234 103.034 168.1613
4560.298340 102.957 168.2258
4593.344238 102.876 168.3063
4626.629395 102.789 168.4115
4660.155762 102.697 168.5558
4693.925293 102.602 168.7528
4727.939453 102.504 169.0109
4762.200195 102.406 169.3301
4796.708984 102.311 169.7031
4831.467773 102.219 170.1200
4866.478516 102.131 170.5753
4901.743164 102.046 171.0675
4937.263184 101.966 171.5942
4973.040527 101.890 172.1510
5009.077148 101.819 172.7354
5045.375000 101.751 173.3499
5081.936035 101.688 173.9984
5118.761719 101.631 174.6807
5155.854492 101.583 175.3883
5193.215820 101.545 176.1038
5230.848145 101.517 176.8055
5268.752930 101.498 177.4746
5306.932617 101.487 178.0960
5345.388672 101.480 178.6566
5384.123535 101.474 179.1485
5423.139160 101.466 179.5751
5462.437500 101.451 179.9519
5502.020508 101.427 -179.6990
5541.890625 101.395 -179.3550
5582.049316 101.354 -178.9977
5622.499023 101.306 -178.6125
5663.242188 101.250 -178.1854
5704.280273 101.189 -177.7046
5745.615723 101.124 -177.1636
5787.250977 101.057 -176.5594
5829.187988 100.988 -175.8871
5871.428711 100.919 -175.1380
5913.975586 100.852 -174.3033
5956.830566 100.789 -173.3790
5999.996094 100.735 -172.3697
6043.474609 100.690 -171.2853
6087.268066 100.658 -170.1404
6131.378906 100.638 -168.9552
6175.809570 100.631 -167.7518
6220.562012 100.635 -166.5455
6265.638672 100.649 -165.3409
6311.041992 100.672 -164.1344
6356.774414 100.703 -162.9203
6402.838379 100.743 -161.6952
6449.235840 100.790 -160.4563
6495.969727 100.847 -159.2029
6543.041992 100.914 -157.9364
6590.455566 100.991 -156.6581
6638.212891 101.078 -155.3656
6686.315918 101.177 -154.0528
6734.767578 101.289 -152.7145
6783.570312 101.417 -151.3507
6832.727051 101.562 -149.9674
6882.239746 101.729 -148.5773
6932.111328 101.919 -147.2000
6982.344238 102.133 -145.8585
7032.941406 102.371 -144.5739
7083.904785 102.635 -143.3634
7135.237793 102.924 -142.2435
7186.942871 103.240 -141.2335
7239.022461 103.583 -140.3577
7291.479492 103.953 -139.6478
7344.316406 104.351 -139.1433
7397.536133 104.773 -138.8867
7451.141602 105.217 -138.9187
7505.135742 105.676 -139.2777
7559.520996 106.146 -140.0018
7614.300293 106.617 -141.1277
7669.476562 107.079 -142.6875
7725.052734 107.520 -144.7044
7781.031738 107.924 -147.1816
7837.416504 108.273 -150.0923
7894.209473 108.551 -153.3743
7951.414062 108.747 -156.9340
8009.033203 108.850 -160.6538
8067.069824 108.858 -164.4034
8125.527344 108.774 -168.0558
8184.408203 108.605 -171.4980
8243.715820 108.362 -174.6363
8303.453125 108.057 -177.3982
8363.623047 107.704 -179.7335
8424.229492 107.317 178.3867
8485.275391 106.912 176.9690
8546.763672 106.501 175.9972
8608.697266 106.097 175.4375
8671.079102 105.706 175.2494
8733.913086 105.337 175.3936
8797.202148 104.991 175.8372
8860.950195 104.675 176.5529
8925.160156 104.391 177.5125
8989.835938 104.143 178.6807
9054.980469 103.936 -179.9817
9120.596680 103.770 -178.5138
9186.688477 103.647 -176.9507
9253.258789 103.568 -175.3217
9320.311523 103.535 -173.6563
9387.850586 103.550 -171.9898
9455.878906 103.615 -170.3634
9524.400391 103.731 -168.8233
9593.417969 103.900 -167.4209
9662.935547 104.122 -166.2170
9732.957031 104.395 -165.2889
9803.486328 104.715 -164.7285
9874.526367 105.070 -164.6286
9946.081055 105.444 -165.0634
10018.154297 105.819 -166.0727
10090.750000 106.173 -167.6573
10163.872070 106.489 -169.7858
10237.523438 106.749 -172.4017
10311.708984 106.940 -175.4280
10386.431641 107.048 -178.7689
10461.696289 107.066 177.6874
10537.505859 106.990 174.0596
10613.865234 106.820 170.4618
10690.777344 106.561 166.9966
10768.247070 106.217 163.7534
10846.278320 105.794 160.8137
10924.875000 105.300 158.2558
11004.041016 104.741 156.1560
11083.781250 104.129 154.5887
11164.098633 103.473 153.6271
11244.998047 102.787 153.3447
11326.484375 102.088 153.8106
11408.560547 101.399 155.0729
11491.231445 100.747 157.1326
11574.501953 100.162 159.9168
11658.375977 99.672 163.2704
11742.857422 99.297 166.9695
11827.951172 99.048 170.7567
11913.661133 98.919 174.3860
11999.992188 98.893 177.6665
12086.949219 98.948 -179.5141
12174.536133 99.059 -177.1958
12262.757812 99.205 -175.3732
12351.619141 99.368 -174.0232
12441.124023 99.533 -173.1176
12531.277344 99.686 -172.6232
12622.083984 99.815 -172.4961
12713.548828 99.908 -172.6760
12805.676758 99.952 -173.0788
12898.471680 99.939 -173.5900
12991.939453 99.866 -174.0676
13086.083984 99.739 -174.3607
13180.911133 99.569 -174.3361
13276.425781 99.378 -173.8992
13372.631836 99.188 -173.0045
13469.535156 99.026 -171.6629
13567.140625 98.915 -169.9512
13665.454102 98.876 -168.0130
13764.479492 98.918 -166.0367
13864.222656 99.039 -164.2155
13964.688477 99.227 -162.7104
14065.882812 99.466 -161.6297
14167.809570 99.734 -161.0258
14270.475586 100.013 -160.9044
14373.885742 100.290 -161.2431
14478.044922 100.551 -162.0083
14582.958984 100.786 -163.1618
14688.632812 100.987 -164.6598
14795.072266 101.144 -166.4538
14902.283203 101.251 -168.4877
15010.271484 101.300 -170.6896
15119.041992 101.287 -172.9681
15228.600586 101.213 -175.2221
15338.953125 101.086 -177.3587
15450.105469 100.918 -179.3130
15562.063477 100.722 178.9424
15674.833008 100.510 177.4054
15788.418945 100.293 176.0667
15902.828125 100.081 174.9240
16018.066406 99.890 173.9631
16134.139648 99.741 173.1162
16251.054688 99.654 172.2336
16368.816406 99.637 171.0910
16487.431641 99.678 169.4337
16606.906250 99.741 167.0534
16727.246094 99.771 163.8704
16848.458984 99.714 159.9729
16970.550781 99.524 155.5896
17093.527344 99.179 151.0198
17217.394531 98.675 146.5598
17342.158203 98.024 142.4520
17467.826172 97.248 138.8686
17594.404297 96.369 135.9248
17721.900391 95.408 133.7029
17850.320312 94.385 132.2682
17979.671875 93.321 131.6730
18109.960938 92.239 131.9427
18241.193359 91.164 133.0465
18373.376953 90.125 134.8746
18506.517578 89.148 137.2440
18640.623047 88.248 139.9381
18775.701172 87.432 142.7566
18911.757812 86.696 145.5463
19048.800781 86.028 148.2050
19186.835938 85.416 150.6769
19325.871094 84.849 152.9425
19465.914062 84.326 154.9915
19606.972656 83.857 156.7912
19749.052734 83.465 158.2705
19892.162109 83.179 159.3330
20036.308594 83.027 159.8898
