* Measurement data measured by REW V5.30.5
* Source: EXCL: Microphone (Realtek(R) Audio), MICROPHONE (Master Volume), L, volume: 1.000
* Format: 256k Log Swept Sine, 1 sweep at -16.0 dBFS with no timing reference
* Dated: Feb 1, 2024 11:30:07 AM
* REW Settings:
*  C-weighting compensation: Off
*  Target level: 75.0 dB
* Note: Simgot EA500LM Gold NoFoam L
* Measurement: R Feb 1 gold no foam
* Smoothing: 1/12 octave
* Frequency Step: 96 ppo
* Start Frequency: 0.36621094 Hz
*
* Freq(Hz) SPL(dB) Phase(degrees)
0.366211 74.912 -7.8223
0.368865 74.916 -7.8159
0.371538 74.922 -7.8063
0.374230 74.930 -7.7944
0.376942 74.939 -7.7809
0.379673 74.949 -7.7665
0.382424 74.959 -7.7513
0.385196 74.969 -7.7356
0.387987 74.980 -7.7196
0.390798 74.990 -7.7034
0.393630 75.001 -7.6868
0.396483 75.012 -7.6700
0.399356 75.023 -7.6530
0.402250 75.033 -7.6357
0.405165 75.044 -7.6182
0.408101 75.056 -7.6005
0.411058 75.067 -7.5824
0.414037 75.078 -7.5641
0.417037 75.089 -7.5456
0.420059 75.101 -7.5267
0.423103 75.112 -7.5076
0.426169 75.124 -7.4881
0.429257 75.136 -7.4684
0.432367 75.147 -7.4483
0.435501 75.159 -7.4279
0.438656 75.171 -7.4072
0.441835 75.183 -7.3862
0.445037 75.195 -7.3648
0.448262 75.207 -7.3430
0.451510 75.220 -7.3208
0.454782 75.232 -7.2983
0.458077 75.245 -7.2754
0.461397 75.257 -7.2520
0.464740 75.270 -7.2283
0.468108 75.283 -7.2041
0.471500 75.295 -7.1795
0.474917 75.308 -7.1545
0.478358 75.321 -7.1290
0.481825 75.334 -7.1030
0.485316 75.348 -7.0765
0.488833 75.361 -7.0496
0.492375 75.374 -7.0221
0.495943 75.388 -6.9941
0.499537 75.401 -6.9656
0.503157 75.415 -6.9366
0.506803 75.429 -6.9069
0.510475 75.443 -6.8767
0.514174 75.457 -6.8460
0.517900 75.471 -6.8146
0.521653 75.485 -6.7826
0.525433 75.499 -6.7500
0.529241 75.514 -6.7167
0.533076 75.528 -6.6828
0.536939 75.543 -6.6483
0.540830 75.558 -6.6130
0.544749 75.572 -6.5770
0.548696 75.587 -6.5404
0.552673 75.602 -6.5030
0.556677 75.617 -6.4648
0.560711 75.633 -6.4260
0.564774 75.648 -6.3863
0.568867 75.664 -6.3458
0.572989 75.679 -6.3046
0.577141 75.695 -6.2625
0.581324 75.711 -6.2197
0.585536 75.727 -6.1759
0.589779 75.743 -6.1313
0.594053 75.759 -6.0859
0.598358 75.775 -6.0395
0.602694 75.791 -5.9923
0.607061 75.808 -5.9441
0.611460 75.825 -5.8951
0.615891 75.841 -5.8450
0.620354 75.858 -5.7941
0.624849 75.875 -5.7421
0.629377 75.892 -5.6892
0.633938 75.910 -5.6353
0.638532 75.927 -5.5804
0.643159 75.945 -5.5245
0.647819 75.962 -5.4675
0.652514 75.980 -5.4096
0.657242 75.998 -5.3506
0.662005 76.016 -5.2905
0.666802 76.034 -5.2294
0.671634 76.052 -5.1673
0.676501 76.071 -5.1040
0.681403 76.089 -5.0397
0.686341 76.108 -4.9743
0.691314 76.127 -4.9079
0.696324 76.146 -4.8403
0.701369 76.165 -4.7716
0.706452 76.185 -4.7017
0.711571 76.206 -4.6307
0.716727 76.227 -4.5583
0.721921 76.250 -4.4846
0.727153 76.275 -4.4092
0.732422 76.303 -4.3319
0.737729 76.334 -4.2523
0.743075 76.367 -4.1702
0.748460 76.404 -4.0854
0.753883 76.442 -3.9978
0.759346 76.482 -3.9072
0.764849 76.523 -3.8137
0.770391 76.566 -3.7175
0.775974 76.610 -3.6185
0.781597 76.655 -3.5170
0.787261 76.701 -3.4131
0.792965 76.748 -3.3070
0.798712 76.796 -3.1987
0.804499 76.845 -3.0884
0.810329 76.895 -2.9764
0.816201 76.947 -2.8628
0.822116 76.999 -2.7478
0.828073 77.053 -2.6316
0.834073 77.107 -2.5143
0.840118 77.163 -2.3961
0.846205 77.220 -2.2773
0.852337 77.277 -2.1580
0.858514 77.336 -2.0385
0.864735 77.396 -1.9190
0.871001 77.457 -1.7996
0.877313 77.519 -1.6807
0.883670 77.582 -1.5623
0.890074 77.646 -1.4448
0.896523 77.711 -1.3284
0.903020 77.777 -1.2132
0.909564 77.844 -1.0996
0.916155 77.912 -0.9877
0.922793 77.981 -0.8779
0.929480 78.051 -0.7703
0.936216 78.122 -0.6652
0.943000 78.194 -0.5628
0.949833 78.267 -0.4633
0.956716 78.341 -0.3671
0.963649 78.415 -0.2744
0.970632 78.491 -0.1853
0.977666 78.567 -0.1002
0.984750 78.645 -0.0193
0.991886 78.723 0.0572
0.999074 78.802 0.1290
1.006313 78.881 0.1959
1.013605 78.962 0.2576
1.020950 79.043 0.3139
1.028349 79.125 0.3646
1.035801 79.207 0.4094
1.043306 79.290 0.4482
1.050867 79.374 0.4808
1.058482 79.459 0.5071
1.066152 79.544 0.5271
1.073878 79.629 0.5409
1.081659 79.716 0.5488
1.089498 79.803 0.5514
1.097393 79.891 0.5497
1.105345 79.980 0.5448
1.113355 80.070 0.5377
1.121422 80.161 0.5295
1.129549 80.254 0.5206
1.137734 80.349 0.5114
1.145978 80.445 0.5018
1.154283 80.542 0.4917
1.162647 80.641 0.4808
1.171072 80.741 0.4690
1.179558 80.843 0.4558
1.188106 80.946 0.4410
1.196715 81.051 0.4241
1.205387 81.157 0.4048
1.214122 81.264 0.3829
1.222920 81.373 0.3579
1.231781 81.483 0.3294
1.240708 81.594 0.2973
1.249698 81.706 0.2610
1.258754 81.819 0.2204
1.267875 81.933 0.1750
1.277063 82.049 0.1245
1.286317 82.165 0.0686
1.295638 82.282 0.0071
1.305027 82.400 -0.0605
1.314484 82.518 -0.1344
1.324009 82.637 -0.2150
1.333603 82.757 -0.3026
1.343267 82.877 -0.3974
1.353001 82.998 -0.4998
1.362805 83.119 -0.6100
1.372681 83.240 -0.7285
1.382628 83.362 -0.8554
1.392647 83.483 -0.9910
1.402739 83.605 -1.1355
1.412904 83.727 -1.2892
1.423142 83.848 -1.4521
1.433455 83.969 -1.6242
1.443842 84.090 -1.8051
1.454305 84.211 -1.9942
1.464843 84.332 -2.1908
1.475458 84.452 -2.3937
1.486150 84.573 -2.6017
1.496919 84.695 -2.8140
1.507766 84.816 -3.0301
1.518692 84.939 -3.2494
1.529697 85.061 -3.4720
1.540782 85.184 -3.6979
1.551947 85.307 -3.9270
1.563193 85.431 -4.1597
1.574521 85.555 -4.3960
1.585931 85.680 -4.6362
1.597423 85.805 -4.8805
1.608998 85.930 -5.1291
1.620658 86.055 -5.3822
1.632402 86.181 -5.6402
1.644231 86.307 -5.9031
1.656146 86.433 -6.1714
1.668147 86.559 -6.4452
1.680235 86.685 -6.7248
1.692410 86.812 -7.0105
1.704674 86.938 -7.3026
1.717027 87.064 -7.6012
1.729469 87.190 -7.9068
1.742002 87.316 -8.2195
1.754625 87.442 -8.5397
1.767340 87.568 -8.8677
1.780147 87.693 -9.2036
1.793046 87.818 -9.5476
1.806040 87.943 -9.8998
1.819127 88.067 -10.2601
1.832309 88.191 -10.6284
1.845587 88.315 -11.0041
1.858961 88.438 -11.3867
1.872431 88.561 -11.7759
1.886000 88.684 -12.1710
1.899666 88.806 -12.5716
1.913432 88.928 -12.9774
1.927298 89.049 -13.3879
1.941264 89.171 -13.8029
1.955331 89.291 -14.2220
1.969500 89.412 -14.6451
1.983772 89.532 -15.0720
1.998147 89.651 -15.5024
2.012626 89.771 -15.9362
2.027211 89.890 -16.3733
2.041901 90.008 -16.8136
2.056697 90.126 -17.2571
2.071601 90.244 -17.7036
2.086613 90.361 -18.1533
2.101733 90.478 -18.6061
2.116963 90.595 -19.0622
2.132303 90.711 -19.5217
2.147755 90.826 -19.9848
2.163318 90.941 -20.4518
2.178995 91.056 -20.9232
2.194785 91.170 -21.3994
2.210689 91.283 -21.8810
2.226709 91.396 -22.3683
2.242844 91.508 -22.8613
2.259097 91.619 -23.3600
2.275467 91.730 -23.8641
2.291956 91.839 -24.3731
2.308565 91.948 -24.8864
2.325294 92.056 -25.4035
2.342144 92.164 -25.9238
2.359116 92.270 -26.4467
2.376211 92.376 -26.9717
2.393430 92.481 -27.4983
2.410774 92.585 -28.0261
2.428243 92.689 -28.5545
2.445839 92.792 -29.0832
2.463562 92.895 -29.6119
2.481415 92.996 -30.1403
2.499396 93.098 -30.6685
2.517508 93.198 -31.1965
2.535750 93.298 -31.7247
2.554126 93.397 -32.2539
2.572634 93.496 -32.7849
2.591276 93.593 -33.3187
2.610054 93.690 -33.8560
2.628967 93.785 -34.3970
2.648018 93.880 -34.9417
2.667206 93.973 -35.4897
2.686534 94.066 -36.0404
2.706002 94.157 -36.5931
2.725610 94.248 -37.1470
2.745361 94.337 -37.7014
2.765255 94.426 -38.2554
2.785294 94.514 -38.8082
2.805477 94.602 -39.3591
2.825807 94.688 -39.9074
2.846284 94.774 -40.4526
2.866909 94.860 -40.9943
2.887684 94.944 -41.5323
2.908609 95.028 -42.0672
2.929686 95.111 -42.5994
2.950916 95.194 -43.1299
2.972299 95.275 -43.6598
2.993838 95.355 -44.1895
3.015532 95.435 -44.7195
3.037384 95.513 -45.2496
3.059394 95.590 -45.7794
3.081564 95.667 -46.3085
3.103894 95.743 -46.8361
3.126386 95.817 -47.3615
3.149041 95.892 -47.8840
3.171861 95.965 -48.4026
3.194845 96.038 -48.9169
3.217996 96.111 -49.4260
3.241315 96.184 -49.9296
3.264803 96.255 -50.4274
3.288461 96.327 -50.9197
3.312291 96.398 -51.4069
3.336293 96.468 -51.8895
3.360469 96.538 -52.3682
3.384820 96.607 -52.8435
3.409348 96.675 -53.3154
3.434054 96.743 -53.7839
3.458938 96.810 -54.2491
3.484003 96.877 -54.7105
3.509250 96.944 -55.1680
3.534679 97.010 -55.6212
3.560293 97.076 -56.0697
3.586092 97.143 -56.5131
3.612079 97.209 -56.9511
3.638253 97.276 -57.3835
3.664618 97.342 -57.8101
3.691173 97.409 -58.2311
3.717921 97.476 -58.6466
3.744862 97.542 -59.0570
3.771999 97.609 -59.4625
3.799332 97.675 -59.8638
3.826864 97.742 -60.2610
3.854595 97.809 -60.6548
3.882527 97.876 -61.0454
3.910661 97.943 -61.4333
3.938999 98.010 -61.8185
3.967543 98.079 -62.2013
3.996294 98.147 -62.5816
4.025252 98.216 -62.9592
4.054421 98.286 -63.3341
4.083801 98.356 -63.7060
4.113394 98.427 -64.0751
4.143201 98.498 -64.4417
4.173225 98.570 -64.8062
4.203466 98.642 -65.1695
4.233926 98.715 -65.5322
4.264606 98.788 -65.8950
4.295509 98.861 -66.2588
4.326636 98.935 -66.6240
4.357989 99.010 -66.9911
4.389569 99.085 -67.3600
4.421378 99.160 -67.7308
4.453417 99.236 -68.1033
4.485688 99.312 -68.4773
4.518193 99.389 -68.8530
4.550934 99.466 -69.2306
4.583912 99.544 -69.6105
4.617129 99.621 -69.9932
4.650587 99.699 -70.3793
4.684287 99.777 -70.7692
4.718231 99.855 -71.1634
4.752421 99.933 -71.5621
4.786859 100.010 -71.9654
4.821547 100.088 -72.3734
4.856485 100.166 -72.7857
4.891677 100.243 -73.2022
4.927125 100.321 -73.6226
4.962829 100.398 -74.0468
4.998791 100.475 -74.4745
5.035015 100.551 -74.9057
5.071500 100.627 -75.3405
5.108251 100.702 -75.7790
5.145267 100.776 -76.2214
5.182552 100.850 -76.6678
5.220107 100.923 -77.1180
5.257934 100.995 -77.5717
5.296035 101.067 -78.0283
5.334412 101.138 -78.4872
5.373067 101.208 -78.9476
5.412003 101.277 -79.4091
5.451221 101.346 -79.8712
5.490722 101.413 -80.3339
5.530510 101.480 -80.7972
5.570587 101.545 -81.2613
5.610953 101.610 -81.7259
5.651613 101.674 -82.1906
5.692567 101.737 -82.6549
5.733818 101.799 -83.1178
5.775367 101.860 -83.5789
5.817218 101.920 -84.0374
5.859372 101.980 -84.4932
5.901831 102.039 -84.9463
5.944598 102.097 -85.3966
5.987675 102.154 -85.8442
6.031065 102.211 -86.2890
6.074768 102.267 -86.7307
6.118788 102.323 -87.1690
6.163127 102.378 -87.6034
6.207788 102.433 -88.0339
6.252772 102.488 -88.4602
6.298082 102.542 -88.8824
6.343721 102.597 -89.3008
6.389690 102.651 -89.7157
6.435992 102.705 -90.1272
6.482630 102.758 -90.5357
6.529606 102.812 -90.9413
6.576922 102.866 -91.3441
6.624581 102.921 -91.7443
6.672585 102.975 -92.1421
6.720938 103.029 -92.5377
6.769640 103.084 -92.9317
6.818696 103.139 -93.3246
6.868107 103.194 -93.7169
6.917876 103.250 -94.1092
6.968006 103.305 -94.5018
7.018499 103.361 -94.8949
7.069358 103.417 -95.2888
7.120586 103.473 -95.6838
7.172184 103.530 -96.0802
7.224157 103.586 -96.4785
7.276506 103.643 -96.8791
7.329235 103.699 -97.2823
7.382345 103.755 -97.6884
7.435841 103.812 -98.0973
7.489724 103.868 -98.5091
7.543997 103.924 -98.9237
7.598664 103.979 -99.3413
7.653728 104.034 -99.7617
7.709189 104.089 -100.1851
7.765053 104.143 -100.6114
7.821322 104.197 -101.0403
7.877998 104.250 -101.4717
7.935086 104.302 -101.9051
7.992587 104.354 -102.3402
8.050504 104.405 -102.7767
8.108841 104.456 -103.2144
8.167601 104.505 -103.6530
8.226787 104.554 -104.0922
8.286402 104.602 -104.5316
8.346449 104.650 -104.9706
8.406931 104.696 -105.4089
8.467851 104.742 -105.8462
8.529212 104.788 -106.2822
8.591018 104.832 -106.7168
8.653272 104.876 -107.1497
8.715977 104.920 -107.5806
8.779137 104.963 -108.0092
8.842754 105.005 -108.4354
8.906833 105.047 -108.8591
8.971375 105.089 -109.2804
9.036386 105.130 -109.6993
9.101867 105.171 -110.1157
9.167823 105.212 -110.5297
9.234257 105.253 -110.9415
9.301172 105.294 -111.3511
9.368572 105.334 -111.7588
9.436460 105.375 -112.1649
9.504841 105.415 -112.5696
9.573717 105.455 -112.9732
9.643092 105.496 -113.3758
9.712970 105.536 -113.7778
9.783354 105.577 -114.1795
9.854248 105.617 -114.5812
9.925656 105.658 -114.9832
9.997581 105.698 -115.3857
10.070028 105.738 -115.7888
10.143000 105.779 -116.1929
10.216500 105.819 -116.5981
10.290533 105.859 -117.0045
10.365103 105.898 -117.4123
10.440212 105.938 -117.8215
10.515866 105.977 -118.2320
10.592069 106.016 -118.6438
10.668823 106.054 -119.0569
10.746134 106.092 -119.4711
10.824005 106.130 -119.8863
10.902440 106.167 -120.3022
10.981443 106.204 -120.7185
11.061020 106.240 -121.1350
11.141172 106.275 -121.5514
11.221906 106.310 -121.9674
11.303225 106.344 -122.3826
11.385133 106.378 -122.7966
11.467634 106.411 -123.2092
11.550734 106.443 -123.6201
11.634435 106.476 -124.0290
11.718742 106.507 -124.4357
11.803661 106.538 -124.8401
11.889195 106.569 -125.2420
11.975349 106.600 -125.6415
12.062128 106.631 -126.0386
12.149535 106.661 -126.4334
12.237576 106.691 -126.8262
12.326254 106.721 -127.2172
12.415575 106.751 -127.6068
12.505544 106.781 -127.9955
12.596164 106.812 -128.3835
12.687441 106.842 -128.7713
12.779379 106.872 -129.1594
12.871984 106.901 -129.5481
12.965260 106.931 -129.9378
13.059211 106.961 -130.3286
13.153843 106.990 -130.7208
13.249161 107.018 -131.1142
13.345170 107.047 -131.5089
13.441875 107.074 -131.9045
13.539280 107.101 -132.3006
13.637391 107.127 -132.6968
13.736214 107.153 -133.0926
13.835752 107.178 -133.4871
13.936011 107.202 -133.8799
14.036998 107.225 -134.2702
14.138716 107.247 -134.6576
14.241171 107.269 -135.0414
14.344368 107.291 -135.4213
14.448313 107.312 -135.7973
14.553011 107.333 -136.1694
14.658468 107.354 -136.5378
14.764689 107.375 -136.9030
14.871680 107.396 -137.2658
14.979446 107.418 -137.6270
15.087994 107.440 -137.9876
15.197328 107.462 -138.3486
15.307454 107.484 -138.7112
15.418378 107.506 -139.0763
15.530106 107.529 -139.4446
15.642643 107.551 -139.8167
15.755996 107.573 -140.1930
15.870171 107.594 -140.5734
15.985172 107.615 -140.9574
16.101007 107.635 -141.3443
16.217682 107.653 -141.7332
16.335201 107.671 -142.1227
16.453573 107.687 -142.5115
16.572803 107.702 -142.8979
16.692898 107.716 -143.2808
16.813862 107.729 -143.6586
16.935701 107.742 -144.0306
17.058424 107.754 -144.3961
17.182035 107.766 -144.7549
17.306543 107.778 -145.1075
17.431953 107.791 -145.4546
17.558273 107.804 -145.7975
17.685509 107.818 -146.1378
17.813665 107.833 -146.4775
17.942751 107.849 -146.8184
18.072771 107.866 -147.1624
18.203733 107.884 -147.5112
18.335646 107.901 -147.8661
18.468513 107.919 -148.2277
18.602345 107.937 -148.5963
18.737144 107.954 -148.9714
18.872921 107.970 -149.3522
19.009682 107.985 -149.7372
19.147434 107.999 -150.1244
19.286184 108.011 -150.5120
19.425940 108.022 -150.8978
19.566708 108.032 -151.2800
19.708496 108.041 -151.6568
19.851313 108.050 -152.0270
19.995163 108.057 -152.3898
20.140057 108.065 -152.7451
20.285999 108.072 -153.0930
20.433001 108.080 -153.4341
20.581066 108.088 -153.7697
20.730206 108.097 -154.1007
20.880424 108.107 -154.4286
21.031733 108.117 -154.7547
21.184137 108.128 -155.0801
21.337646 108.139 -155.4058
21.492268 108.150 -155.7327
21.648010 108.162 -156.0614
21.804880 108.174 -156.3924
21.962887 108.185 -156.7260
22.122040 108.196 -157.0623
22.282345 108.207 -157.4013
22.443811 108.217 -157.7426
22.606449 108.227 -158.0858
22.770266 108.235 -158.4298
22.935268 108.243 -158.7737
23.101467 108.249 -159.1159
23.268869 108.254 -159.4549
23.437485 108.257 -159.7894
23.607323 108.260 -160.1183
23.778391 108.263 -160.4410
23.950699 108.264 -160.7576
24.124256 108.266 -161.0692
24.299070 108.268 -161.3772
24.475151 108.269 -161.6836
24.652508 108.271 -161.9903
24.831150 108.272 -162.2986
25.011087 108.272 -162.6087
25.192327 108.271 -162.9194
25.374882 108.268 -163.2279
25.558758 108.264 -163.5300
25.743967 108.257 -163.8211
25.930519 108.250 -164.0964
26.118422 108.242 -164.3528
26.307686 108.235 -164.5894
26.498322 108.230 -164.8087
26.690340 108.229 -165.0166
26.883749 108.231 -165.2220
27.078560 108.239 -165.4359
27.274782 108.250 -165.6692
27.472427 108.264 -165.9313
27.671503 108.279 -166.2275
27.872023 108.293 -166.5587
28.073996 108.304 -166.9203
28.277431 108.310 -167.3036
28.482342 108.311 -167.6967
28.688736 108.307 -168.0872
28.896626 108.299 -168.4641
29.106022 108.288 -168.8201
29.316936 108.276 -169.1528
29.529379 108.265 -169.4644
29.743361 108.256 -169.7616
29.958893 108.250 -170.0530
30.175987 108.246 -170.3475
30.394655 108.244 -170.6515
30.614908 108.243 -170.9682
30.836756 108.241 -171.2969
31.060211 108.237 -171.6340
31.285286 108.233 -171.9742
31.511992 108.226 -172.3125
31.740341 108.219 -172.6454
31.970345 108.212 -172.9719
32.202015 108.204 -173.2931
32.435364 108.198 -173.6116
32.670403 108.192 -173.9300
32.907146 108.185 -174.2496
33.145607 108.179 -174.5704
33.385796 108.172 -174.8902
33.627724 108.163 -175.2057
33.871403 108.154 -175.5138
34.116848 108.145 -175.8122
34.364071 108.136 -176.1004
34.613087 108.127 -176.3793
34.863907 108.119 -176.6512
35.116547 108.111 -176.9183
35.371017 108.104 -177.1820
35.627331 108.096 -177.4418
35.885502 108.088 -177.6954
36.145542 108.079 -177.9392
36.407467 108.068 -178.1692
36.671291 108.058 -178.3825
36.937027 108.048 -178.5784
37.204689 108.039 -178.7591
37.474289 108.032 -178.9296
37.745842 108.027 -179.0970
38.019363 108.024 -179.2691
38.294868 108.021 -179.4527
38.572369 108.018 -179.6523
38.851879 108.013 -179.8698
39.133415 108.005 179.8965
39.416992 107.991 179.6517
39.702625 107.972 179.4042
39.990326 107.947 179.1662
40.280113 107.915 178.9525
40.571999 107.878 178.7792
40.866001 107.838 178.6602
41.162132 107.801 178.6009
41.460411 107.771 178.5929
41.760849 107.752 178.6108
42.063465 107.748 178.6141
42.368275 107.757 178.5553
42.675293 107.777 178.3940
42.984535 107.798 178.1093
43.296021 107.814 177.7060
43.609760 107.819 177.2138
43.925774 107.809 176.6766
44.244080 107.786 176.1393
44.564690 107.753 175.6351
44.887623 107.717 175.1785
45.212898 107.681 174.7666
45.540531 107.648 174.3873
45.870537 107.619 174.0282
46.202934 107.593 173.6827
46.537739 107.569 173.3507
46.874969 107.547 173.0349
47.214645 107.527 172.7368
47.556782 107.509 172.4571
47.901398 107.492 172.1979
48.248512 107.474 171.9659
48.598141 107.458 171.7701
48.950302 107.443 171.6164
49.305016 107.432 171.4998
49.662300 107.428 171.4024
50.022175 107.430 171.2990
50.384655 107.435 171.1668
50.749763 107.441 170.9947
51.117516 107.443 170.7848
51.487934 107.440 170.5462
51.861038 107.432 170.2868
52.236843 107.419 170.0085
52.615372 107.401 169.7096
52.996643 107.378 169.3917
53.380680 107.347 169.0636
53.767498 107.311 168.7409
54.157120 107.269 168.4395
54.549564 107.226 168.1682
54.944855 107.185 167.9260
55.343006 107.147 167.7041
55.744045 107.115 167.4910
56.147991 107.087 167.2772
56.554863 107.063 167.0569
56.964684 107.042 166.8292
57.377472 107.022 166.5964
57.793251 107.001 166.3640
58.212044 106.979 166.1396
58.633873 106.955 165.9316
59.058758 106.930 165.7468
59.486721 106.904 165.5865
59.917786 106.878 165.4459
60.351974 106.853 165.3129
60.789310 106.829 165.1719
61.229816 106.806 165.0072
61.673512 106.781 164.8046
62.120422 106.753 164.5534
62.570572 106.719 164.2498
63.023983 106.675 163.9047
63.480682 106.618 163.5502
63.940689 106.548 163.2365
64.404030 106.471 163.0143
64.870728 106.396 162.9092
65.340805 106.333 162.9050
65.814293 106.289 162.9498
66.291214 106.264 162.9825
66.771591 106.250 162.9623
67.255447 106.241 162.8819
67.742805 106.229 162.7626
68.233696 106.209 162.6390
68.728142 106.180 162.5440
69.226173 106.142 162.5011
69.727814 106.096 162.5240
70.233093 106.044 162.6205
70.742035 105.987 162.7955
71.254662 105.929 163.0473
71.771004 105.874 163.3622
72.291084 105.825 163.7125
72.814934 105.786 164.0621
73.342583 105.757 164.3728
73.874054 105.738 164.6077
74.409378 105.726 164.7366
74.948578 105.716 164.7515
75.491684 105.704 164.6795
76.038727 105.690 164.5732
76.589737 105.679 164.4726
77.144737 105.681 164.3702
77.703758 105.699 164.2176
78.266830 105.727 163.9711
78.833984 105.759 163.6277
79.405251 105.788 163.2170
79.980652 105.812 162.7700
80.560226 105.830 162.3055
81.143997 105.841 161.8415
81.732002 105.843 161.4024
82.324265 105.840 161.0080
82.920822 105.834 160.6617
83.521698 105.826 160.3549
84.126930 105.819 160.0733
84.736549 105.811 159.7992
85.350586 105.799 159.5206
85.969070 105.778 159.2531
86.592041 105.748 159.0390
87.219521 105.714 158.9075
87.851547 105.682 158.8370
88.488159 105.654 158.7737
89.129379 105.626 158.6825
89.775246 105.592 158.5621
90.425797 105.552 158.4181
91.081062 105.506 158.2450
91.741074 105.454 158.0374
92.405869 105.394 157.8005
93.075478 105.327 157.5483
93.749939 105.255 157.3026
94.429291 105.181 157.0925
95.113564 105.112 156.9390
95.802795 105.052 156.8385
96.497025 105.003 156.7710
97.196281 104.961 156.7235
97.900604 104.923 156.7002
98.610031 104.884 156.7093
99.324600 104.841 156.7490
100.044350 104.791 156.8055
100.769310 104.732 156.8596
101.499527 104.665 156.8889
102.235031 104.591 156.8668
102.975868 104.513 156.7669
103.722076 104.435 156.5747
104.473686 104.362 156.2939
105.230743 104.298 155.9478
105.993286 104.247 155.5849
106.761360 104.214 155.2795
107.534996 104.208 155.0948
108.314240 104.236 155.0201
109.099129 104.298 154.9700
109.889709 104.378 154.8632
110.686012 104.459 154.6744
111.488091 104.529 154.4208
112.295982 104.581 154.1461
113.109726 104.619 153.9003
113.929367 104.653 153.7041
114.754944 104.692 153.5523
115.586502 104.742 153.4459
116.424088 104.805 153.3858
117.267746 104.879 153.3480
118.117516 104.950 153.2826
118.973442 104.996 153.1514
119.835571 104.990 153.0024
120.703949 104.919 152.9760
121.578621 104.794 153.1788
122.459633 104.639 153.5764
123.347023 104.478 154.0355
124.240845 104.323 154.4211
125.141144 104.182 154.6528
126.047966 104.063 154.7185
126.961365 103.967 154.6565
127.881378 103.900 154.5252
128.808060 103.860 154.3767
129.741455 103.841 154.2434
130.681610 103.834 154.1441
131.628586 103.828 154.0933
132.582428 103.815 154.1030
133.543182 103.792 154.1772
134.510895 103.759 154.3050
135.485611 103.719 154.4620
136.467392 103.675 154.6172
137.456284 103.630 154.7356
138.452347 103.584 154.7787
139.455627 103.535 154.7217
140.466187 103.477 154.5768
141.484070 103.411 154.3942
142.509323 103.344 154.2271
143.542007 103.284 154.0959
144.582169 103.238 153.9895
145.629868 103.205 153.8953
146.685165 103.182 153.8204
147.748108 103.167 153.7777
148.818756 103.158 153.7585
149.897156 103.151 153.7295
150.983368 103.141 153.6590
152.077454 103.121 153.5461
153.179474 103.088 153.4304
154.289474 103.043 153.3611
155.407516 102.990 153.3625
156.533661 102.931 153.4420
157.667969 102.867 153.6079
158.810501 102.800 153.8490
159.961304 102.735 154.1212
161.120453 102.672 154.3781
162.287994 102.612 154.5958
163.464005 102.558 154.7657
164.648529 102.513 154.8754
165.841644 102.478 154.9091
167.043396 102.448 154.8690
168.253860 102.417 154.7820
169.473099 102.382 154.6848
170.701172 102.343 154.6055
171.938141 102.300 154.5603
173.184082 102.259 154.5480
174.439041 102.222 154.5528
175.703094 102.190 154.5600
176.976318 102.161 154.5698
178.258759 102.133 154.5931
179.550491 102.106 154.6363
180.851593 102.078 154.6922
182.162125 102.050 154.7435
183.482147 102.021 154.7761
184.811737 101.988 154.7947
186.150955 101.953 154.8193
187.499878 101.917 154.8666
188.858582 101.880 154.9409
190.227127 101.842 155.0387
191.605591 101.803 155.1536
192.994049 101.762 155.2767
194.392563 101.718 155.4032
195.801208 101.671 155.5361
197.220062 101.623 155.6815
198.649200 101.573 155.8416
200.088699 101.522 156.0127
201.538620 101.474 156.1833
202.999054 101.430 156.3304
204.470062 101.396 156.4231
205.951736 101.370 156.4395
207.444153 101.352 156.3886
208.947372 101.336 156.3119
210.461487 101.318 156.2532
211.986572 101.295 156.2378
213.522720 101.267 156.2701
215.069992 101.234 156.3417
216.628479 101.199 156.4403
218.198257 101.164 156.5549
219.779419 101.130 156.6782
221.372025 101.096 156.8074
222.976181 101.063 156.9417
224.591965 101.028 157.0781
226.219452 100.994 157.2109
227.858734 100.960 157.3352
229.509888 100.926 157.4517
231.173004 100.894 157.5673
232.848175 100.863 157.6891
234.535492 100.833 157.8197
236.235031 100.805 157.9550
237.946884 100.777 158.0875
239.671143 100.750 158.2105
241.407898 100.722 158.3218
243.157242 100.694 158.4254
244.919266 100.664 158.5297
246.694046 100.632 158.6436
248.481689 100.600 158.7735
250.282288 100.567 158.9222
252.095932 100.535 159.0884
253.922729 100.505 159.2676
255.762756 100.479 159.4531
257.616119 100.457 159.6367
259.482910 100.438 159.8109
261.363220 100.420 159.9704
263.257172 100.399 160.1130
265.164856 100.374 160.2399
267.086365 100.343 160.3592
269.021790 100.309 160.4837
270.971222 100.273 160.6237
272.934784 100.239 160.7824
274.912567 100.206 160.9572
276.904694 100.176 161.1428
278.911255 100.149 161.3333
280.932373 100.124 161.5236
282.968140 100.101 161.7089
285.018646 100.081 161.8848
287.084015 100.063 162.0476
289.164337 100.046 162.1945
291.259735 100.029 162.3242
293.370331 100.010 162.4398
295.496216 99.987 162.5488
297.637512 99.963 162.6603
299.794312 99.936 162.7825
301.966736 99.907 162.9195
304.154907 99.879 163.0710
306.358948 99.851 163.2324
308.578949 99.822 163.3970
310.815033 99.794 163.5596
313.067322 99.766 163.7182
315.335938 99.737 163.8751
317.621002 99.708 164.0351
319.922607 99.680 164.2033
322.240906 99.652 164.3824
324.575989 99.626 164.5718
326.928009 99.600 164.7687
329.297058 99.576 164.9687
331.683289 99.553 165.1668
334.086792 99.530 165.3593
336.507721 99.508 165.5455
338.946198 99.487 165.7285
341.402344 99.465 165.9128
343.876282 99.443 166.1024
346.368164 99.420 166.2999
348.878082 99.397 166.5058
351.406189 99.373 166.7175
353.952637 99.350 166.9301
356.517517 99.328 167.1384
359.100983 99.305 167.3403
361.703186 99.283 167.5375
364.324249 99.260 167.7338
366.964294 99.236 167.9330
369.623474 99.214 168.1376
372.301910 99.192 168.3483
374.999756 99.171 168.5635
377.717163 99.151 168.7811
380.454254 99.132 169.0005
383.211182 99.112 169.2230
385.988098 99.093 169.4501
388.785126 99.073 169.6827
391.602417 99.054 169.9200
394.440125 99.035 170.1602
397.298401 99.017 170.4000
400.177399 98.999 170.6367
403.077240 98.982 170.8686
405.998108 98.964 171.0952
408.940125 98.947 171.3181
411.903473 98.929 171.5409
414.888306 98.910 171.7686
417.894745 98.891 172.0060
420.922974 98.873 172.2564
423.973145 98.857 172.5194
427.045441 98.842 172.7906
430.139984 98.829 173.0636
433.256958 98.818 173.3325
436.396515 98.808 173.5952
439.558838 98.799 173.8530
442.744049 98.790 174.1077
445.952362 98.782 174.3581
449.183929 98.774 174.5990
452.438904 98.768 174.8249
455.717468 98.761 175.0331
459.019775 98.751 175.2272
462.346008 98.740 175.4164
465.696350 98.725 175.6113
469.070984 98.708 175.8185
472.470062 98.691 176.0400
475.893768 98.674 176.2729
479.342285 98.657 176.5110
482.815796 98.642 176.7480
486.314484 98.625 176.9832
489.838531 98.608 177.2233
493.388092 98.590 177.4766
496.963379 98.573 177.7465
500.564575 98.556 178.0279
504.191864 98.542 178.3113
507.845459 98.529 178.5894
511.525513 98.517 178.8600
515.232239 98.505 179.1254
518.965820 98.493 179.3901
522.726440 98.479 179.6589
526.514343 98.466 179.9370
530.329712 98.453 -179.7724
534.172729 98.440 -179.4700
538.043579 98.429 -179.1591
541.942444 98.419 -178.8421
545.869568 98.410 -178.5203
549.825134 98.402 -178.1963
553.809387 98.394 -177.8740
557.822510 98.388 -177.5572
561.864746 98.381 -177.2471
565.936279 98.375 -176.9423
570.037292 98.368 -176.6396
574.168030 98.360 -176.3360
578.328674 98.352 -176.0310
582.519470 98.344 -175.7264
586.740662 98.335 -175.4222
590.992432 98.327 -175.1143
595.275024 98.319 -174.7968
599.588623 98.313 -174.4669
603.933472 98.308 -174.1270
608.309814 98.305 -173.7820
612.717896 98.302 -173.4356
617.157898 98.298 -173.0873
621.630066 98.294 -172.7324
626.134644 98.290 -172.3644
630.671875 98.286 -171.9805
635.242004 98.284 -171.5851
639.845215 98.283 -171.1852
644.481812 98.284 -170.7841
649.151978 98.286 -170.3806
653.856018 98.291 -169.9751
658.594116 98.300 -169.5731
663.366577 98.312 -169.1850
668.173584 98.326 -168.8201
673.015442 98.341 -168.4792
677.892395 98.354 -168.1545
682.804688 98.365 -167.8358
687.752563 98.375 -167.5150
692.736328 98.383 -167.1862
697.756165 98.390 -166.8444
702.812378 98.397 -166.4879
707.905273 98.404 -166.1195
713.035034 98.412 -165.7447
718.201965 98.421 -165.3687
723.406372 98.430 -164.9935
728.648499 98.439 -164.6168
733.928589 98.448 -164.2354
739.246948 98.459 -163.8476
744.603821 98.470 -163.4540
749.999512 98.482 -163.0550
755.434326 98.496 -162.6504
760.908508 98.510 -162.2397
766.422363 98.526 -161.8227
771.976196 98.543 -161.4012
777.570251 98.561 -160.9786
783.204834 98.580 -160.5575
788.880249 98.600 -160.1366
794.596802 98.621 -159.7115
800.354797 98.644 -159.2783
806.154480 98.669 -158.8371
811.996216 98.698 -158.3930
817.880249 98.731 -157.9538
823.806946 98.767 -157.5285
829.776611 98.806 -157.1255
835.789490 98.846 -156.7467
841.845947 98.884 -156.3852
847.946289 98.921 -156.0304
854.090881 98.957 -155.6750
860.279968 98.991 -155.3163
866.513916 99.025 -154.9523
872.793030 99.059 -154.5801
879.117676 99.093 -154.1998
885.488098 99.130 -153.8161
891.904724 99.167 -153.4332
898.367859 99.205 -153.0524
904.877808 99.244 -152.6717
911.434937 99.284 -152.2894
918.039551 99.325 -151.9062
924.692017 99.369 -151.5244
931.392700 99.415 -151.1478
938.141968 99.462 -150.7801
944.940125 99.511 -150.4231
951.787537 99.560 -150.0744
958.684570 99.609 -149.7288
965.631592 99.658 -149.3822
972.628967 99.708 -149.0328
979.677063 99.758 -148.6817
986.776184 99.808 -148.3315
993.926758 99.860 -147.9819
1001.129150 99.912 -147.6292
1008.383728 99.965 -147.2697
1015.690918 100.021 -146.9053
1023.051025 100.081 -146.5421
1030.464478 100.144 -146.1876
1037.931641 100.211 -145.8510
1045.452881 100.282 -145.5419
1053.028687 100.353 -145.2638
1060.659424 100.423 -145.0119
1068.345459 100.492 -144.7774
1076.087158 100.559 -144.5519
1083.884888 100.624 -144.3310
1091.739136 100.689 -144.1139
1099.650269 100.754 -143.9010
1107.618774 100.818 -143.6921
1115.645020 100.883 -143.4868
1123.729492 100.948 -143.2853
1131.872559 101.014 -143.0883
1140.074585 101.079 -142.8973
1148.336060 101.145 -142.7134
1156.657349 101.210 -142.5362
1165.038940 101.275 -142.3636
1173.481323 101.341 -142.1918
1181.984863 101.407 -142.0188
1190.550049 101.475 -141.8480
1199.177246 101.545 -141.6884
1207.866943 101.617 -141.5500
1216.619629 101.688 -141.4386
1225.435791 101.758 -141.3519
1234.315796 101.824 -141.2825
1243.260132 101.888 -141.2222
1252.269287 101.948 -141.1625
1261.343750 102.007 -141.0981
1270.484009 102.063 -141.0270
1279.690430 102.119 -140.9481
1288.963623 102.174 -140.8601
1298.303955 102.229 -140.7642
1307.712036 102.285 -140.6638
1317.188232 102.340 -140.5634
1326.733154 102.395 -140.4662
1336.347168 102.450 -140.3714
1346.030884 102.503 -140.2757
1355.784790 102.556 -140.1753
1365.609375 102.607 -140.0662
1375.505127 102.659 -139.9443
1385.472656 102.711 -139.8044
1395.512329 102.766 -139.6453
1405.624756 102.823 -139.4722
1415.810547 102.885 -139.2970
1426.070068 102.951 -139.1343
1436.403931 103.018 -138.9934
1446.812744 103.086 -138.8745
1457.296997 103.154 -138.7724
1467.857178 103.220 -138.6812
1478.493896 103.285 -138.5965
1489.207642 103.348 -138.5150
1499.999023 103.411 -138.4329
1510.868652 103.474 -138.3467
1521.817017 103.536 -138.2533
1532.844727 103.598 -138.1506
1543.952393 103.662 -138.0370
1555.140503 103.728 -137.9121
1566.409668 103.797 -137.7800
1577.760498 103.869 -137.6522
1589.193604 103.946 -137.5432
1600.709595 104.024 -137.4627
1612.308960 104.103 -137.4109
1623.992432 104.180 -137.3823
1635.760498 104.256 -137.3689
1647.613892 104.329 -137.3646
1659.553223 104.402 -137.3645
1671.578979 104.474 -137.3648
1683.691895 104.545 -137.3650
1695.892578 104.616 -137.3673
1708.181763 104.686 -137.3744
1720.559937 104.755 -137.3859
1733.027832 104.823 -137.3981
1745.586060 104.889 -137.4054
1758.235352 104.955 -137.4006
1770.976196 105.022 -137.3787
1783.809448 105.091 -137.3408
1796.735718 105.163 -137.2970
1809.755615 105.240 -137.2616
1822.869873 105.320 -137.2457
1836.079102 105.401 -137.2527
1849.384033 105.481 -137.2806
1862.785400 105.561 -137.3260
1876.283936 105.640 -137.3842
1889.880249 105.717 -137.4499
1903.575073 105.792 -137.5171
1917.369141 105.866 -137.5793
1931.263184 105.941 -137.6319
1945.257935 106.017 -137.6746
1959.354126 106.097 -137.7155
1973.552368 106.179 -137.7675
1987.853516 106.264 -137.8411
2002.258301 106.350 -137.9399
2016.767456 106.436 -138.0617
2031.381836 106.520 -138.2019
2046.102051 106.603 -138.3561
2060.928955 106.686 -138.5220
2075.863281 106.767 -138.7001
2090.905762 106.848 -138.8925
2106.057373 106.926 -139.0991
2121.318848 107.000 -139.3158
2136.690918 107.072 -139.5341
2152.174316 107.140 -139.7438
2167.769775 107.206 -139.9385
2183.478271 107.272 -140.1194
2199.300537 107.338 -140.2916
2215.237549 107.404 -140.4568
2231.290039 107.469 -140.6121
2247.458984 107.534 -140.7505
2263.745117 107.598 -140.8634
2280.149170 107.665 -140.9429
2296.672119 107.736 -140.9847
2313.314697 107.814 -140.9916
2330.077881 107.903 -140.9778
2346.962646 108.005 -140.9701
2363.969727 108.119 -141.0017
2381.100098 108.243 -141.1010
2398.354492 108.373 -141.2854
2415.733887 108.505 -141.5596
2433.239258 108.635 -141.9177
2450.871582 108.762 -142.3477
2468.631592 108.884 -142.8361
2486.520264 109.000 -143.3691
2504.538574 109.110 -143.9331
2522.687500 109.215 -144.5152
2540.968018 109.318 -145.1079
2559.380859 109.419 -145.7143
2577.927246 109.521 -146.3484
2596.607910 109.622 -147.0268
2615.424072 109.722 -147.7614
2634.376465 109.816 -148.5558
2653.466309 109.903 -149.4044
2672.694336 109.980 -150.2945
2692.061768 110.046 -151.2094
2711.569580 110.103 -152.1349
2731.218750 110.152 -153.0642
2751.010254 110.194 -153.9979
2770.945312 110.228 -154.9381
2791.024658 110.254 -155.8845
2811.249512 110.272 -156.8327
2831.621094 110.281 -157.7760
2852.140137 110.280 -158.7077
2872.807861 110.271 -159.6208
2893.625488 110.252 -160.5054
2914.593994 110.224 -161.3486
2935.714355 110.189 -162.1393
2956.987793 110.149 -162.8742
2978.415283 110.107 -163.5574
2999.998047 110.063 -164.1960
3021.737305 110.017 -164.7947
3043.634033 109.971 -165.3537
3065.689453 109.922 -165.8692
3087.904785 109.874 -166.3366
3110.281006 109.828 -166.7566
3132.819336 109.785 -167.1389
3155.520996 109.747 -167.4990
3178.387207 109.713 -167.8523
3201.419189 109.682 -168.2106
3224.617920 109.652 -168.5808
3247.984863 109.621 -168.9649
3271.520996 109.588 -169.3578
3295.227783 109.550 -169.7464
3319.106445 109.507 -170.1131
3343.157959 109.460 -170.4448
3367.383789 109.411 -170.7360
3391.785156 109.361 -170.9867
3416.363525 109.312 -171.1986
3441.119873 109.264 -171.3712
3466.055664 109.216 -171.5004
3491.172119 109.173 -171.5841
3516.470703 109.134 -171.6273
3541.952393 109.102 -171.6427
3567.618896 109.078 -171.6460
3593.471436 109.060 -171.6519
3619.511230 109.048 -171.6725
3645.739746 109.040 -171.7153
3672.158203 109.035 -171.7799
3698.768066 109.030 -171.8578
3725.570801 109.025 -171.9397
3752.567871 109.021 -172.0207
3779.760498 109.017 -172.1008
3807.150146 109.015 -172.1802
3834.738281 109.012 -172.2546
3862.526367 109.011 -172.3145
3890.515869 109.011 -172.3525
3918.708252 109.016 -172.3684
3947.104736 109.027 -172.3706
3975.707031 109.045 -172.3721
4004.516602 109.071 -172.3889
4033.534912 109.104 -172.4361
4062.763672 109.142 -172.5230
4092.204102 109.183 -172.6510
4121.857910 109.227 -172.8188
4151.726562 109.273 -173.0279
4181.811523 109.320 -173.2812
4212.114746 109.367 -173.5793
4242.637695 109.413 -173.9166
4273.381836 109.458 -174.2848
4304.348633 109.501 -174.6794
4335.539551 109.545 -175.1024
4366.956543 109.589 -175.5613
4398.601074 109.635 -176.0671
4430.475098 109.679 -176.6301
4462.580078 109.720 -177.2537
4494.917969 109.756 -177.9345
4527.490234 109.787 -178.6673
4560.298340 109.810 -179.4486
4593.344238 109.824 179.7260
4626.629395 109.828 178.8661
4660.155762 109.821 177.9867
4693.925293 109.803 177.1021
4727.939453 109.776 176.2211
4762.200195 109.741 175.3463
4796.708984 109.698 174.4740
4831.467773 109.648 173.5998
4866.478516 109.590 172.7238
4901.743164 109.524 171.8502
4937.263184 109.449 170.9825
4973.040527 109.364 170.1225
5009.077148 109.269 169.2756
5045.375000 109.163 168.4535
5081.936035 109.046 167.6714
5118.761719 108.918 166.9424
5155.854492 108.782 166.2732
5193.215820 108.640 165.6637
5230.848145 108.492 165.1106
5268.752930 108.339 164.6133
5306.932617 108.181 164.1727
5345.388672 108.018 163.7891
5384.123535 107.851 163.4632
5423.139160 107.678 163.2013
5462.437500 107.500 163.0163
5502.020508 107.318 162.9230
5541.890625 107.134 162.9320
5582.049316 106.952 163.0447
5622.499023 106.774 163.2540
5663.242188 106.602 163.5487
5704.280273 106.438 163.9148
5745.615723 106.283 164.3351
5787.250977 106.136 164.7933
5829.187988 105.996 165.2810
5871.428711 105.860 165.8000
5913.975586 105.730 166.3579
5956.830566 105.604 166.9619
5999.996094 105.484 167.6148
6043.474609 105.371 168.3160
6087.268066 105.266 169.0628
6131.378906 105.170 169.8476
6175.809570 105.082 170.6609
6220.562012 105.004 171.4964
6265.638672 104.933 172.3543
6311.041992 104.871 173.2393
6356.774414 104.817 174.1555
6402.838379 104.774 175.1028
6449.235840 104.741 176.0778
6495.969727 104.722 177.0733
6543.041992 104.715 178.0790
6590.455566 104.722 179.0840
6638.212891 104.742 -179.9177
6686.315918 104.775 -178.9265
6734.767578 104.822 -177.9411
6783.570312 104.883 -176.9629
6832.727051 104.962 -175.9973
6882.239746 105.058 -175.0550
6932.111328 105.174 -174.1524
6982.344238 105.310 -173.3093
7032.941406 105.466 -172.5432
7083.904785 105.642 -171.8684
7135.237793 105.838 -171.2984
7186.942871 106.055 -170.8499
7239.022461 106.294 -170.5456
7291.479492 106.554 -170.4157
7344.316406 106.834 -170.4980
7397.536133 107.132 -170.8314
7451.141602 107.442 -171.4504
7505.135742 107.758 -172.3838
7559.520996 108.075 -173.6564
7614.300293 108.385 -175.2880
7669.476562 108.679 -177.2923
7725.052734 108.947 -179.6756
7781.031738 109.177 177.5685
7837.416504 109.356 174.4667
7894.209473 109.473 171.0702
7951.414062 109.517 167.4509
8009.033203 109.482 163.6979
8067.069824 109.362 159.9089
8125.527344 109.161 156.1804
8184.408203 108.879 152.6015
8243.715820 108.524 149.2522
8303.453125 108.104 146.2021
8363.623047 107.626 143.5081
8424.229492 107.102 141.2125
8485.275391 106.543 139.3402
8546.763672 105.963 137.8952
8608.697266 105.371 136.8627
8671.079102 104.777 136.2167
8733.913086 104.189 135.9271
8797.202148 103.612 135.9649
8860.950195 103.050 136.3031
8925.160156 102.507 136.9129
8989.835938 101.986 137.7597
9054.980469 101.490 138.8068
9120.596680 101.019 140.0204
9186.688477 100.573 141.3742
9253.258789 100.150 142.8519
9320.311523 99.751 144.4406
9387.850586 99.376 146.1241
9455.878906 99.023 147.8830
9524.400391 98.693 149.6975
9593.417969 98.383 151.5542
9662.935547 98.092 153.4486
9732.957031 97.819 155.3804
9803.486328 97.564 157.3462
9874.526367 97.326 159.3373
9946.081055 97.105 161.3436
10018.154297 96.899 163.3604
10090.750000 96.706 165.3904
10163.872070 96.528 167.4388
10237.523438 96.363 169.5062
10311.708984 96.212 171.5881
10386.431641 96.075 173.6796
10461.696289 95.951 175.7826
10537.505859 95.840 177.9042
10613.865234 95.744 -179.9518
10690.777344 95.664 -177.7896
10768.247070 95.601 -175.6182
10846.278320 95.555 -173.4434
10924.875000 95.527 -171.2654
11004.041016 95.519 -169.0854
11083.781250 95.533 -166.9125
11164.098633 95.571 -164.7638
11244.998047 95.633 -162.6582
11326.484375 95.720 -160.6127
11408.560547 95.833 -158.6463
11491.231445 95.973 -156.7863
11574.501953 96.140 -155.0686
11658.375977 96.333 -153.5299
11742.857422 96.548 -152.2027
11827.951172 96.782 -151.1168
11913.661133 97.031 -150.3032
11999.992188 97.288 -149.7914
12086.949219 97.544 -149.6009
12174.536133 97.792 -149.7386
12262.757812 98.022 -150.1995
12351.619141 98.226 -150.9688
12441.124023 98.395 -152.0177
12531.277344 98.521 -153.2987
12622.083984 98.598 -154.7479
12713.548828 98.622 -156.2921
12805.676758 98.591 -157.8573
12898.471680 98.508 -159.3711
12991.939453 98.376 -160.7635
13086.083984 98.201 -161.9724
13180.911133 97.992 -162.9514
13276.425781 97.759 -163.6728
13372.631836 97.511 -164.1236
13469.535156 97.256 -164.3025
13567.140625 97.005 -164.2207
13665.454102 96.764 -163.9015
13764.479492 96.540 -163.3743
13864.222656 96.339 -162.6684
13964.688477 96.165 -161.8142
14065.882812 96.024 -160.8459
14167.809570 95.919 -159.8013
14270.475586 95.854 -158.7184
14373.885742 95.833 -157.6392
14478.044922 95.861 -156.6154
14582.958984 95.942 -155.7088
14688.632812 96.079 -154.9906
14795.072266 96.275 -154.5460
14902.283203 96.531 -154.4796
15010.271484 96.841 -154.9115
15119.041992 97.195 -155.9665
15228.600586 97.574 -157.7641
15338.953125 97.949 -160.3996
15450.105469 98.285 -163.9208
15562.063477 98.539 -168.3026
15674.833008 98.669 -173.4308
15788.418945 98.639 -179.0964
15902.828125 98.422 174.9893
16018.066406 98.011 169.1570
16134.139648 97.414 163.7219
16251.054688 96.655 158.9357
16368.816406 95.767 154.9622
16487.431641 94.787 151.8746
16606.906250 93.754 149.6639
16727.246094 92.698 148.2585
16848.458984 91.649 147.5482
16970.550781 90.626 147.4044
17093.527344 89.641 147.6983
17217.394531 88.701 148.3170
17342.158203 87.805 149.1700
17467.826172 86.950 150.1889
17594.404297 86.132 151.3248
17721.900391 85.345 152.5451
17850.320312 84.583 153.8268
17979.671875 83.842 155.1522
18109.960938 83.115 156.5094
18241.193359 82.399 157.8892
18373.376953 81.690 159.2838
18506.517578 80.985 160.6890
18640.623047 80.280 162.1021
18775.701172 79.573 163.5225
18911.757812 78.859 164.9576
19048.800781 78.133 166.4231
19186.835938 77.392 167.9370
19325.871094 76.637 169.5161
19465.914062 75.877 171.1668
19606.972656 75.138 172.8608
19749.052734 74.471 174.4960
19892.162109 73.950 175.8635
20036.308594 73.660 176.6692
