* Measurement data measured by REW V5.31
* Source: EXCL: Microphone (USB Sound Device        ), MICROPHONE (Master Volume), L, volume: 0.250
* Format: 256k Log Swept Sine, 1 sweep at -5.0 dBFS with no timing reference
* Dated: Jun 9, 2024 12:27:54 AM
* REW Settings:
*  C-weighting compensation: Off
*  Target level: 75.0 dB
* Note: Simgot EM10 R
* Measurement: R Simgot EM10
* Smoothing: 1/12 octave
* Frequency Step: 96 ppo
* Start Frequency: 0.36621094 Hz
*
* Freq(Hz) SPL(dB) Phase(degrees)
0.366211 76.921 -160.9688
0.368865 76.926 -160.9744
0.371538 76.934 -160.9827
0.374230 76.944 -160.9932
0.376942 76.955 -161.0053
0.379673 76.966 -161.0186
0.382424 76.979 -161.0328
0.385196 76.991 -161.0478
0.387987 77.004 -161.0635
0.390798 77.017 -161.0798
0.393630 77.030 -161.0967
0.396483 77.043 -161.1142
0.399356 77.057 -161.1323
0.402250 77.070 -161.1509
0.405165 77.084 -161.1701
0.408101 77.097 -161.1899
0.411058 77.111 -161.2102
0.414037 77.125 -161.2311
0.417037 77.139 -161.2525
0.420059 77.153 -161.2745
0.423103 77.167 -161.2971
0.426169 77.181 -161.3201
0.429257 77.196 -161.3438
0.432368 77.210 -161.3679
0.435501 77.225 -161.3925
0.438656 77.239 -161.4177
0.441835 77.254 -161.4434
0.445037 77.269 -161.4696
0.448262 77.284 -161.4963
0.451510 77.299 -161.5235
0.454782 77.314 -161.5512
0.458077 77.329 -161.5793
0.461397 77.345 -161.6080
0.464740 77.360 -161.6370
0.468108 77.376 -161.6666
0.471500 77.392 -161.6965
0.474917 77.408 -161.7269
0.478358 77.424 -161.7577
0.481825 77.440 -161.7889
0.485316 77.456 -161.8205
0.488833 77.472 -161.8524
0.492375 77.489 -161.8848
0.495943 77.505 -161.9174
0.499537 77.522 -161.9505
0.503157 77.539 -161.9838
0.506803 77.556 -162.0174
0.510475 77.573 -162.0514
0.514175 77.590 -162.0856
0.517900 77.607 -162.1201
0.521653 77.625 -162.1548
0.525434 77.642 -162.1897
0.529241 77.660 -162.2249
0.533076 77.678 -162.2602
0.536939 77.696 -162.2957
0.540830 77.714 -162.3313
0.544749 77.732 -162.3671
0.548696 77.750 -162.4030
0.552673 77.769 -162.4389
0.556677 77.787 -162.4750
0.560711 77.806 -162.5110
0.564774 77.825 -162.5471
0.568867 77.844 -162.5832
0.572989 77.863 -162.6193
0.577141 77.882 -162.6553
0.581324 77.902 -162.6912
0.585536 77.921 -162.7270
0.589779 77.941 -162.7627
0.594053 77.961 -162.7982
0.598358 77.981 -162.8335
0.602694 78.001 -162.8687
0.607061 78.021 -162.9035
0.611460 78.042 -162.9381
0.615891 78.062 -162.9724
0.620354 78.083 -163.0063
0.624849 78.104 -163.0399
0.629377 78.125 -163.0730
0.633938 78.146 -163.1057
0.638532 78.168 -163.1380
0.643159 78.189 -163.1697
0.647819 78.211 -163.2009
0.652514 78.233 -163.2315
0.657242 78.254 -163.2614
0.662005 78.277 -163.2907
0.666802 78.299 -163.3193
0.671634 78.321 -163.3471
0.676501 78.344 -163.3742
0.681403 78.367 -163.4005
0.686341 78.390 -163.4260
0.691314 78.413 -163.4507
0.696324 78.436 -163.4749
0.701370 78.459 -163.4987
0.706452 78.482 -163.5227
0.711571 78.504 -163.5479
0.716728 78.526 -163.5756
0.721921 78.547 -163.6081
0.727153 78.567 -163.6481
0.732422 78.584 -163.6985
0.737729 78.599 -163.7611
0.743075 78.611 -163.8358
0.748460 78.622 -163.9210
0.753883 78.631 -164.0150
0.759346 78.640 -164.1163
0.764849 78.648 -164.2237
0.770391 78.655 -164.3366
0.775974 78.662 -164.4545
0.781597 78.669 -164.5770
0.787261 78.676 -164.7040
0.792966 78.683 -164.8353
0.798712 78.689 -164.9708
0.804500 78.695 -165.1105
0.810329 78.700 -165.2543
0.816201 78.705 -165.4022
0.822116 78.710 -165.5539
0.828073 78.714 -165.7095
0.834074 78.718 -165.8689
0.840118 78.721 -166.0319
0.846206 78.724 -166.1986
0.852338 78.726 -166.3688
0.858514 78.728 -166.5424
0.864735 78.728 -166.7194
0.871001 78.729 -166.8996
0.877313 78.728 -167.0829
0.883670 78.726 -167.2693
0.890074 78.724 -167.4586
0.896524 78.721 -167.6507
0.903020 78.717 -167.8455
0.909564 78.712 -168.0428
0.916155 78.705 -168.2427
0.922794 78.698 -168.4448
0.929481 78.689 -168.6492
0.936216 78.679 -168.8555
0.943000 78.668 -169.0639
0.949834 78.656 -169.2740
0.956717 78.642 -169.4857
0.963649 78.627 -169.6989
0.970632 78.609 -169.9135
0.977666 78.591 -170.1292
0.984750 78.570 -170.3459
0.991886 78.548 -170.5635
0.999074 78.524 -170.7816
1.006314 78.498 -171.0003
1.013606 78.470 -171.2193
1.020951 78.440 -171.4383
1.028349 78.407 -171.6573
1.035801 78.373 -171.8760
1.043307 78.335 -172.0942
1.050867 78.296 -172.3119
1.058482 78.253 -172.5289
1.066152 78.209 -172.7452
1.073878 78.161 -172.9613
1.081660 78.111 -173.1775
1.089498 78.057 -173.3948
1.097393 78.002 -173.6147
1.105345 77.943 -173.8391
1.113355 77.883 -174.0699
1.121423 77.820 -174.3087
1.129549 77.754 -174.5570
1.137734 77.687 -174.8155
1.145979 77.617 -175.0848
1.154283 77.544 -175.3653
1.162647 77.470 -175.6570
1.171072 77.393 -175.9601
1.179558 77.313 -176.2745
1.188106 77.231 -176.6002
1.196715 77.145 -176.9372
1.205387 77.058 -177.2852
1.214122 76.967 -177.6442
1.222920 76.873 -178.0140
1.231782 76.776 -178.3945
1.240708 76.676 -178.7853
1.249699 76.572 -179.1863
1.258754 76.465 -179.5971
1.267876 76.354 179.9827
1.277063 76.240 179.5534
1.286318 76.121 179.1156
1.295639 75.999 178.6697
1.305027 75.873 178.2165
1.314484 75.742 177.7566
1.324009 75.607 177.2909
1.333604 75.467 176.8202
1.343268 75.323 176.3457
1.353002 75.174 175.8685
1.362806 75.020 175.3900
1.372681 74.861 174.9118
1.382628 74.696 174.4355
1.392647 74.526 173.9629
1.402739 74.350 173.4961
1.412904 74.168 173.0371
1.423142 73.979 172.5878
1.433455 73.782 172.1497
1.443843 73.577 171.7234
1.454305 73.361 171.3083
1.464844 73.132 170.9019
1.475459 72.887 170.5001
1.486150 72.624 170.0977
1.496920 72.340 169.6898
1.507767 72.035 169.2722
1.518693 71.708 168.8412
1.529698 71.360 168.3942
1.540783 70.991 167.9283
1.551948 70.604 167.4412
1.563194 70.199 166.9300
1.574521 69.780 166.3916
1.585931 69.348 165.8223
1.597423 68.906 165.2173
1.608999 68.456 164.5703
1.620658 68.000 163.8733
1.632402 67.543 163.1147
1.644232 67.086 162.2786
1.656146 66.634 161.3406
1.668147 66.189 160.2634
1.680235 65.755 158.9849
1.692411 65.337 157.3936
1.704675 64.939 155.2677
1.717028 64.565 152.0940
1.729470 64.220 146.3689
1.742003 63.910 131.3928
1.754626 63.640 62.8541
1.767341 63.416 6.1080
1.780147 63.245 -6.5706
1.793047 63.133 -11.8469
1.806040 63.086 -14.9443
1.819128 63.111 -17.1240
1.832310 63.212 -18.8289
1.845587 63.391 -20.2509
1.858961 63.650 -21.4854
1.872432 63.987 -22.5858
1.886001 64.397 -23.5854
1.899667 64.877 -24.5070
1.913433 65.420 -25.3665
1.927299 66.020 -26.1764
1.941265 66.669 -26.9459
1.955332 67.361 -27.6827
1.969501 68.088 -28.3928
1.983773 68.843 -29.0811
1.998148 69.619 -29.7516
2.012627 70.409 -30.4081
2.027212 71.205 -31.0536
2.041902 72.001 -31.6906
2.056698 72.790 -32.3218
2.071602 73.564 -32.9492
2.086614 74.318 -33.5751
2.101734 75.046 -34.2014
2.116964 75.741 -34.8300
2.132304 76.398 -35.4627
2.147756 77.014 -36.1016
2.163320 77.586 -36.7485
2.178996 78.113 -37.4053
2.194786 78.598 -38.0734
2.210690 79.042 -38.7538
2.226710 79.451 -39.4467
2.242845 79.829 -40.1512
2.259098 80.178 -40.8660
2.275468 80.502 -41.5889
2.291957 80.803 -42.3179
2.308566 81.082 -43.0507
2.325295 81.343 -43.7855
2.342145 81.585 -44.5205
2.359117 81.812 -45.2542
2.376212 82.024 -45.9852
2.393431 82.225 -46.7126
2.410775 82.416 -47.4357
2.428244 82.600 -48.1537
2.445840 82.778 -48.8663
2.463564 82.953 -49.5736
2.481416 83.126 -50.2758
2.499397 83.301 -50.9737
2.517509 83.477 -51.6686
2.535752 83.655 -52.3624
2.554127 83.836 -53.0581
2.572635 84.017 -53.7585
2.591277 84.197 -54.4668
2.610055 84.374 -55.1847
2.628968 84.547 -55.9130
2.648019 84.715 -56.6509
2.667208 84.877 -57.3970
2.686535 85.034 -58.1492
2.706003 85.185 -58.9054
2.725612 85.331 -59.6630
2.745363 85.473 -60.4197
2.765257 85.609 -61.1732
2.785295 85.742 -61.9214
2.805478 85.872 -62.6622
2.825808 85.998 -63.3943
2.846285 86.121 -64.1162
2.866910 86.242 -64.8276
2.887685 86.360 -65.5289
2.908611 86.477 -66.2215
2.929688 86.590 -66.9080
2.950917 86.700 -67.5917
2.972301 86.807 -68.2759
2.993839 86.911 -68.9625
3.015534 87.010 -69.6525
3.037386 87.105 -70.3455
3.059396 87.196 -71.0402
3.081565 87.283 -71.7350
3.103896 87.367 -72.4276
3.126388 87.447 -73.1155
3.149043 87.525 -73.7963
3.171862 87.599 -74.4677
3.194847 87.671 -75.1271
3.217998 87.741 -75.7728
3.241317 87.808 -76.4036
3.264805 87.874 -77.0192
3.288463 87.937 -77.6201
3.312293 87.997 -78.2083
3.336295 88.055 -78.7861
3.360471 88.110 -79.3556
3.384822 88.161 -79.9180
3.409350 88.210 -80.4738
3.434056 88.255 -81.0224
3.458940 88.298 -81.5631
3.484005 88.339 -82.0944
3.509252 88.378 -82.6148
3.534681 88.415 -83.1223
3.560295 88.451 -83.6151
3.586094 88.486 -84.0913
3.612081 88.520 -84.5494
3.638255 88.553 -84.9883
3.664620 88.585 -85.4073
3.691175 88.617 -85.8068
3.717923 88.647 -86.1874
3.744864 88.676 -86.5502
3.772001 88.703 -86.8964
3.799335 88.729 -87.2268
3.826866 88.755 -87.5425
3.854597 88.781 -87.8445
3.882529 88.806 -88.1333
3.910664 88.832 -88.4094
3.939002 88.859 -88.6731
3.967546 88.887 -88.9242
3.996296 88.916 -89.1622
4.025255 88.947 -89.3863
4.054423 88.980 -89.5956
4.083804 89.014 -89.7895
4.113396 89.050 -89.9684
4.143204 89.086 -90.1337
4.173227 89.125 -90.2873
4.203468 89.164 -90.4320
4.233928 89.206 -90.5707
4.264609 89.249 -90.7065
4.295512 89.294 -90.8420
4.326639 89.342 -90.9796
4.357992 89.391 -91.1205
4.389572 89.443 -91.2650
4.421380 89.498 -91.4130
4.453419 89.555 -91.5635
4.485691 89.615 -91.7165
4.518196 89.677 -91.8728
4.550936 89.742 -92.0341
4.583914 89.808 -92.2025
4.617131 89.875 -92.3806
4.650589 89.944 -92.5712
4.684289 90.013 -92.7764
4.718233 90.084 -92.9982
4.752424 90.155 -93.2377
4.786862 90.227 -93.4950
4.821549 90.300 -93.7698
4.856488 90.373 -94.0613
4.891680 90.447 -94.3688
4.927127 90.521 -94.6917
4.962831 90.596 -95.0296
4.998794 90.669 -95.3827
5.035017 90.742 -95.7510
5.071503 90.814 -96.1350
5.108253 90.884 -96.5352
5.145270 90.952 -96.9521
5.182555 91.019 -97.3859
5.220110 91.085 -97.8359
5.257937 91.149 -98.3009
5.296038 91.211 -98.7787
5.334415 91.271 -99.2673
5.373071 91.329 -99.7644
5.412006 91.385 -100.2682
5.451224 91.438 -100.7776
5.490725 91.489 -101.2922
5.530514 91.538 -101.8123
5.570590 91.583 -102.3378
5.610957 91.627 -102.8682
5.651616 91.668 -103.4020
5.692570 91.706 -103.9372
5.733821 91.743 -104.4712
5.775370 91.777 -105.0016
5.817221 91.810 -105.5266
5.859375 91.840 -106.0450
5.901834 91.869 -106.5565
5.944602 91.895 -107.0612
5.987679 91.920 -107.5590
6.031068 91.944 -108.0496
6.074771 91.966 -108.5322
6.118792 91.988 -109.0056
6.163131 92.009 -109.4688
6.207792 92.030 -109.9207
6.252776 92.051 -110.3608
6.298086 92.072 -110.7892
6.343725 92.093 -111.2064
6.389694 92.115 -111.6134
6.435996 92.137 -112.0116
6.482634 92.160 -112.4020
6.529610 92.184 -112.7856
6.576926 92.210 -113.1630
6.624585 92.237 -113.5347
6.672590 92.266 -113.9011
6.720942 92.297 -114.2633
6.769645 92.329 -114.6230
6.818700 92.363 -114.9824
6.868111 92.399 -115.3436
6.917881 92.436 -115.7086
6.968010 92.475 -116.0786
7.018504 92.516 -116.4543
7.069362 92.558 -116.8363
7.120590 92.602 -117.2253
7.172189 92.647 -117.6223
7.224161 92.693 -118.0282
7.276511 92.739 -118.4443
7.329239 92.786 -118.8712
7.382350 92.832 -119.3093
7.435845 92.879 -119.7582
7.489729 92.926 -120.2173
7.544002 92.973 -120.6858
7.598669 93.019 -121.1628
7.653732 93.063 -121.6476
7.709194 93.107 -122.1396
7.765058 93.150 -122.6384
7.821327 93.192 -123.1427
7.878004 93.232 -123.6512
7.935091 93.271 -124.1619
7.992592 93.308 -124.6732
8.050510 93.344 -125.1835
8.108847 93.379 -125.6918
8.167607 93.412 -126.1973
8.226793 93.445 -126.6990
8.286408 93.476 -127.1956
8.346454 93.506 -127.6859
8.406936 93.535 -128.1688
8.467856 93.564 -128.6436
8.529218 93.593 -129.1100
8.591024 93.621 -129.5681
8.653278 93.649 -130.0179
8.715983 93.677 -130.4597
8.779143 93.706 -130.8937
8.842760 93.735 -131.3203
8.906839 93.765 -131.7399
8.971381 93.795 -132.1534
9.036392 93.826 -132.5621
9.101873 93.857 -132.9670
9.167829 93.890 -133.3693
9.234263 93.923 -133.7697
9.301178 93.957 -134.1688
9.368578 93.991 -134.5677
9.436467 94.026 -134.9672
9.504847 94.061 -135.3678
9.573723 94.095 -135.7703
9.643099 94.130 -136.1747
9.712976 94.162 -136.5809
9.783361 94.194 -136.9888
9.854255 94.223 -137.3979
9.925663 94.248 -137.8081
9.997588 94.271 -138.2188
10.070035 94.291 -138.6292
10.143007 94.308 -139.0385
10.216507 94.323 -139.4458
10.290540 94.335 -139.8503
10.365109 94.345 -140.2515
10.440219 94.354 -140.6486
10.515873 94.361 -141.0412
10.592076 94.367 -141.4289
10.668830 94.373 -141.8114
10.746141 94.378 -142.1887
10.824012 94.382 -142.5612
10.902447 94.387 -142.9291
10.981451 94.391 -143.2933
11.061027 94.396 -143.6543
11.141180 94.400 -144.0129
11.221913 94.405 -144.3700
11.303232 94.410 -144.7268
11.385140 94.415 -145.0841
11.467641 94.419 -145.4429
11.550741 94.424 -145.8039
11.634442 94.429 -146.1677
11.718750 94.434 -146.5349
11.803669 94.439 -146.9058
11.889203 94.444 -147.2805
11.975357 94.448 -147.6588
12.062136 94.452 -148.0406
12.149543 94.456 -148.4254
12.237583 94.458 -148.8126
12.326262 94.460 -149.2019
12.415583 94.461 -149.5923
12.505552 94.460 -149.9835
12.596172 94.459 -150.3748
12.687449 94.457 -150.7657
12.779387 94.454 -151.1561
12.871992 94.450 -151.5457
12.965268 94.446 -151.9344
13.059220 94.441 -152.3225
13.153852 94.437 -152.7103
13.249170 94.432 -153.0981
13.345179 94.427 -153.4865
13.441884 94.423 -153.8759
13.539289 94.418 -154.2668
13.637401 94.414 -154.6599
13.736223 94.409 -155.0552
13.835761 94.405 -155.4531
13.936021 94.400 -155.8536
14.037007 94.395 -156.2568
14.138725 94.390 -156.6625
14.241180 94.384 -157.0703
14.344377 94.378 -157.4799
14.448323 94.371 -157.8909
14.553021 94.365 -158.3030
14.658478 94.358 -158.7157
14.764700 94.351 -159.1289
14.871691 94.344 -159.5424
14.979457 94.337 -159.9563
15.088005 94.330 -160.3707
15.197339 94.324 -160.7858
15.307465 94.319 -161.2020
15.418389 94.313 -161.6196
15.530117 94.308 -162.0389
15.642655 94.304 -162.4601
15.756008 94.299 -162.8835
15.870182 94.295 -163.3089
15.985184 94.290 -163.7361
16.101019 94.286 -164.1649
16.217694 94.281 -164.5945
16.335214 94.276 -165.0245
16.453586 94.271 -165.4539
16.572815 94.266 -165.8821
16.692909 94.262 -166.3084
16.813872 94.257 -166.7322
16.935713 94.253 -167.1531
17.058436 94.249 -167.5708
17.182048 94.246 -167.9854
17.306556 94.243 -168.3970
17.431967 94.240 -168.8058
17.558286 94.238 -169.2123
17.685521 94.236 -169.6168
17.813677 94.234 -170.0199
17.942762 94.232 -170.4218
18.072783 94.230 -170.8225
18.203746 94.228 -171.2223
18.335658 94.226 -171.6210
18.468526 94.223 -172.0182
18.602356 94.221 -172.4137
18.737156 94.218 -172.8071
18.872934 94.214 -173.1982
19.009695 94.211 -173.5866
19.147447 94.207 -173.9722
19.286197 94.203 -174.3550
19.425953 94.198 -174.7351
19.566721 94.194 -175.1127
19.708510 94.188 -175.4881
19.851326 94.183 -175.8617
19.995177 94.177 -176.2337
20.140070 94.170 -176.6046
20.286013 94.163 -176.9746
20.433014 94.156 -177.3441
20.581080 94.148 -177.7132
20.730219 94.140 -178.0823
20.880439 94.131 -178.4518
21.031747 94.122 -178.8218
21.184152 94.113 -179.1929
21.337661 94.103 -179.5653
21.492282 94.094 -179.9395
21.648024 94.084 179.6844
21.804895 94.074 179.3062
21.962902 94.063 178.9257
22.122054 94.052 178.5432
22.282360 94.040 178.1589
22.443827 94.028 177.7731
22.606464 94.016 177.3861
22.770280 94.003 176.9982
22.935283 93.990 176.6093
23.101481 93.977 176.2197
23.268884 93.964 175.8290
23.437500 93.951 175.4371
23.607338 93.937 175.0437
23.778406 93.924 174.6485
23.950714 93.911 174.2515
24.124271 93.898 173.8525
24.299086 93.884 173.4521
24.475167 93.871 173.0505
24.652524 93.857 172.6483
24.831166 93.843 172.2461
25.011103 93.830 171.8443
25.192344 93.816 171.4434
25.374898 93.803 171.0436
25.558775 93.789 170.6451
25.743984 93.776 170.2481
25.930536 93.762 169.8525
26.118439 93.749 169.4587
26.307704 93.736 169.0666
26.498341 93.722 168.6766
26.690359 93.709 168.2891
26.883768 93.695 167.9042
27.078579 93.681 167.5221
27.274801 93.666 167.1428
27.472446 93.652 166.7662
27.671522 93.637 166.3920
27.872042 93.622 166.0197
28.074014 93.607 165.6490
28.277450 93.591 165.2795
28.482360 93.575 164.9112
28.688755 93.558 164.5437
28.896645 93.541 164.1771
29.106042 93.523 163.8110
29.316957 93.504 163.4453
29.529400 93.486 163.0797
29.743382 93.467 162.7138
29.958915 93.448 162.3472
30.176009 93.428 161.9793
30.394677 93.408 161.6100
30.614929 93.388 161.2391
30.836778 93.368 160.8663
31.060234 93.347 160.4918
31.285309 93.326 160.1154
31.512015 93.305 159.7369
31.740364 93.284 159.3566
31.970368 93.263 158.9743
32.202039 93.241 158.5900
32.435388 93.219 158.2040
32.670428 93.197 157.8165
32.907171 93.175 157.4280
33.145630 93.153 157.0390
33.385817 93.131 156.6501
33.627745 93.108 156.2618
33.871425 93.086 155.8746
34.116871 93.063 155.4891
34.364096 93.041 155.1058
34.613113 93.018 154.7249
34.863934 92.996 154.3464
35.116572 92.973 153.9703
35.371041 92.951 153.5962
35.627354 92.929 153.2236
35.885525 92.906 152.8525
36.145566 92.884 152.4827
36.407492 92.860 152.1149
36.671316 92.837 151.7498
36.937051 92.813 151.3881
37.204712 92.789 151.0304
37.474313 92.764 150.6764
37.745867 92.740 150.3248
38.019389 92.717 149.9736
38.294893 92.693 149.6208
38.572394 92.670 149.2644
38.851905 92.647 148.9036
39.133442 92.623 148.5388
39.417019 92.598 148.1711
39.702651 92.573 147.8020
39.990353 92.547 147.4320
40.280140 92.521 147.0612
40.572026 92.495 146.6885
40.866028 92.469 146.3125
41.162160 92.442 145.9327
41.460438 92.415 145.5501
41.760877 92.387 145.1667
42.063494 92.357 144.7858
42.368303 92.327 144.4098
42.675322 92.297 144.0396
42.984565 92.267 143.6736
43.296048 92.238 143.3090
43.609789 92.210 142.9424
43.925804 92.181 142.5717
44.244108 92.153 142.1969
44.564719 92.123 141.8206
44.887654 92.092 141.4462
45.212928 92.061 141.0765
45.540560 92.029 140.7126
45.870565 91.998 140.3533
46.202962 91.967 139.9961
46.537768 91.936 139.6384
46.875000 91.906 139.2784
47.214676 91.876 138.9160
47.556813 91.845 138.5519
47.901429 91.813 138.1874
48.248542 91.781 137.8239
48.598171 91.749 137.4623
48.950334 91.717 137.1031
49.305048 91.684 136.7464
49.662333 91.651 136.3920
50.022206 91.618 136.0389
50.384688 91.584 135.6865
50.749796 91.551 135.3341
51.117550 91.517 134.9816
51.487969 91.483 134.6297
51.861072 91.448 134.2793
52.236879 91.413 133.9312
52.615409 91.378 133.5859
52.996681 91.343 133.2433
53.380717 91.308 132.9028
53.767536 91.274 132.5641
54.157158 91.239 132.2263
54.549603 91.206 131.8889
54.944892 91.172 131.5508
55.343045 91.139 131.2110
55.744084 91.106 130.8686
56.148028 91.074 130.5227
56.554900 91.041 130.1729
56.964720 91.008 129.8187
57.377510 90.975 129.4608
57.793291 90.940 129.1001
58.212085 90.905 128.7382
58.633914 90.869 128.3770
59.058799 90.832 128.0179
59.486764 90.794 127.6616
59.917829 90.755 127.3073
60.352019 90.717 126.9540
60.789354 90.678 126.6006
61.229859 90.638 126.2467
61.673556 90.598 125.8927
62.120468 90.558 125.5400
62.570618 90.517 125.1898
63.024031 90.477 124.8429
63.480729 90.436 124.4992
63.940736 90.395 124.1577
64.404077 90.355 123.8174
64.870776 90.315 123.4775
65.340856 90.275 123.1383
65.814343 90.234 122.8007
66.291261 90.194 122.4652
66.771635 90.153 122.1322
67.255489 90.112 121.8013
67.742850 90.071 121.4711
68.233743 90.030 121.1407
68.728193 89.988 120.8094
69.226226 89.947 120.4770
69.727867 89.905 120.1443
70.233144 89.863 119.8121
70.742083 89.821 119.4808
71.254709 89.778 119.1503
71.771050 89.736 118.8201
72.291132 89.695 118.4897
72.814984 89.653 118.1587
73.342631 89.611 117.8276
73.874102 89.568 117.4980
74.409424 89.525 117.1726
74.948626 89.481 116.8534
75.491734 89.438 116.5398
76.038779 89.395 116.2286
76.589787 89.353 115.9156
77.144788 89.311 115.5977
77.703811 89.269 115.2742
78.266885 89.227 114.9461
78.834039 89.185 114.6143
79.405303 89.143 114.2783
79.980706 89.101 113.9363
80.560280 89.060 113.5866
81.144053 89.018 113.2283
81.732056 88.976 112.8611
82.324320 88.932 112.4862
82.920876 88.887 112.1073
83.521755 88.840 111.7305
84.126988 88.790 111.3628
84.736607 88.738 111.0085
85.350643 88.686 110.6689
85.969129 88.633 110.3425
86.592097 88.580 110.0267
87.219579 88.527 109.7188
87.851608 88.474 109.4158
88.488217 88.422 109.1160
89.129439 88.370 108.8186
89.775308 88.318 108.5238
90.425856 88.267 108.2314
91.081119 88.216 107.9407
91.741131 88.166 107.6508
92.405925 88.117 107.3602
93.075536 88.068 107.0678
93.750000 88.020 106.7739
94.429351 87.972 106.4799
95.113625 87.923 106.1869
95.802858 87.874 105.8957
96.497085 87.825 105.6063
97.196342 87.775 105.3196
97.900667 87.725 105.0366
98.610096 87.674 104.7579
99.324665 87.624 104.4833
100.044413 87.573 104.2124
100.769376 87.522 103.9447
101.499592 87.472 103.6802
102.235100 87.422 103.4185
102.975938 87.372 103.1588
103.722144 87.324 102.8997
104.473757 87.277 102.6392
105.230817 87.230 102.3754
105.993363 87.184 102.1071
106.761435 87.138 101.8342
107.535072 87.093 101.5573
108.314315 87.047 101.2770
109.099206 87.000 100.9939
109.889783 86.953 100.7078
110.686090 86.905 100.4182
111.488167 86.857 100.1249
112.296056 86.807 99.8282
113.109800 86.756 99.5301
113.929440 86.704 99.2338
114.755020 86.650 98.9444
115.586582 86.595 98.6674
116.424170 86.539 98.4074
117.267827 86.483 98.1664
118.117598 86.428 97.9426
118.973527 86.374 97.7316
119.835658 86.322 97.5276
120.704037 86.270 97.3260
121.578708 86.220 97.1233
122.459718 86.170 96.9169
123.347111 86.122 96.7041
124.240935 86.073 96.4832
125.141236 86.025 96.2546
126.048061 85.977 96.0215
126.961458 85.929 95.7872
127.881473 85.881 95.5542
128.808154 85.834 95.3247
129.741551 85.786 95.1002
130.681712 85.739 94.8807
131.628686 85.692 94.6643
132.582521 85.646 94.4478
133.543269 85.600 94.2276
134.510979 85.555 94.0014
135.485701 85.508 93.7693
136.467486 85.462 93.5335
137.456386 85.415 93.2967
138.452451 85.368 93.0616
139.455735 85.321 92.8304
140.466288 85.273 92.6047
141.484165 85.225 92.3858
142.509418 85.177 92.1742
143.542100 85.128 91.9693
144.582265 85.078 91.7698
145.629968 85.028 91.5737
146.685262 84.977 91.3792
147.748204 84.926 91.1835
148.818849 84.874 90.9827
149.897251 84.823 90.7764
150.983469 84.770 90.5707
152.077557 84.718 90.3753
153.179574 84.668 90.1960
154.289576 84.620 90.0303
155.407622 84.576 89.8725
156.533770 84.533 89.7202
157.668078 84.491 89.5739
158.810606 84.448 89.4339
159.961413 84.405 89.2991
161.120559 84.360 89.1679
162.288105 84.314 89.0396
163.464112 84.268 88.9120
164.648640 84.224 88.7779
165.841752 84.182 88.6245
167.043510 84.142 88.4446
168.253976 84.103 88.2438
169.473213 84.064 88.0369
170.701286 84.025 87.8381
171.938258 83.986 87.6553
173.184194 83.948 87.4896
174.439158 83.910 87.3373
175.703216 83.872 87.1928
176.976434 83.835 87.0511
178.258878 83.798 86.9092
179.550615 83.762 86.7661
180.851713 83.726 86.6227
182.162239 83.692 86.4797
183.482262 83.657 86.3367
184.811850 83.624 86.1895
186.151073 83.592 86.0325
187.500000 83.560 85.8631
188.858702 83.527 85.6836
190.227250 83.495 85.4996
191.605715 83.463 85.3163
192.994169 83.432 85.1367
194.392685 83.402 84.9623
195.801334 83.373 84.7943
197.220191 83.344 84.6329
198.649330 83.315 84.4778
200.088825 83.288 84.3281
201.538751 83.261 84.1825
202.999184 83.235 84.0386
204.470200 83.210 83.8929
205.951875 83.187 83.7407
207.444287 83.163 83.5786
208.947514 83.139 83.4055
210.461634 83.114 83.2236
211.986726 83.087 83.0374
213.522869 83.058 82.8528
215.070144 83.027 82.6763
216.628631 82.994 82.5123
218.198411 82.961 82.3619
219.779567 82.929 82.2231
221.372180 82.898 82.0919
222.976334 82.869 81.9649
224.592112 82.841 81.8394
226.219600 82.815 81.7133
227.858880 82.790 81.5852
229.510039 82.765 81.4550
231.173164 82.741 81.3224
232.848340 82.717 81.1875
234.535655 82.694 81.0503
236.235197 82.670 80.9107
237.947054 82.647 80.7686
239.671317 82.624 80.6244
241.408074 82.600 80.4800
243.157416 82.576 80.3392
244.919435 82.551 80.2060
246.694223 82.528 80.0837
248.481871 82.505 79.9745
250.282473 82.483 79.8793
252.096123 82.463 79.7972
253.922915 82.445 79.7249
255.762945 82.431 79.6553
257.616309 82.420 79.5781
259.483103 82.411 79.4835
261.363424 82.404 79.3665
263.257372 82.396 79.2286
265.165043 82.387 79.0762
267.086538 82.376 78.9174
269.021957 82.364 78.7592
270.971401 82.351 78.6070
272.934972 82.338 78.4634
274.912771 82.326 78.3286
276.904902 82.316 78.2012
278.911469 82.307 78.0795
280.932577 82.300 77.9606
282.968330 82.295 77.8406
285.018835 82.291 77.7135
287.084199 82.289 77.5727
289.164530 82.288 77.4125
291.259935 82.285 77.2318
293.370525 82.281 77.0358
295.496408 82.274 76.8345
297.637697 82.263 76.6373
299.794503 82.251 76.4500
301.966937 82.238 76.2740
304.155114 82.224 76.1077
306.359147 82.212 75.9476
308.579152 82.200 75.7910
310.815244 82.188 75.6356
313.067539 82.177 75.4805
315.336156 82.165 75.3264
317.621211 82.153 75.1763
319.922826 82.140 75.0343
322.241118 82.127 74.9030
324.576210 82.114 74.7817
326.928223 82.102 74.6677
329.297280 82.092 74.5573
331.683504 82.082 74.4474
334.087019 82.074 74.3352
336.507952 82.066 74.2185
338.946427 82.058 74.0964
341.402572 82.049 73.9705
343.876516 82.041 73.8448
346.368387 82.031 73.7227
348.878315 82.022 73.6058
351.406431 82.014 73.4943
353.952867 82.005 73.3867
356.517756 81.997 73.2816
359.101230 81.988 73.1771
361.703426 81.981 73.0729
364.324478 81.974 72.9690
366.964523 81.967 72.8660
369.623699 81.960 72.7645
372.302145 81.954 72.6649
375.000000 81.949 72.5677
377.717405 81.943 72.4731
380.454501 81.938 72.3813
383.211431 81.933 72.2924
385.988339 81.929 72.2067
388.785369 81.925 72.1245
391.602668 81.922 72.0457
394.440383 81.919 71.9693
397.298660 81.917 71.8940
400.177650 81.915 71.8187
403.077502 81.914 71.7419
405.998368 81.913 71.6626
408.940400 81.912 71.5805
411.903750 81.910 71.4972
414.888575 81.909 71.4161
417.895028 81.906 71.3409
420.923268 81.904 71.2742
423.973452 81.902 71.2166
427.045738 81.902 71.1664
430.140287 81.904 71.1203
433.257261 81.908 71.0737
436.396822 81.913 71.0233
439.559133 81.919 70.9681
442.744360 81.927 70.9083
445.952668 81.936 70.8428
449.184225 81.945 70.7678
452.439199 81.956 70.6777
455.717760 81.965 70.5692
459.020079 81.972 70.4456
462.346327 81.975 70.3173
465.696680 81.976 70.1962
469.071310 81.975 70.0896
472.470394 81.973 69.9989
475.894109 81.972 69.9210
479.342634 81.971 69.8505
482.816148 81.970 69.7816
486.314833 81.969 69.7126
489.838871 81.967 69.6483
493.388445 81.964 69.5966
496.963741 81.962 69.5618
500.564945 81.961 69.5406
504.192245 81.962 69.5245
507.845830 81.964 69.5054
511.525890 81.966 69.4796
515.232618 81.969 69.4477
518.966206 81.971 69.4140
522.726849 81.973 69.3841
526.514743 81.974 69.3632
530.330086 81.976 69.3535
534.173076 81.979 69.3527
538.043915 81.982 69.3561
541.942803 81.986 69.3617
545.869944 81.991 69.3704
549.825542 81.995 69.3829
553.809805 82.000 69.3979
557.822939 82.006 69.4127
561.865154 82.013 69.4260
565.936660 82.019 69.4382
570.037671 82.025 69.4520
574.168399 82.031 69.4700
578.329060 82.038 69.4934
582.519870 82.044 69.5208
586.741049 82.050 69.5516
590.992817 82.056 69.5885
595.275394 82.062 69.6349
599.589005 82.070 69.6907
603.933874 82.078 69.7520
608.310228 82.087 69.8144
612.718295 82.096 69.8762
617.158304 82.105 69.9393
621.630488 82.113 70.0099
626.135079 82.121 70.0950
630.672311 82.130 70.1979
635.242423 82.141 70.3148
639.845651 82.154 70.4391
644.482237 82.169 70.5679
649.152421 82.187 70.7014
653.856447 82.207 70.8374
658.594560 82.231 70.9686
663.367008 82.257 71.0844
668.174039 82.284 71.1766
673.015903 82.311 71.2462
677.892854 82.337 71.3013
682.805145 82.360 71.3511
687.753032 82.382 71.4030
692.736774 82.401 71.4624
697.756631 82.420 71.5335
702.812863 82.438 71.6179
707.905735 82.457 71.7136
713.035511 82.476 71.8170
718.202461 82.496 71.9247
723.406852 82.516 72.0357
728.648956 82.537 72.1505
733.929047 82.558 72.2700
739.247399 82.579 72.3955
744.604290 82.601 72.5280
750.000000 82.623 72.6677
755.434809 82.646 72.8142
760.909001 82.670 72.9667
766.422861 82.695 73.1241
771.976677 82.721 73.2860
777.570739 82.747 73.4516
783.205337 82.775 73.6206
788.880766 82.804 73.7944
794.597321 82.833 73.9763
800.355301 82.865 74.1692
806.155005 82.899 74.3721
811.996736 82.937 74.5793
817.880799 82.979 74.7816
823.807501 83.024 74.9687
829.777150 83.070 75.1317
835.790057 83.117 75.2678
841.846536 83.163 75.3837
847.946903 83.206 75.4904
854.091476 83.248 75.5970
860.280575 83.288 75.7087
866.514523 83.327 75.8292
872.793644 83.366 75.9617
879.118267 83.405 76.1052
885.488720 83.446 76.2541
891.905336 83.487 76.4036
898.368450 83.529 76.5527
904.878398 83.572 76.7036
911.435520 83.617 76.8578
918.040157 83.663 77.0143
924.692655 83.711 77.1709
931.393359 83.761 77.3250
938.142619 83.813 77.4726
944.940787 83.867 77.6116
951.788218 83.920 77.7424
958.685268 83.974 77.8673
965.632296 84.028 77.9891
972.629666 84.083 78.1105
979.677741 84.138 78.2321
986.776890 84.194 78.3533
993.927482 84.251 78.4754
1001.129891 84.308 78.6022
1008.384491 84.368 78.7373
1015.691660 84.430 78.8796
1023.051781 84.496 79.0236
1030.465236 84.565 79.1611
1037.932411 84.639 79.2803
1045.453698 84.715 79.3688
1053.029486 84.793 79.4211
1060.660172 84.869 79.4410
1068.346153 84.943 79.4376
1076.087829 85.016 79.4203
1083.885605 85.086 79.3956
1091.739887 85.155 79.3658
1099.651084 85.223 79.3309
1107.619609 85.290 79.2911
1115.645878 85.355 79.2476
1123.730308 85.420 79.2019
1131.873321 85.483 79.1558
1140.075341 85.546 79.1109
1148.336797 85.609 79.0680
1156.658119 85.671 79.0273
1165.039741 85.733 78.9893
1173.482099 85.796 78.9550
1181.985634 85.860 78.9236
1190.550789 85.928 78.8890
1199.178011 85.998 78.8402
1207.867749 86.070 78.7654
1216.620457 86.142 78.6596
1225.436590 86.212 78.5269
1234.316609 86.279 78.3762
1243.260976 86.342 78.2175
1252.270157 86.402 78.0588
1261.344623 86.460 77.9049
1270.484846 86.515 77.7571
1279.691303 86.568 77.6163
1288.964474 86.619 77.4836
1298.304842 86.669 77.3588
1307.712894 86.719 77.2396
1317.189120 86.769 77.1230
1326.734016 86.819 77.0071
1336.348077 86.868 76.8922
1346.031806 86.917 76.7815
1355.785708 86.966 76.6790
1365.610290 87.015 76.5888
1375.506065 87.065 76.5157
1385.473549 87.116 76.4649
1395.513261 87.169 76.4374
1405.625726 87.226 76.4274
1415.811469 87.287 76.4229
1426.071023 87.351 76.4095
1436.404921 87.417 76.3783
1446.813703 87.482 76.3293
1457.297912 87.546 76.2690
1467.858093 87.607 76.2045
1478.494798 87.665 76.1414
1489.208581 87.720 76.0838
1500.000000 87.771 76.0358
1510.869618 87.817 76.0017
1521.818002 87.859 75.9857
1532.845723 87.896 75.9921
1543.953355 87.929 76.0244
1555.141477 87.960 76.0851
1566.410674 87.992 76.1720
1577.761531 88.026 76.2765
1589.194642 88.062 76.3864
1600.710601 88.102 76.4943
1612.310010 88.142 76.6010
1623.993473 88.185 76.7130
1635.761599 88.229 76.8373
1647.615002 88.277 76.9779
1659.554299 88.329 77.1336
1671.580114 88.388 77.2983
1683.693072 88.454 77.4594
1695.893807 88.528 77.5996
1708.182952 88.608 77.7016
1720.561150 88.692 77.7521
1733.029045 88.777 77.7453
1745.587288 88.861 77.6826
1758.236533 88.941 77.5729
1770.977440 89.017 77.4286
1783.810673 89.088 77.2599
1796.736900 89.157 77.0699
1809.756796 89.221 76.8577
1822.871040 89.282 76.6245
1836.080315 89.338 76.3771
1849.385310 89.389 76.1254
1862.786718 89.435 75.8795
1876.285239 89.478 75.6486
1889.881575 89.518 75.4413
1903.576436 89.558 75.2656
1917.370535 89.599 75.1282
1931.264593 89.644 75.0342
1945.259332 89.696 74.9832
1959.355483 89.755 74.9668
1973.553781 89.822 74.9711
1987.854965 89.897 74.9837
2002.259781 89.979 74.9979
2016.768981 90.066 75.0105
2031.383320 90.159 75.0172
2046.103561 90.259 75.0115
2060.930471 90.365 74.9824
2075.864823 90.476 74.9158
2090.907395 90.591 74.7974
2106.058972 90.708 74.6185
2121.320344 90.822 74.3791
2136.692305 90.932 74.0881
2152.175658 91.037 73.7601
2167.771210 91.135 73.4079
2183.479774 91.229 73.0375
2199.302169 91.318 72.6502
2215.239219 91.403 72.2489
2231.291755 91.483 71.8394
2247.460615 91.558 71.4298
2263.746641 91.629 71.0288
2280.150683 91.697 70.6451
2296.673595 91.763 70.2856
2313.316238 91.830 69.9531
2330.079481 91.900 69.6427
2346.964198 91.975 69.3395
2363.971268 92.055 69.0230
2381.101578 92.139 68.6756
2398.356022 92.225 68.2870
2415.735498 92.311 67.8547
2433.240913 92.394 67.3814
2450.873180 92.475 66.8727
2468.633217 92.551 66.3343
2486.521951 92.623 65.7731
2504.540314 92.689 65.1984
2522.689246 92.750 64.6219
2540.969692 92.807 64.0536
2559.382606 92.863 63.4955
2577.928947 92.918 62.9399
2596.609683 92.972 62.3762
2615.425787 93.026 61.7960
2634.378241 93.077 61.1969
2653.468031 93.125 60.5826
2672.696154 93.168 59.9622
2692.063613 93.208 59.3472
2711.571415 93.245 58.7461
2731.220579 93.281 58.1589
2751.012130 93.317 57.5775
2770.947098 93.355 56.9913
2791.026522 93.392 56.3920
2811.251451 93.430 55.7742
2831.622938 93.466 55.1351
2852.142045 93.499 54.4731
2872.809842 93.529 53.7896
2893.627406 93.554 53.0901
2914.595823 93.573 52.3859
2935.716186 93.588 51.6874
2956.989596 93.599 50.9997
2978.417161 93.606 50.3215
3000.000000 93.611 49.6500
3021.739237 93.613 48.9840
3043.636005 93.612 48.3262
3065.691446 93.607 47.6837
3087.906710 93.599 47.0648
3110.282955 93.591 46.4734
3132.821347 93.582 45.9050
3155.523062 93.576 45.3500
3178.389283 93.570 44.7987
3201.421202 93.565 44.2440
3224.620020 93.559 43.6818
3247.986946 93.553 43.1103
3271.523198 93.543 42.5319
3295.230004 93.531 41.9548
3319.108599 93.515 41.3896
3343.160228 93.497 40.8422
3367.386145 93.478 40.3121
3391.787613 93.459 39.7945
3416.365904 93.440 39.2859
3441.122300 93.420 38.7876
3466.058091 93.399 38.3063
3491.174576 93.378 37.8495
3516.473066 93.357 37.4185
3541.954880 93.339 37.0079
3567.621345 93.324 36.6089
3593.473800 93.312 36.2119
3619.513592 93.301 35.8082
3645.742080 93.291 35.3922
3672.160630 93.281 34.9637
3698.770620 93.268 34.5300
3725.573436 93.253 34.0989
3752.570477 93.236 33.6734
3779.763150 93.217 33.2526
3807.152872 93.196 32.8351
3834.741071 93.172 32.4244
3862.529185 93.144 32.0297
3890.518664 93.113 31.6599
3918.710966 93.082 31.3174
3947.107561 93.052 30.9973
3975.709929 93.024 30.6904
4004.519563 92.999 30.3850
4033.537962 92.976 30.0706
4062.766641 92.953 29.7428
4092.207123 92.931 29.4049
4121.860942 92.907 29.0618
4151.729646 92.882 28.7151
4181.814790 92.855 28.3638
4212.117944 92.827 28.0088
4242.640687 92.795 27.6574
4273.384610 92.760 27.3203
4304.351317 92.723 27.0046
4335.542421 92.686 26.7107
4366.959549 92.649 26.4324
4398.604338 92.614 26.1594
4430.478438 92.579 25.8813
4462.583511 92.545 25.5945
4494.921231 92.509 25.3015
4527.493283 92.472 25.0055
4560.301365 92.434 24.7077
4593.347189 92.393 24.4097
4626.632476 92.349 24.1183
4660.158962 92.302 23.8458
4693.928395 92.252 23.6037
4727.942535 92.203 23.3975
4762.203156 92.154 23.2252
4796.712043 92.109 23.0787
4831.470996 92.067 22.9484
4866.481826 92.029 22.8302
4901.746360 91.993 22.7235
4937.266434 91.961 22.6275
4973.043902 91.931 22.5399
5009.080628 91.904 22.4616
5045.378492 91.879 22.3987
5081.939384 91.857 22.3583
5118.765212 91.841 22.3422
5155.857894 91.833 22.3430
5193.219366 91.834 22.3438
5230.851574 91.845 22.3233
5268.756481 91.866 22.2619
5306.936062 91.895 22.1418
5345.392309 91.930 21.9451
5384.127225 91.969 21.6561
5423.142830 92.008 21.2676
5462.441159 92.043 20.7811
5502.024259 92.072 20.2035
5541.894195 92.093 19.5416
5582.053045 92.105 18.7997
5622.502902 92.106 17.9822
5663.245876 92.093 17.0976
5704.284090 92.064 16.1586
5745.619684 92.019 15.1794
5787.254813 91.955 14.1773
5829.191647 91.871 13.1758
5871.432373 91.765 12.2042
5913.979192 91.640 11.2928
5956.834323 91.497 10.4671
6000.000000 91.339 9.7445
6043.478473 91.171 9.1359
6087.272010 90.995 8.6472
6131.382892 90.814 8.2786
6175.813420 90.631 8.0261
6220.565910 90.448 7.8860
6265.642695 90.266 7.8585
6311.046124 90.087 7.9459
6356.778566 89.912 8.1486
6402.842404 89.745 8.4624
6449.240040 89.588 8.8799
6495.973891 89.443 9.3900
6543.046396 89.311 9.9781
6590.460007 89.194 10.6289
6638.217197 89.092 11.3312
6686.320456 89.005 12.0795
6734.772290 88.933 12.8710
6783.575226 88.879 13.7013
6832.731809 88.842 14.5630
6882.244600 88.825 15.4446
6932.116181 88.829 16.3284
6982.349153 88.853 17.1942
7032.946133 88.900 18.0223
7083.909760 88.969 18.7960
7135.242690 89.062 19.4980
7186.947600 89.180 20.1063
7239.027185 89.325 20.5928
7291.484160 89.497 20.9218
7344.321260 89.694 21.0499
7397.541239 89.915 20.9324
7451.146872 90.154 20.5293
7505.140954 90.405 19.8068
7559.526299 90.662 18.7364
7614.305743 90.918 17.2947
7669.482141 91.163 15.4643
7725.058371 91.388 13.2354
7781.037328 91.579 10.6115
7837.421932 91.725 7.6171
7894.215122 91.812 4.3025
7951.419859 91.831 0.7404
8009.039125 91.772 -2.9781
8067.075924 91.632 -6.7516
8125.533282 91.410 -10.4786
8184.414245 91.108 -14.0635
8243.721885 90.733 -17.4200
8303.459292 90.290 -20.4717
8363.629581 89.788 -23.1556
8424.235888 89.238 -25.4241
8485.281374 88.651 -27.2477
8546.769221 88.040 -28.6188
8608.702634 87.416 -29.5476
8671.084842 86.788 -30.0543
8733.919097 86.166 -30.1617
8797.208675 85.557 -29.8931
8860.956876 84.966 -29.2755
8925.167022 84.403 -28.3510
8989.842461 83.872 -27.1816
9054.986566 83.376 -25.8380
9120.602731 82.913 -24.3762
9186.694378 82.479 -22.8229
9253.264952 82.068 -21.1770
9320.317925 81.679 -19.4274
9387.856790 81.312 -17.5703
9455.885071 80.968 -15.6125
9524.406312 80.649 -13.5671
9593.424086 80.354 -11.4459
9662.941992 80.085 -9.2545
9732.963653 79.842 -6.9966
9803.492719 79.625 -4.6810
9874.532869 79.436 -2.3221
9946.087805 79.274 0.0636
10018.161257 79.138 2.4656
10090.756983 79.028 4.8812
10163.878768 78.942 7.3073
10237.530423 78.883 9.7347
10311.715789 78.850 12.1473
10386.438732 78.842 14.5293
10461.703149 78.860 16.8727
10537.512962 78.903 19.1740
10613.872125 78.971 21.4257
10690.784618 79.065 23.6127
10768.254450 79.183 25.7156
10846.285661 79.326 27.7184
10924.882318 79.491 29.6100
11004.048518 79.678 31.3777
11083.788390 79.888 33.0013
11164.106090 80.118 34.4541
11245.005805 80.367 35.7107
11326.491752 80.629 36.7512
11408.568180 80.902 37.5593
11491.239368 81.180 38.1208
11574.509626 81.456 38.4283
11658.383294 81.725 38.4894
11742.864745 81.979 38.3275
11827.958384 82.217 37.9709
11913.668646 82.436 37.4398
12000.000000 82.635 36.7427
12086.956947 82.809 35.8909
12174.544019 82.952 34.9125
12262.765784 83.061 33.8535
12351.626840 83.135 32.7688
12441.131819 83.176 31.7144
12531.285389 83.186 30.7416
12622.092249 83.172 29.8926
12713.557132 83.141 29.1923
12805.684808 83.102 28.6469
12898.480079 83.060 28.2498
12991.947783 83.020 27.9926
13086.092792 82.986 27.8674
13180.920015 82.963 27.8640
13276.434395 82.954 27.9687
13372.640911 82.963 28.1683
13469.544580 82.994 28.4505
13567.150452 83.051 28.7968
13665.463617 83.140 29.1786
13764.489200 83.265 29.5594
13864.232362 83.431 29.8966
13964.698305 83.642 30.1375
14065.892266 83.901 30.2155
14167.819519 84.209 30.0533
14270.485380 84.562 29.5704
14373.895200 84.956 28.6851
14478.054370 85.378 27.3191
14582.968320 85.816 25.4076
14688.642520 86.251 22.9097
14795.082478 86.665 19.8121
14902.293745 87.036 16.1322
15010.281908 87.346 11.9235
15119.052599 87.577 7.2779
15228.611486 87.718 2.3193
15338.964283 87.762 -2.8069
15450.116741 87.711 -7.9471
15562.074656 87.573 -12.9553
15674.843864 87.361 -17.7114
15788.430244 87.096 -22.1351
15902.839718 86.797 -26.1913
16018.078250 86.488 -29.8907
16134.151848 86.189 -33.2880
16251.066563 85.916 -36.4747
16368.828491 85.681 -39.5651
16487.443769 85.485 -42.6829
16606.918584 85.325 -45.9478
16727.259161 85.188 -49.4599
16848.471777 85.057 -53.2852
16970.562748 84.910 -57.4498
17093.538442 84.726 -61.9368
17217.405268 84.483 -66.6851
17342.169684 84.167 -71.5984
17467.838194 83.766 -76.5578
17594.417350 83.273 -81.4319
17721.913751 82.686 -86.0868
17850.334044 82.009 -90.3918
17979.684923 81.247 -94.2159
18109.973131 80.410 -97.4143
18241.205462 79.511 -99.8174
18373.388756 78.579 -101.2373
18506.529905 77.661 -101.5299
18640.635849 76.831 -100.7614
18775.713581 76.176 -99.4126
18911.770141 75.742 -98.3405
19048.812624 75.489 -98.3306
19186.848172 75.314 -99.6451
19325.883983 75.119 -102.0272
19465.927305 74.852 -104.9921
19606.985439 74.520 -108.0555
19749.065738 74.172 -110.8069
19892.175609 73.880 -112.8989
20036.322514 73.713 -114.0386
