* Measurement data measured by REW V5.31
* Source: Microphone (USB Sound Device        ), MICROPHONE (Master Volume), L, volume: 0.250
* Format: 256k Log Swept Sine, 1 sweep at -5.0 dBFS with no timing reference
* Dated: Jun 4, 2024 1:01:37 AM
* REW Settings:
*  C-weighting compensation: Off
*  Target level: 75.0 dB
* Note: Tanchjim 4U Pop R
* Measurement: R Tanchjim 4U Pop
* Smoothing: 1/12 octave
* Frequency Step: 96 ppo
* Start Frequency: 0.36621094 Hz
*
* Freq(Hz) SPL(dB) Phase(degrees)
0.366211 84.026 156.4109
0.368865 84.020 156.3865
0.371538 84.011 156.3499
0.374230 84.001 156.3040
0.376942 83.989 156.2510
0.379673 83.976 156.1927
0.382424 83.963 156.1303
0.385196 83.949 156.0645
0.387987 83.935 155.9957
0.390798 83.921 155.9240
0.393630 83.906 155.8497
0.396483 83.892 155.7726
0.399356 83.877 155.6929
0.402250 83.862 155.6105
0.405165 83.848 155.5255
0.408101 83.833 155.4377
0.411058 83.818 155.3472
0.414037 83.803 155.2539
0.417037 83.787 155.1578
0.420059 83.772 155.0589
0.423103 83.757 154.9572
0.426169 83.741 154.8526
0.429257 83.725 154.7450
0.432368 83.710 154.6346
0.435501 83.694 154.5212
0.438656 83.678 154.4049
0.441835 83.661 154.2855
0.445037 83.645 154.1632
0.448262 83.629 154.0378
0.451510 83.612 153.9093
0.454782 83.596 153.7778
0.458077 83.579 153.6431
0.461397 83.562 153.5054
0.464740 83.545 153.3644
0.468108 83.528 153.2204
0.471500 83.511 153.0731
0.474917 83.494 152.9227
0.478358 83.476 152.7690
0.481825 83.458 152.6121
0.485316 83.441 152.4520
0.488833 83.423 152.2886
0.492375 83.405 152.1220
0.495943 83.387 151.9521
0.499537 83.369 151.7789
0.503157 83.350 151.6025
0.506803 83.332 151.4227
0.510475 83.313 151.2397
0.514175 83.294 151.0534
0.517900 83.275 150.8638
0.521653 83.256 150.6710
0.525434 83.237 150.4748
0.529241 83.218 150.2754
0.533076 83.198 150.0728
0.536939 83.179 149.8669
0.540830 83.159 149.6578
0.544749 83.139 149.4454
0.548696 83.119 149.2299
0.552673 83.099 149.0113
0.556677 83.078 148.7895
0.560711 83.058 148.5646
0.564774 83.037 148.3367
0.568867 83.017 148.1058
0.572989 82.996 147.8719
0.577141 82.975 147.6351
0.581324 82.953 147.3954
0.585536 82.932 147.1528
0.589779 82.910 146.9076
0.594053 82.889 146.6597
0.598358 82.867 146.4091
0.602694 82.845 146.1560
0.607061 82.823 145.9005
0.611460 82.800 145.6426
0.615891 82.778 145.3825
0.620354 82.755 145.1201
0.624849 82.732 144.8558
0.629377 82.709 144.5895
0.633938 82.686 144.3214
0.638532 82.663 144.0516
0.643159 82.639 143.7802
0.647819 82.616 143.5075
0.652514 82.592 143.2335
0.657242 82.568 142.9584
0.662005 82.544 142.6824
0.666802 82.519 142.4056
0.671634 82.495 142.1283
0.676501 82.470 141.8507
0.681403 82.445 141.5729
0.686341 82.420 141.2952
0.691314 82.395 141.0178
0.696324 82.369 140.7409
0.701370 82.343 140.4647
0.706452 82.317 140.1893
0.711571 82.290 139.9150
0.716728 82.263 139.6415
0.721921 82.234 139.3687
0.727153 82.204 139.0961
0.732422 82.172 138.8229
0.737729 82.138 138.5481
0.743075 82.102 138.2705
0.748460 82.065 137.9891
0.753883 82.026 137.7033
0.759346 81.986 137.4126
0.764849 81.945 137.1164
0.770391 81.904 136.8147
0.775974 81.862 136.5072
0.781597 81.820 136.1938
0.787261 81.777 135.8745
0.792966 81.733 135.5491
0.798712 81.689 135.2176
0.804500 81.644 134.8800
0.810329 81.599 134.5362
0.816201 81.553 134.1862
0.822116 81.506 133.8299
0.828073 81.459 133.4673
0.834074 81.411 133.0983
0.840118 81.362 132.7230
0.846206 81.312 132.3414
0.852338 81.262 131.9535
0.858514 81.211 131.5592
0.864735 81.159 131.1585
0.871001 81.106 130.7516
0.877313 81.052 130.3385
0.883670 80.997 129.9192
0.890074 80.941 129.4937
0.896524 80.884 129.0622
0.903020 80.826 128.6248
0.909564 80.767 128.1816
0.916155 80.707 127.7327
0.922794 80.646 127.2783
0.929481 80.583 126.8185
0.936216 80.519 126.3536
0.943000 80.454 125.8838
0.949834 80.387 125.4093
0.956717 80.319 124.9304
0.963649 80.249 124.4475
0.970632 80.178 123.9608
0.977666 80.106 123.4708
0.984750 80.031 122.9778
0.991886 79.955 122.4824
0.999074 79.877 121.9849
1.006314 79.798 121.4860
1.013606 79.716 120.9862
1.020951 79.632 120.4861
1.028349 79.547 119.9865
1.035801 79.459 119.4880
1.043307 79.370 118.9914
1.050867 79.278 118.4975
1.058482 79.184 118.0071
1.066152 79.088 117.5210
1.073878 78.990 117.0401
1.081660 78.890 116.5648
1.089498 78.789 116.0955
1.097393 78.687 115.6323
1.105345 78.585 115.1748
1.113355 78.484 114.7225
1.121423 78.385 114.2747
1.129549 78.287 113.8307
1.137734 78.192 113.3900
1.145979 78.099 112.9521
1.154283 78.008 112.5167
1.162647 77.918 112.0834
1.171072 77.829 111.6518
1.179558 77.741 111.2216
1.188106 77.653 110.7925
1.196715 77.565 110.3642
1.205387 77.476 109.9364
1.214122 77.386 109.5086
1.222920 77.293 109.0806
1.231782 77.199 108.6521
1.240708 77.101 108.2225
1.249699 76.999 107.7916
1.258754 76.893 107.3590
1.267876 76.782 106.9242
1.277063 76.664 106.4869
1.286318 76.541 106.0466
1.295639 76.410 105.6029
1.305027 76.270 105.1554
1.314484 76.122 104.7036
1.324009 75.964 104.2470
1.333604 75.795 103.7853
1.343268 75.615 103.3179
1.353002 75.422 102.8445
1.362806 75.216 102.3645
1.372681 74.995 101.8777
1.382628 74.758 101.3836
1.392647 74.506 100.8821
1.402739 74.235 100.3729
1.412904 73.945 99.8561
1.423142 73.635 99.3319
1.433455 73.303 98.8010
1.443843 72.946 98.2646
1.454305 72.562 97.7244
1.464844 72.146 97.1829
1.475459 71.696 96.6429
1.486150 71.206 96.1074
1.496920 70.674 95.5790
1.507767 70.098 95.0595
1.518693 69.478 94.5505
1.529698 68.814 94.0531
1.540783 68.107 93.5682
1.551948 67.360 93.0967
1.563194 66.575 92.6393
1.574521 65.755 92.1971
1.585931 64.903 91.7711
1.597423 64.022 91.3625
1.608999 63.118 90.9729
1.620658 62.193 90.6040
1.632402 61.252 90.2582
1.644232 60.299 89.9382
1.656146 59.340 89.6475
1.668147 58.381 89.3904
1.680235 57.426 89.1724
1.692411 56.484 89.0009
1.704675 55.560 88.8851
1.717028 54.664 88.8376
1.729470 53.802 88.8754
1.742003 52.986 89.0227
1.754626 52.225 89.3140
1.767341 51.532 89.8016
1.780147 50.919 90.5677
1.793047 50.399 91.7483
1.806040 49.986 93.5826
1.819128 49.693 96.5212
1.832310 49.529 101.4823
1.845587 49.502 110.5009
1.858961 49.611 128.0969
1.872432 49.854 159.3423
1.886001 50.223 -168.1240
1.899667 50.708 -149.1283
1.913433 51.296 -139.4939
1.927299 51.976 -134.3395
1.941265 52.734 -131.4228
1.955332 53.556 -129.7327
1.969501 54.432 -128.7700
1.983773 55.347 -128.2651
1.998148 56.292 -128.0610
2.012627 57.253 -128.0610
2.027212 58.220 -128.2021
2.041902 59.184 -128.4420
2.056698 60.133 -128.7511
2.071602 61.058 -129.1084
2.086614 61.949 -129.4988
2.101734 62.799 -129.9113
2.116964 63.600 -130.3387
2.132304 64.344 -130.7767
2.147756 65.027 -131.2243
2.163320 65.644 -131.6842
2.178996 66.197 -132.1631
2.194786 66.686 -132.6714
2.210690 67.118 -133.2218
2.226710 67.498 -133.8257
2.242845 67.832 -134.4906
2.259098 68.125 -135.2186
2.275468 68.381 -136.0077
2.291957 68.602 -136.8530
2.308566 68.792 -137.7478
2.325295 68.952 -138.6845
2.342145 69.084 -139.6553
2.359117 69.192 -140.6521
2.376212 69.276 -141.6673
2.393431 69.340 -142.6932
2.410775 69.386 -143.7224
2.428244 69.417 -144.7480
2.445840 69.435 -145.7634
2.463564 69.444 -146.7627
2.481416 69.446 -147.7411
2.499397 69.443 -148.6956
2.517509 69.438 -149.6259
2.535752 69.432 -150.5354
2.554127 69.425 -151.4323
2.572635 69.418 -152.3293
2.591277 69.407 -153.2413
2.610055 69.392 -154.1826
2.628968 69.370 -155.1634
2.648019 69.338 -156.1902
2.667208 69.297 -157.2659
2.686535 69.243 -158.3903
2.706003 69.176 -159.5611
2.725612 69.094 -160.7745
2.745363 68.997 -162.0249
2.765257 68.883 -163.3057
2.785295 68.751 -164.6088
2.805478 68.600 -165.9251
2.825808 68.427 -167.2449
2.846285 68.232 -168.5581
2.866910 68.011 -169.8557
2.887685 67.763 -171.1311
2.908611 67.484 -172.3826
2.929688 67.169 -173.6149
2.950917 66.815 -174.8398
2.972301 66.418 -176.0737
2.993839 65.976 -177.3343
3.015534 65.491 -178.6382
3.037386 64.964 179.9995
3.059396 64.402 178.5652
3.081565 63.811 177.0462
3.103896 63.199 175.4298
3.126388 62.575 173.7036
3.149043 61.950 171.8541
3.171862 61.336 169.8668
3.194847 60.746 167.7247
3.217998 60.193 165.4060
3.241317 59.692 162.8794
3.264805 59.254 160.0944
3.288463 58.890 156.9637
3.312293 58.604 153.3318
3.336295 58.397 148.9208
3.360471 58.265 143.2295
3.384822 58.203 135.3212
3.409350 58.206 123.4092
3.434056 58.266 104.5012
3.458940 58.377 77.1055
3.484005 58.534 49.0201
3.509252 58.732 29.1262
3.534681 58.965 16.6611
3.560295 59.230 8.5389
3.586094 59.524 2.8280
3.612081 59.848 -1.4940
3.638255 60.204 -4.9832
3.664620 60.594 -7.9603
3.691175 61.021 -10.6170
3.717923 61.487 -13.0651
3.744864 61.989 -15.3645
3.772001 62.519 -17.5432
3.799335 63.069 -19.6112
3.826866 63.629 -21.5700
3.854597 64.187 -23.4181
3.882529 64.732 -25.1536
3.910664 65.255 -26.7771
3.939002 65.746 -28.2925
3.967546 66.199 -29.7083
3.996296 66.609 -31.0385
4.025255 66.975 -32.3024
4.054423 67.296 -33.5216
4.083804 67.575 -34.7154
4.113396 67.816 -35.8954
4.143204 68.023 -37.0646
4.173227 68.199 -38.2183
4.203468 68.348 -39.3469
4.233928 68.474 -40.4378
4.264609 68.579 -41.4774
4.295512 68.667 -42.4529
4.326639 68.741 -43.3546
4.357992 68.800 -44.1770
4.389572 68.846 -44.9207
4.421380 68.878 -45.5911
4.453419 68.894 -46.1962
4.485691 68.894 -46.7416
4.518196 68.879 -47.2288
4.550936 68.850 -47.6544
4.583914 68.809 -48.0106
4.617131 68.758 -48.2865
4.650589 68.700 -48.4687
4.684289 68.637 -48.5429
4.718233 68.571 -48.4954
4.752424 68.501 -48.3139
4.786862 68.428 -47.9899
4.821549 68.351 -47.5186
4.856488 68.271 -46.8992
4.891680 68.191 -46.1350
4.927127 68.112 -45.2324
4.962831 68.040 -44.2008
4.998794 67.979 -43.0522
5.035017 67.935 -41.7997
5.071503 67.913 -40.4565
5.108253 67.916 -39.0342
5.145270 67.945 -37.5434
5.182555 68.003 -35.9953
5.220110 68.087 -34.4068
5.257937 68.195 -32.8025
5.296038 68.325 -31.2132
5.334415 68.473 -29.6725
5.373071 68.638 -28.2128
5.412006 68.816 -26.8619
5.451224 69.006 -25.6393
5.490725 69.209 -24.5555
5.530514 69.423 -23.6123
5.570590 69.647 -22.8058
5.610957 69.880 -22.1303
5.651616 70.119 -21.5801
5.692570 70.360 -21.1502
5.733821 70.600 -20.8366
5.775370 70.833 -20.6356
5.817221 71.058 -20.5440
5.859375 71.273 -20.5582
5.901834 71.477 -20.6730
5.944602 71.670 -20.8808
5.987679 71.851 -21.1711
6.031068 72.022 -21.5314
6.074771 72.181 -21.9487
6.118792 72.329 -22.4113
6.163131 72.464 -22.9104
6.207792 72.586 -23.4404
6.252776 72.695 -23.9990
6.298086 72.792 -24.5843
6.343725 72.875 -25.1926
6.389694 72.945 -25.8165
6.435996 73.005 -26.4459
6.482634 73.053 -27.0698
6.529610 73.091 -27.6780
6.576926 73.119 -28.2631
6.624585 73.138 -28.8212
6.672590 73.148 -29.3512
6.720942 73.149 -29.8520
6.769645 73.143 -30.3215
6.818700 73.132 -30.7559
6.868111 73.116 -31.1503
6.917881 73.098 -31.4999
6.968010 73.078 -31.8008
7.018504 73.058 -32.0518
7.069362 73.037 -32.2544
7.120590 73.018 -32.4127
7.172189 73.002 -32.5323
7.224161 72.990 -32.6195
7.276511 72.985 -32.6797
7.329239 72.986 -32.7175
7.382350 72.997 -32.7373
7.435845 73.015 -32.7451
7.489729 73.043 -32.7498
7.544002 73.078 -32.7627
7.598669 73.122 -32.7960
7.653732 73.175 -32.8605
7.709194 73.236 -32.9641
7.765058 73.304 -33.1117
7.821327 73.380 -33.3072
7.878004 73.461 -33.5544
7.935091 73.547 -33.8573
7.992592 73.637 -34.2199
8.050510 73.728 -34.6450
8.108847 73.820 -35.1331
8.167607 73.912 -35.6824
8.226793 74.004 -36.2887
8.286408 74.094 -36.9472
8.346454 74.182 -37.6527
8.406936 74.267 -38.4010
8.467856 74.348 -39.1882
8.529218 74.425 -40.0098
8.591024 74.498 -40.8598
8.653278 74.567 -41.7306
8.715983 74.632 -42.6141
8.779143 74.694 -43.5037
8.842760 74.752 -44.3943
8.906839 74.807 -45.2815
8.971381 74.859 -46.1610
9.036392 74.910 -47.0274
9.101873 74.960 -47.8755
9.167829 75.009 -48.7010
9.234263 75.059 -49.5015
9.301178 75.111 -50.2759
9.368578 75.165 -51.0240
9.436467 75.222 -51.7458
9.504847 75.282 -52.4419
9.573723 75.347 -53.1129
9.643099 75.417 -53.7608
9.712976 75.493 -54.3887
9.783361 75.574 -55.0006
9.854255 75.660 -55.6004
9.925663 75.752 -56.1915
9.997588 75.850 -56.7769
10.070035 75.953 -57.3596
10.143007 76.060 -57.9429
10.216507 76.171 -58.5297
10.290540 76.286 -59.1221
10.365109 76.403 -59.7212
10.440219 76.522 -60.3270
10.515873 76.643 -60.9392
10.592076 76.764 -61.5572
10.668830 76.885 -62.1799
10.746141 77.005 -62.8056
10.824012 77.124 -63.4320
10.902447 77.241 -64.0562
10.981451 77.357 -64.6755
11.061027 77.470 -65.2875
11.141180 77.582 -65.8896
11.221913 77.691 -66.4795
11.303232 77.798 -67.0545
11.385140 77.902 -67.6128
11.467641 78.005 -68.1527
11.550741 78.106 -68.6734
11.634442 78.206 -69.1740
11.718750 78.304 -69.6542
11.803669 78.400 -70.1139
11.889203 78.496 -70.5538
11.975357 78.591 -70.9747
12.062136 78.686 -71.3779
12.149543 78.780 -71.7647
12.237583 78.873 -72.1367
12.326262 78.966 -72.4958
12.415583 79.059 -72.8439
12.505552 79.151 -73.1831
12.596172 79.244 -73.5154
12.687449 79.335 -73.8427
12.779387 79.426 -74.1673
12.871992 79.517 -74.4911
12.965268 79.606 -74.8160
13.059220 79.695 -75.1439
13.153852 79.782 -75.4764
13.249170 79.868 -75.8151
13.345179 79.952 -76.1611
13.441884 80.034 -76.5153
13.539289 80.114 -76.8783
13.637401 80.192 -77.2502
13.736223 80.266 -77.6307
13.835761 80.337 -78.0189
13.936021 80.405 -78.4136
14.037007 80.469 -78.8132
14.138725 80.530 -79.2156
14.241180 80.587 -79.6186
14.344377 80.641 -80.0196
14.448323 80.692 -80.4166
14.553021 80.740 -80.8075
14.658478 80.786 -81.1908
14.764700 80.830 -81.5657
14.871691 80.874 -81.9323
14.979457 80.918 -82.2917
15.088005 80.963 -82.6460
15.197339 81.009 -82.9985
15.307465 81.057 -83.3533
15.418389 81.107 -83.7155
15.530117 81.160 -84.0900
15.642655 81.215 -84.4823
15.756008 81.272 -84.8972
15.870182 81.331 -85.3387
15.985184 81.391 -85.8096
16.101019 81.451 -86.3112
16.217694 81.509 -86.8429
16.335214 81.566 -87.4026
16.453586 81.621 -87.9863
16.572815 81.672 -88.5884
16.692909 81.720 -89.2027
16.813872 81.764 -89.8217
16.935713 81.805 -90.4379
17.058436 81.843 -91.0446
17.182048 81.879 -91.6354
17.306556 81.915 -92.2056
17.431967 81.951 -92.7525
17.558286 81.988 -93.2753
17.685521 82.029 -93.7754
17.813677 82.073 -94.2561
17.942762 82.122 -94.7225
18.072783 82.177 -95.1810
18.203746 82.236 -95.6381
18.335658 82.299 -96.1003
18.468526 82.367 -96.5731
18.602356 82.438 -97.0607
18.737156 82.510 -97.5651
18.872934 82.583 -98.0867
19.009695 82.655 -98.6236
19.147447 82.726 -99.1724
19.286197 82.795 -99.7284
19.425953 82.860 -100.2861
19.566721 82.923 -100.8399
19.708510 82.982 -101.3843
19.851326 83.039 -101.9146
19.995177 83.093 -102.4272
20.140070 83.146 -102.9199
20.286013 83.197 -103.3917
20.433014 83.247 -103.8428
20.581080 83.297 -104.2746
20.730219 83.346 -104.6892
20.880439 83.396 -105.0894
21.031747 83.446 -105.4781
21.184152 83.496 -105.8582
21.337661 83.546 -106.2325
21.492282 83.596 -106.6038
21.648024 83.645 -106.9741
21.804895 83.695 -107.3457
21.962902 83.743 -107.7203
22.122054 83.791 -108.0995
22.282360 83.838 -108.4846
22.443827 83.883 -108.8767
22.606464 83.927 -109.2764
22.770280 83.970 -109.6844
22.935283 84.011 -110.1006
23.101481 84.050 -110.5249
23.268884 84.088 -110.9568
23.437500 84.124 -111.3956
23.607338 84.158 -111.8405
23.778406 84.190 -112.2907
23.950714 84.221 -112.7453
24.124271 84.251 -113.2037
24.299086 84.280 -113.6651
24.475167 84.309 -114.1290
24.652524 84.337 -114.5948
24.831166 84.364 -115.0620
25.011103 84.392 -115.5303
25.192344 84.419 -115.9990
25.374898 84.447 -116.4679
25.558775 84.476 -116.9366
25.743984 84.505 -117.4051
25.930536 84.535 -117.8733
26.118439 84.566 -118.3412
26.307704 84.598 -118.8087
26.498341 84.631 -119.2758
26.690359 84.665 -119.7422
26.883768 84.699 -120.2073
27.078579 84.734 -120.6704
27.274801 84.769 -121.1307
27.472446 84.804 -121.5873
27.671522 84.840 -122.0393
27.872042 84.876 -122.4860
28.074014 84.912 -122.9271
28.277450 84.948 -123.3624
28.482360 84.984 -123.7922
28.688755 85.020 -124.2169
28.896645 85.055 -124.6371
29.106042 85.091 -125.0537
29.316957 85.125 -125.4672
29.529400 85.159 -125.8785
29.743382 85.192 -126.2881
29.958915 85.224 -126.6965
30.176009 85.255 -127.1039
30.394677 85.285 -127.5102
30.614929 85.313 -127.9152
30.836778 85.339 -128.3187
31.060234 85.365 -128.7207
31.285309 85.389 -129.1215
31.512015 85.413 -129.5217
31.740364 85.436 -129.9228
31.970368 85.459 -130.3264
32.202039 85.481 -130.7342
32.435388 85.503 -131.1476
32.670428 85.524 -131.5674
32.907171 85.545 -131.9935
33.145630 85.564 -132.4249
33.385817 85.583 -132.8601
33.627745 85.601 -133.2975
33.871425 85.619 -133.7358
34.116871 85.636 -134.1743
34.364096 85.653 -134.6132
34.613113 85.671 -135.0528
34.863934 85.688 -135.4940
35.116572 85.706 -135.9367
35.371041 85.723 -136.3804
35.627354 85.740 -136.8234
35.885525 85.756 -137.2637
36.145566 85.771 -137.6987
36.407492 85.786 -138.1265
36.671316 85.800 -138.5462
36.937051 85.815 -138.9579
37.204712 85.830 -139.3631
37.474313 85.846 -139.7641
37.745867 85.862 -140.1631
38.019389 85.878 -140.5623
38.294893 85.894 -140.9629
38.572394 85.909 -141.3652
38.851905 85.923 -141.7685
39.133442 85.937 -142.1719
39.417019 85.949 -142.5742
39.702651 85.961 -142.9747
39.990353 85.972 -143.3733
40.280140 85.983 -143.7704
40.572026 85.993 -144.1664
40.866028 86.003 -144.5618
41.162160 86.012 -144.9565
41.460438 86.021 -145.3502
41.760877 86.030 -145.7424
42.063494 86.038 -146.1329
42.368303 86.047 -146.5216
42.675322 86.055 -146.9092
42.984565 86.064 -147.2960
43.296048 86.072 -147.6821
43.609789 86.079 -148.0669
43.925804 86.086 -148.4491
44.244108 86.092 -148.8271
44.564719 86.098 -149.1994
44.887654 86.103 -149.5657
45.212928 86.109 -149.9268
45.540560 86.114 -150.2847
45.870565 86.119 -150.6414
46.202962 86.125 -150.9988
46.537768 86.129 -151.3574
46.875000 86.133 -151.7166
47.214676 86.136 -152.0750
47.556813 86.138 -152.4313
47.901429 86.139 -152.7853
48.248542 86.141 -153.1376
48.598171 86.142 -153.4895
48.950334 86.143 -153.8421
49.305048 86.144 -154.1960
49.662333 86.145 -154.5505
50.022206 86.145 -154.9048
50.384688 86.145 -155.2582
50.749796 86.145 -155.6102
51.117550 86.144 -155.9605
51.487969 86.143 -156.3084
51.861072 86.142 -156.6529
52.236879 86.140 -156.9927
52.615409 86.138 -157.3272
52.996681 86.136 -157.6568
53.380717 86.134 -157.9828
53.767536 86.132 -158.3066
54.157158 86.130 -158.6293
54.549603 86.127 -158.9512
54.944892 86.125 -159.2719
55.343045 86.122 -159.5916
55.744084 86.119 -159.9112
56.148028 86.117 -160.2324
56.554900 86.114 -160.5572
56.964720 86.112 -160.8871
57.377510 86.109 -161.2220
57.793291 86.105 -161.5604
58.212085 86.101 -161.8999
58.633914 86.096 -162.2385
59.058799 86.091 -162.5750
59.486764 86.085 -162.9094
59.917829 86.079 -163.2421
60.352019 86.073 -163.5730
60.789354 86.066 -163.9013
61.229859 86.058 -164.2254
61.673556 86.049 -164.5443
62.120468 86.040 -164.8577
62.570618 86.031 -165.1660
63.024031 86.020 -165.4700
63.480729 86.010 -165.7700
63.940736 85.998 -166.0665
64.404077 85.987 -166.3600
64.870776 85.975 -166.6517
65.340856 85.962 -166.9428
65.814343 85.950 -167.2347
66.291261 85.937 -167.5279
66.771635 85.923 -167.8223
67.255489 85.909 -168.1165
67.742850 85.894 -168.4080
68.233743 85.879 -168.6934
68.728193 85.863 -168.9697
69.226226 85.848 -169.2364
69.727867 85.835 -169.4960
70.233144 85.822 -169.7521
70.742083 85.810 -170.0070
71.254709 85.798 -170.2603
71.771050 85.787 -170.5095
72.291132 85.775 -170.7525
72.814984 85.764 -170.9891
73.342631 85.754 -171.2217
73.874102 85.746 -171.4555
74.409424 85.738 -171.6980
74.948626 85.730 -171.9548
75.491734 85.721 -172.2269
76.038779 85.710 -172.5093
76.589787 85.697 -172.7957
77.144788 85.682 -173.0825
77.703811 85.666 -173.3693
78.266885 85.649 -173.6554
78.834039 85.630 -173.9375
79.405303 85.611 -174.2116
79.980706 85.591 -174.4759
80.560280 85.572 -174.7318
81.144053 85.553 -174.9824
81.732056 85.535 -175.2318
82.324320 85.516 -175.4841
82.920876 85.497 -175.7421
83.521755 85.475 -176.0057
84.126988 85.450 -176.2706
84.736607 85.421 -176.5300
85.350643 85.389 -176.7774
85.969129 85.355 -177.0098
86.592097 85.319 -177.2278
87.219579 85.284 -177.4344
87.851608 85.249 -177.6320
88.488217 85.215 -177.8222
89.129439 85.183 -178.0068
89.775308 85.152 -178.1865
90.425856 85.123 -178.3595
91.081119 85.096 -178.5213
91.741131 85.071 -178.6664
92.405925 85.050 -178.7921
93.075536 85.032 -178.9028
93.750000 85.020 -179.0120
94.429351 85.013 -179.1355
95.113625 85.007 -179.2812
95.802858 85.000 -179.4457
96.497085 84.993 -179.6206
97.196342 84.984 -179.7996
97.900667 84.974 -179.9811
98.610096 84.962 179.8347
99.324665 84.949 179.6487
100.044413 84.933 179.4645
100.769376 84.916 179.2853
101.499592 84.897 179.1115
102.235100 84.877 178.9402
102.975938 84.855 178.7672
103.722144 84.832 178.5892
104.473757 84.808 178.4066
105.230817 84.782 178.2214
105.993363 84.755 178.0339
106.761435 84.727 177.8428
107.535072 84.700 177.6472
108.314315 84.673 177.4478
109.099206 84.646 177.2459
109.889783 84.620 177.0432
110.686090 84.594 176.8412
111.488167 84.568 176.6411
112.296056 84.542 176.4436
113.109800 84.514 176.2502
113.929440 84.486 176.0639
114.755020 84.455 175.8891
115.586582 84.423 175.7317
116.424170 84.389 175.5958
117.267827 84.356 175.4816
118.117598 84.325 175.3830
118.973527 84.295 175.2897
119.835658 84.266 175.1927
120.704037 84.237 175.0918
121.578708 84.207 174.9925
122.459718 84.176 174.8995
123.347111 84.145 174.8135
124.240935 84.113 174.7319
125.141236 84.081 174.6516
126.048061 84.049 174.5714
126.961458 84.018 174.4921
127.881473 83.988 174.4126
128.808154 83.959 174.3301
129.741551 83.932 174.2413
130.681712 83.906 174.1450
131.628686 83.881 174.0430
132.582521 83.855 173.9384
133.543269 83.829 173.8334
134.510979 83.802 173.7301
135.485701 83.775 173.6293
136.467486 83.746 173.5308
137.456386 83.716 173.4348
138.452451 83.685 173.3418
139.455735 83.653 173.2531
140.466288 83.621 173.1694
141.484165 83.589 173.0907
142.509418 83.557 173.0166
143.542100 83.526 172.9464
144.582265 83.494 172.8795
145.629968 83.463 172.8143
146.685262 83.432 172.7496
147.748204 83.401 172.6850
148.818849 83.370 172.6221
149.897251 83.338 172.5649
150.983469 83.305 172.5189
152.077557 83.272 172.4883
153.179574 83.239 172.4742
154.289576 83.207 172.4750
155.407622 83.176 172.4859
156.533770 83.147 172.4999
157.668078 83.119 172.5092
158.810606 83.092 172.5074
159.961413 83.066 172.4919
161.120559 83.039 172.4642
162.288105 83.012 172.4285
163.464112 82.985 172.3898
164.648640 82.956 172.3523
165.841752 82.926 172.3196
167.043510 82.896 172.2946
168.253976 82.864 172.2795
169.473213 82.832 172.2753
170.701286 82.801 172.2814
171.938258 82.770 172.2954
173.184194 82.740 172.3146
174.439158 82.711 172.3374
175.703216 82.682 172.3636
176.976434 82.654 172.3925
178.258878 82.626 172.4220
179.550615 82.599 172.4489
180.851713 82.573 172.4698
182.162239 82.546 172.4820
183.482262 82.519 172.4852
184.811850 82.492 172.4814
186.151073 82.464 172.4740
187.500000 82.436 172.4664
188.858702 82.408 172.4618
190.227250 82.379 172.4630
191.605715 82.349 172.4717
192.994169 82.319 172.4885
194.392685 82.288 172.5132
195.801334 82.257 172.5457
197.220191 82.225 172.5867
198.649330 82.193 172.6373
200.088825 82.162 172.6988
201.538751 82.131 172.7714
202.999184 82.101 172.8529
204.470200 82.073 172.9382
205.951875 82.046 173.0200
207.444287 82.019 173.0911
208.947514 81.991 173.1461
210.461634 81.963 173.1851
211.986726 81.932 173.2140
213.522869 81.901 173.2411
215.070144 81.871 173.2742
216.628631 81.840 173.3194
218.198411 81.810 173.3810
219.779567 81.782 173.4587
221.372180 81.754 173.5479
222.976334 81.728 173.6426
224.592112 81.703 173.7385
226.219600 81.679 173.8344
227.858880 81.654 173.9300
229.510039 81.629 174.0251
231.173164 81.604 174.1193
232.848340 81.579 174.2112
234.535655 81.554 174.2991
236.235197 81.530 174.3817
237.947054 81.505 174.4593
239.671317 81.479 174.5343
241.408074 81.453 174.6093
243.157416 81.426 174.6863
244.919435 81.398 174.7672
246.694223 81.369 174.8556
248.481871 81.339 174.9562
250.282473 81.310 175.0736
252.096123 81.281 175.2098
253.922915 81.254 175.3625
255.762945 81.230 175.5244
257.616309 81.208 175.6848
259.483103 81.189 175.8333
261.363424 81.170 175.9646
263.257372 81.151 176.0805
265.165043 81.130 176.1879
267.086538 81.107 176.2956
269.021957 81.083 176.4105
270.971401 81.059 176.5364
272.934972 81.035 176.6734
274.912771 81.012 176.8193
276.904902 80.991 176.9719
278.911469 80.971 177.1292
280.932577 80.953 177.2892
282.968330 80.937 177.4486
285.018835 80.922 177.6013
287.084199 80.910 177.7407
289.164530 80.897 177.8611
291.259935 80.884 177.9618
293.370525 80.869 178.0480
295.496408 80.852 178.1294
297.637697 80.832 178.2159
299.794503 80.809 178.3134
301.966937 80.786 178.4227
304.155114 80.762 178.5419
306.359147 80.738 178.6672
308.579152 80.714 178.7957
310.815244 80.690 178.9245
313.067539 80.667 179.0527
315.336156 80.643 179.1819
317.621211 80.619 179.3161
319.922826 80.594 179.4598
322.241118 80.570 179.6156
324.576210 80.546 179.7822
326.928223 80.523 179.9564
329.297280 80.501 -179.8658
331.683504 80.480 -179.6873
334.087019 80.461 -179.5103
336.507952 80.442 -179.3360
338.946427 80.423 -179.1643
341.402572 80.403 -178.9942
343.876516 80.384 -178.8244
346.368387 80.363 -178.6535
348.878315 80.343 -178.4803
351.406431 80.323 -178.3042
353.952867 80.304 -178.1247
356.517756 80.284 -177.9421
359.101230 80.265 -177.7570
361.703426 80.246 -177.5704
364.324478 80.228 -177.3827
366.964523 80.209 -177.1932
369.623699 80.190 -177.0006
372.302145 80.172 -176.8035
375.000000 80.154 -176.6014
377.717405 80.137 -176.3949
380.454501 80.120 -176.1851
383.211431 80.103 -175.9735
385.988339 80.086 -175.7615
388.785369 80.069 -175.5494
391.602668 80.052 -175.3367
394.440383 80.036 -175.1228
397.298660 80.021 -174.9072
400.177650 80.005 -174.6902
403.077502 79.991 -174.4726
405.998368 79.976 -174.2565
408.940400 79.961 -174.0435
411.903750 79.946 -173.8328
414.888575 79.931 -173.6210
417.895028 79.916 -173.4037
420.923268 79.900 -173.1773
423.973452 79.886 -172.9406
427.045738 79.872 -172.6951
430.140287 79.860 -172.4445
433.257261 79.849 -172.1935
436.396822 79.840 -171.9450
439.559133 79.832 -171.6991
442.744360 79.825 -171.4556
445.952668 79.820 -171.2168
449.184225 79.815 -170.9879
452.439199 79.811 -170.7759
455.717760 79.806 -170.5849
459.020079 79.799 -170.4118
462.346327 79.788 -170.2457
465.696680 79.775 -170.0735
469.071310 79.760 -169.8866
472.470394 79.745 -169.6829
475.894109 79.729 -169.4658
479.342634 79.715 -169.2422
482.816148 79.701 -169.0183
486.314833 79.687 -168.7956
489.838871 79.672 -168.5687
493.388445 79.656 -168.3289
496.963741 79.640 -168.0720
500.564945 79.626 -167.8018
504.192245 79.613 -167.5266
507.845830 79.601 -167.2538
511.525890 79.591 -166.9866
515.232618 79.580 -166.7243
518.966206 79.568 -166.4633
522.726849 79.555 -166.1987
526.514743 79.542 -165.9256
530.330086 79.529 -165.6424
534.173076 79.516 -165.3513
538.043915 79.505 -165.0569
541.942803 79.495 -164.7618
545.869944 79.486 -164.4651
549.825542 79.478 -164.1660
553.809805 79.471 -163.8662
557.822939 79.465 -163.5684
561.865154 79.460 -163.2745
565.936660 79.454 -162.9836
570.037671 79.448 -162.6929
574.168399 79.441 -162.3992
578.329060 79.434 -162.1010
582.519870 79.427 -161.7986
586.741049 79.418 -161.4925
590.992817 79.410 -161.1811
595.275394 79.402 -160.8621
599.589005 79.394 -160.5356
603.933874 79.388 -160.2046
608.310228 79.382 -159.8726
612.718295 79.377 -159.5414
617.158304 79.372 -159.2090
621.630488 79.367 -158.8691
626.135079 79.361 -158.5150
630.672311 79.357 -158.1444
635.242423 79.354 -157.7620
639.845651 79.354 -157.3742
644.482237 79.355 -156.9838
649.152421 79.358 -156.5903
653.856447 79.364 -156.1951
658.594560 79.373 -155.8050
663.367008 79.385 -155.4301
668.174039 79.398 -155.0787
673.015903 79.410 -154.7502
677.892854 79.420 -154.4368
682.805145 79.428 -154.1293
687.753032 79.434 -153.8203
692.736774 79.438 -153.5040
697.756631 79.441 -153.1751
702.812863 79.444 -152.8316
707.905735 79.448 -152.4760
713.035511 79.453 -152.1128
718.202461 79.459 -151.7457
723.406852 79.466 -151.3761
728.648956 79.473 -151.0040
733.929047 79.481 -150.6286
739.247399 79.489 -150.2488
744.604290 79.498 -149.8636
750.000000 79.507 -149.4719
755.434809 79.517 -149.0741
760.909001 79.528 -148.6718
766.422861 79.540 -148.2665
771.976677 79.554 -147.8585
777.570739 79.568 -147.4478
783.205337 79.584 -147.0338
788.880766 79.600 -146.6142
794.597321 79.618 -146.1856
800.355301 79.637 -145.7460
806.155005 79.660 -145.2980
811.996736 79.685 -144.8487
817.880799 79.714 -144.4068
823.807501 79.746 -143.9814
829.777150 79.781 -143.5798
835.790057 79.815 -143.2041
841.846536 79.847 -142.8477
847.946903 79.878 -142.5007
854.091476 79.907 -142.1547
860.280575 79.935 -141.8050
866.514523 79.962 -141.4475
872.793644 79.990 -141.0787
879.118267 80.018 -140.6991
885.488720 80.048 -140.3138
891.905336 80.079 -139.9279
898.368450 80.111 -139.5426
904.878398 80.145 -139.1558
911.435520 80.179 -138.7661
918.040157 80.215 -138.3749
924.692655 80.253 -137.9846
931.393359 80.293 -137.5980
938.142619 80.335 -137.2182
944.940787 80.377 -136.8469
951.788218 80.420 -136.4832
958.685268 80.464 -136.1252
965.632296 80.507 -135.7708
972.629666 80.551 -135.4184
979.677741 80.595 -135.0675
986.776890 80.640 -134.7184
993.927482 80.685 -134.3690
1001.129891 80.731 -134.0143
1008.384491 80.777 -133.6501
1015.691660 80.826 -133.2777
1023.051781 80.879 -132.9030
1030.465236 80.936 -132.5344
1037.932411 80.997 -132.1833
1045.453698 81.061 -131.8616
1053.029486 81.127 -131.5750
1060.660172 81.193 -131.3207
1068.346153 81.256 -131.0905
1076.087829 81.317 -130.8751
1083.885605 81.376 -130.6680
1091.739887 81.433 -130.4666
1099.651084 81.490 -130.2705
1107.619609 81.546 -130.0793
1115.645878 81.601 -129.8916
1123.730308 81.656 -129.7060
1131.873321 81.710 -129.5207
1140.075341 81.763 -129.3349
1148.336797 81.816 -129.1487
1156.658119 81.869 -128.9622
1165.039741 81.922 -128.7743
1173.482099 81.976 -128.5832
1181.985634 82.031 -128.3891
1190.550789 82.088 -128.1976
1199.178011 82.148 -128.0196
1207.867749 82.210 -127.8668
1216.620457 82.271 -127.7456
1225.436590 82.331 -127.6533
1234.316609 82.388 -127.5816
1243.260976 82.441 -127.5214
1252.270157 82.492 -127.4639
1261.344623 82.540 -127.4036
1270.484846 82.586 -127.3390
1279.691303 82.631 -127.2688
1288.964474 82.674 -127.1919
1298.304842 82.716 -127.1092
1307.712894 82.758 -127.0234
1317.189120 82.800 -126.9376
1326.734016 82.840 -126.8535
1336.348077 82.880 -126.7698
1346.031806 82.918 -126.6832
1355.785708 82.954 -126.5900
1365.610290 82.989 -126.4863
1375.506065 83.022 -126.3671
1385.473549 83.056 -126.2270
1395.513261 83.090 -126.0640
1405.625726 83.127 -125.8830
1415.811469 83.168 -125.6956
1426.071023 83.211 -125.5161
1436.404921 83.257 -125.3531
1446.813703 83.302 -125.2062
1457.297912 83.346 -125.0682
1467.858093 83.389 -124.9313
1478.494798 83.431 -124.7897
1489.208581 83.472 -124.6395
1500.000000 83.512 -124.4781
1510.869618 83.554 -124.3028
1521.818002 83.597 -124.1118
1532.845723 83.643 -123.9044
1543.953355 83.693 -123.6814
1555.141477 83.748 -123.4465
1566.410674 83.809 -123.2092
1577.761531 83.876 -122.9867
1589.194642 83.949 -122.7997
1600.710601 84.025 -122.6628
1612.310010 84.101 -122.5791
1623.993473 84.176 -122.5427
1635.761599 84.247 -122.5433
1647.615002 84.314 -122.5704
1659.554299 84.376 -122.6140
1671.580114 84.434 -122.6658
1683.693072 84.488 -122.7204
1695.893807 84.539 -122.7759
1708.182952 84.588 -122.8313
1720.561150 84.634 -122.8839
1733.029045 84.677 -122.9292
1745.587288 84.716 -122.9608
1758.236533 84.754 -122.9717
1770.977440 84.791 -122.9562
1783.810673 84.830 -122.9155
1796.736900 84.872 -122.8592
1809.756796 84.918 -122.8024
1822.871040 84.966 -122.7566
1836.080315 85.016 -122.7262
1849.385310 85.065 -122.7107
1862.786718 85.115 -122.7071
1876.285239 85.163 -122.7115
1889.881575 85.210 -122.7190
1903.576436 85.256 -122.7246
1917.370535 85.301 -122.7235
1931.264593 85.347 -122.7130
1945.259332 85.395 -122.6943
1959.355483 85.447 -122.6764
1973.553781 85.501 -122.6727
1987.854965 85.557 -122.6933
2002.259781 85.612 -122.7412
2016.768981 85.667 -122.8135
2031.383320 85.718 -122.9045
2046.103561 85.767 -123.0082
2060.930471 85.813 -123.1194
2075.864823 85.857 -123.2358
2090.907395 85.898 -123.3564
2106.058972 85.936 -123.4782
2121.320344 85.970 -123.5949
2136.692305 86.001 -123.6970
2152.175658 86.029 -123.7748
2167.771210 86.057 -123.8247
2183.479774 86.087 -123.8522
2199.302169 86.119 -123.8689
2215.239219 86.152 -123.8836
2231.291755 86.187 -123.8999
2247.460615 86.222 -123.9167
2263.746641 86.256 -123.9293
2280.150683 86.289 -123.9304
2296.673595 86.321 -123.9112
2313.316238 86.355 -123.8640
2330.079481 86.392 -123.7865
2346.964198 86.435 -123.6856
2363.971268 86.484 -123.5746
2381.101578 86.540 -123.4673
2398.356022 86.604 -123.3751
2415.735498 86.674 -123.3081
2433.240913 86.750 -123.2772
2450.873180 86.832 -123.2946
2468.633217 86.918 -123.3731
2486.521951 87.005 -123.5217
2504.540314 87.090 -123.7415
2522.689246 87.171 -124.0242
2540.969692 87.245 -124.3552
2559.382606 87.313 -124.7216
2577.928947 87.374 -125.1154
2596.609683 87.428 -125.5307
2615.425787 87.475 -125.9598
2634.378241 87.514 -126.3926
2653.468031 87.544 -126.8165
2672.696154 87.568 -127.2169
2692.063613 87.585 -127.5803
2711.571415 87.599 -127.8980
2731.220579 87.614 -128.1716
2751.012130 87.630 -128.4110
2770.947098 87.649 -128.6292
2791.026522 87.672 -128.8376
2811.251451 87.697 -129.0458
2831.622938 87.726 -129.2620
2852.142045 87.757 -129.4944
2872.809842 87.789 -129.7492
2893.627406 87.820 -130.0275
2914.595823 87.850 -130.3243
2935.716186 87.878 -130.6328
2956.989596 87.904 -130.9509
2978.417161 87.928 -131.2804
3000.000000 87.950 -131.6240
3021.739237 87.969 -131.9810
3043.636005 87.984 -132.3461
3065.691446 87.994 -132.7087
3087.906710 87.999 -133.0568
3110.282955 88.002 -133.3831
3132.821347 88.004 -133.6889
3155.523062 88.005 -133.9801
3178.389283 88.006 -134.2633
3201.421202 88.007 -134.5423
3224.620020 88.007 -134.8193
3247.986946 88.006 -135.0951
3271.523198 88.003 -135.3677
3295.230004 87.997 -135.6297
3319.108599 87.990 -135.8723
3343.160228 87.982 -136.0917
3367.386145 87.975 -136.2915
3391.787613 87.969 -136.4793
3416.365904 87.964 -136.6617
3441.122300 87.959 -136.8395
3466.058091 87.954 -137.0074
3491.174576 87.949 -137.1584
3516.473066 87.946 -137.2911
3541.954880 87.945 -137.4103
3567.621345 87.948 -137.5239
3593.473800 87.954 -137.6402
3619.513592 87.962 -137.7665
3645.742080 87.972 -137.9079
3672.160630 87.982 -138.0639
3698.770620 87.991 -138.2278
3725.573436 88.000 -138.3932
3752.570477 88.009 -138.5588
3779.763150 88.019 -138.7281
3807.152872 88.030 -138.9044
3834.741071 88.040 -139.0859
3862.529185 88.050 -139.2648
3890.518664 88.060 -139.4339
3918.710966 88.072 -139.5927
3947.107561 88.087 -139.7471
3975.709929 88.106 -139.9076
4004.519563 88.128 -140.0859
4033.537962 88.153 -140.2924
4062.766641 88.179 -140.5311
4092.207123 88.204 -140.7984
4121.860942 88.228 -141.0896
4151.729646 88.251 -141.4035
4181.814790 88.273 -141.7416
4212.117944 88.292 -142.1034
4242.640687 88.307 -142.4820
4273.384610 88.318 -142.8669
4304.351317 88.327 -143.2510
4335.542421 88.335 -143.6337
4366.959549 88.343 -144.0194
4398.604338 88.350 -144.4163
4430.478438 88.356 -144.8317
4462.583511 88.360 -145.2665
4494.921231 88.361 -145.7157
4527.493283 88.359 -146.1743
4560.301365 88.353 -146.6408
4593.347189 88.344 -147.1142
4626.632476 88.330 -147.5890
4660.158962 88.312 -148.0554
4693.928395 88.290 -148.5049
4727.942535 88.267 -148.9352
4762.203156 88.244 -149.3514
4796.712043 88.222 -149.7646
4831.470996 88.201 -150.1870
4866.481826 88.179 -150.6251
4901.746360 88.155 -151.0807
4937.266434 88.128 -151.5546
4973.043902 88.097 -152.0473
5009.080628 88.061 -152.5538
5045.378492 88.017 -153.0618
5081.939384 87.966 -153.5555
5118.765212 87.909 -154.0217
5155.857894 87.847 -154.4539
5193.219366 87.783 -154.8531
5230.851574 87.717 -155.2243
5268.756481 87.650 -155.5709
5306.936062 87.583 -155.8960
5345.392309 87.514 -156.2047
5384.127225 87.444 -156.5013
5423.142830 87.371 -156.7846
5462.441159 87.295 -157.0463
5502.024259 87.216 -157.2758
5541.894195 87.136 -157.4656
5582.053045 87.055 -157.6152
5622.502902 86.976 -157.7295
5663.245876 86.899 -157.8142
5704.284090 86.824 -157.8749
5745.619684 86.752 -157.9192
5787.254813 86.681 -157.9534
5829.191647 86.611 -157.9777
5871.432373 86.540 -157.9859
5913.979192 86.470 -157.9685
5956.834323 86.400 -157.9193
6000.000000 86.333 -157.8380
6043.478473 86.269 -157.7280
6087.272010 86.209 -157.5946
6131.382892 86.153 -157.4455
6175.813420 86.103 -157.2902
6220.565910 86.056 -157.1342
6265.642695 86.012 -156.9773
6311.046124 85.970 -156.8148
6356.778566 85.930 -156.6424
6402.842404 85.894 -156.4583
6449.240040 85.860 -156.2623
6495.973891 85.831 -156.0557
6543.046396 85.806 -155.8413
6590.460007 85.784 -155.6217
6638.217197 85.766 -155.3945
6686.320456 85.750 -155.1517
6734.772290 85.738 -154.8835
6783.575226 85.731 -154.5819
6832.731809 85.732 -154.2424
6882.244600 85.744 -153.8659
6932.116181 85.769 -153.4606
6982.349153 85.810 -153.0401
7032.946133 85.869 -152.6195
7083.909760 85.947 -152.2129
7135.242690 86.047 -151.8371
7186.947600 86.171 -151.5146
7239.027185 86.320 -151.2742
7291.484160 86.496 -151.1525
7344.321260 86.697 -151.1931
7397.541239 86.923 -151.4408
7451.146872 87.168 -151.9362
7505.140954 87.428 -152.7129
7559.526299 87.697 -153.7997
7614.305743 87.968 -155.2211
7669.482141 88.233 -156.9974
7725.058371 88.484 -159.1443
7781.037328 88.709 -161.6672
7837.421932 88.896 -164.5536
7894.215122 89.034 -167.7685
7951.419859 89.111 -171.2558
8009.039125 89.119 -174.9423
8067.075924 89.053 -178.7431
8125.533282 88.911 177.4291
8184.414245 88.692 173.6595
8243.721885 88.401 170.0294
8303.459292 88.040 166.6147
8363.629581 87.617 163.4825
8424.235888 87.141 160.6877
8485.281374 86.623 158.2682
8546.769221 86.072 156.2410
8608.702634 85.501 154.6033
8671.084842 84.918 153.3403
8733.919097 84.331 152.4316
8797.208675 83.747 151.8560
8860.956876 83.169 151.5931
8925.167022 82.604 151.6191
8989.842461 82.055 151.9045
9054.986566 81.524 152.4171
9120.602731 81.014 153.1270
9186.694378 80.525 154.0111
9253.264952 80.056 155.0551
9320.317925 79.608 156.2477
9387.856790 79.182 157.5750
9455.885071 78.777 159.0197
9524.406312 78.394 160.5653
9593.424086 78.031 162.2006
9662.941992 77.687 163.9227
9732.963653 77.362 165.7321
9803.492719 77.056 167.6249
9874.532869 76.771 169.5924
9946.087805 76.504 171.6234
10018.161257 76.257 173.7121
10090.756983 76.028 175.8609
10163.878768 75.816 178.0748
10237.530423 75.624 -179.6458
10311.715789 75.451 -177.3052
10386.438732 75.297 -174.9069
10461.703149 75.162 -172.4455
10537.512962 75.046 -169.9084
10613.872125 74.950 -167.2831
10690.784618 74.877 -164.5618
10768.254450 74.827 -161.7387
10846.285661 74.804 -158.7995
10924.882318 74.812 -155.7202
11004.048518 74.858 -152.4745
11083.788390 74.950 -149.0419
11164.106090 75.101 -145.4121
11245.005805 75.326 -141.5849
11326.491752 75.644 -137.5793
11408.568180 76.072 -133.4562
11491.239368 76.630 -129.3402
11574.509626 77.325 -125.4229
11658.383294 78.155 -121.9408
11742.864745 79.104 -119.1396
11827.958384 80.146 -117.2362
11913.668646 81.249 -116.3897
12000.000000 82.378 -116.6860
12086.956947 83.505 -118.1407
12174.544019 84.604 -120.7210
12262.765784 85.652 -124.3725
12351.626840 86.631 -129.0385
12441.131819 87.519 -134.6646
12531.285389 88.293 -141.1901
12622.092249 88.927 -148.5319
12713.557132 89.394 -156.5652
12805.684808 89.668 -165.1058
12898.480079 89.728 -173.9010
12991.947783 89.566 177.3567
13086.092792 89.187 168.9885
13180.920015 88.610 161.2794
13276.434395 87.868 154.4442
13372.640911 86.997 148.6172
13469.544580 86.035 143.8588
13567.150452 85.021 140.1648
13665.463617 83.993 137.4778
13764.489200 82.983 135.7030
13864.232362 82.015 134.7247
13964.698305 81.112 134.4189
14065.892266 80.285 134.6607
14167.819519 79.543 135.3327
14270.485380 78.888 136.3336
14373.895200 78.321 137.5780
14478.054370 77.841 138.9918
14582.968320 77.445 140.5103
14688.642520 77.133 142.0789
14795.082478 76.904 143.6472
14902.293745 76.760 145.1607
15010.281908 76.704 146.5561
15119.052599 76.740 147.7590
15228.611486 76.871 148.6780
15338.964283 77.101 149.2003
15450.116741 77.428 149.1934
15562.074656 77.844 148.5109
15674.843864 78.331 147.0025
15788.430244 78.862 144.5307
15902.839718 79.401 140.9930
16018.078250 79.903 136.3433
16134.151848 80.318 130.6083
16251.066563 80.599 123.9022
16368.828491 80.704 116.4333
16487.443769 80.601 108.4930
16606.918584 80.276 100.4203
16727.259161 79.730 92.5520
16848.471777 78.981 85.1754
16970.562748 78.057 78.4991
17093.538442 76.988 72.6495
17217.405268 75.805 67.6889
17342.169684 74.538 63.6408
17467.838194 73.208 60.5128
17594.417350 71.836 58.3163
17721.913751 70.438 57.0734
17850.334044 69.032 56.8047
17979.684923 67.640 57.5028
18109.973131 66.284 59.1038
18241.205462 64.992 61.4684
18373.388756 63.786 64.3929
18506.529905 62.682 67.6526
18640.635849 61.684 71.0516
18775.713581 60.786 74.4507
18911.770141 59.974 77.7713
19048.812624 59.235 80.9768
19186.848172 58.556 84.0501
19325.883983 57.931 86.9821
19465.927305 57.362 89.7549
19606.985439 56.861 92.3159
19749.065738 56.451 94.5500
19892.175609 56.160 96.2632
20036.322514 56.009 97.2126
