* Measurement data measured by REW V5.30.4
* Source: EXCL: Microphone (Realtek(R) Audio), MICROPHONE (Master Volume), L, volume: 1.000
* Format: 256k Log Swept Sine, 1 sweep at -21.0 dBFS with no timing reference
* Dated: Jan 23, 2024 5:52:04 PM
* REW Settings:
*  C-weighting compensation: Off
*  Target level: 75.0 dB
* Note: Tanchjim Mino Default L
* Measurement: L Tanchjim Mino
* Smoothing: 1/12 octave
* Frequency Step: 96 ppo
* Start Frequency: 0.36621094 Hz
*
* Freq(Hz) SPL(dB) Phase(degrees)
0.366211 75.653 -12.1870
0.368865 75.682 -12.2490
0.371538 75.725 -12.3405
0.374230 75.778 -12.4529
0.376942 75.838 -12.5789
0.379673 75.902 -12.7133
0.382424 75.968 -12.8525
0.385196 76.037 -12.9944
0.387987 76.106 -13.1378
0.390798 76.176 -13.2819
0.393630 76.247 -13.4265
0.396483 76.318 -13.5712
0.399356 76.390 -13.7161
0.402250 76.463 -13.8609
0.405165 76.536 -14.0058
0.408101 76.609 -14.1507
0.411058 76.683 -14.2956
0.414037 76.758 -14.4404
0.417037 76.833 -14.5853
0.420059 76.909 -14.7301
0.423103 76.985 -14.8749
0.426169 77.062 -15.0197
0.429257 77.139 -15.1645
0.432367 77.217 -15.3093
0.435501 77.296 -15.4541
0.438656 77.375 -15.5990
0.441835 77.455 -15.7439
0.445037 77.535 -15.8888
0.448262 77.616 -16.0338
0.451510 77.697 -16.1789
0.454782 77.779 -16.3241
0.458077 77.862 -16.4695
0.461397 77.945 -16.6150
0.464740 78.029 -16.7606
0.468108 78.113 -16.9065
0.471500 78.198 -17.0526
0.474917 78.284 -17.1989
0.478358 78.370 -17.3455
0.481825 78.457 -17.4925
0.485316 78.544 -17.6397
0.488833 78.633 -17.7874
0.492375 78.721 -17.9355
0.495943 78.811 -18.0840
0.499537 78.901 -18.2331
0.503157 78.992 -18.3826
0.506803 79.083 -18.5328
0.510475 79.175 -18.6835
0.514174 79.268 -18.8350
0.517900 79.361 -18.9871
0.521653 79.455 -19.1400
0.525433 79.550 -19.2937
0.529241 79.646 -19.4482
0.533076 79.742 -19.6036
0.536939 79.839 -19.7600
0.540830 79.936 -19.9174
0.544749 80.034 -20.0759
0.548696 80.133 -20.2355
0.552673 80.233 -20.3963
0.556677 80.333 -20.5583
0.560711 80.434 -20.7216
0.564774 80.536 -20.8863
0.568867 80.639 -21.0524
0.572989 80.742 -21.2200
0.577141 80.846 -21.3891
0.581324 80.951 -21.5598
0.585536 81.057 -21.7323
0.589779 81.163 -21.9065
0.594053 81.270 -22.0825
0.598358 81.378 -22.2604
0.602694 81.487 -22.4403
0.607061 81.597 -22.6223
0.611460 81.707 -22.8064
0.615891 81.818 -22.9927
0.620354 81.930 -23.1813
0.624849 82.043 -23.3722
0.629377 82.156 -23.5657
0.633938 82.270 -23.7616
0.638532 82.386 -23.9602
0.643159 82.502 -24.1615
0.647819 82.619 -24.3656
0.652514 82.736 -24.5725
0.657242 82.855 -24.7825
0.662005 82.974 -24.9956
0.666802 83.095 -25.2118
0.671634 83.216 -25.4314
0.676501 83.338 -25.6543
0.681403 83.461 -25.8807
0.686341 83.584 -26.1107
0.691314 83.709 -26.3444
0.696324 83.834 -26.5819
0.701369 83.960 -26.8232
0.706452 84.087 -27.0684
0.711571 84.213 -27.3176
0.716727 84.339 -27.5707
0.721921 84.464 -27.8274
0.727153 84.586 -28.0876
0.732422 84.706 -28.3507
0.737729 84.823 -28.6161
0.743075 84.936 -28.8832
0.748460 85.047 -29.1514
0.753883 85.156 -29.4205
0.759346 85.264 -29.6899
0.764849 85.372 -29.9596
0.770391 85.479 -30.2295
0.775974 85.585 -30.4993
0.781597 85.691 -30.7691
0.787261 85.797 -31.0388
0.792965 85.903 -31.3084
0.798712 86.008 -31.5778
0.804499 86.113 -31.8471
0.810329 86.218 -32.1163
0.816201 86.322 -32.3853
0.822116 86.427 -32.6541
0.828073 86.531 -32.9228
0.834073 86.635 -33.1914
0.840118 86.739 -33.4599
0.846205 86.842 -33.7283
0.852337 86.945 -33.9967
0.858514 87.048 -34.2650
0.864735 87.151 -34.5335
0.871001 87.254 -34.8020
0.877313 87.356 -35.0707
0.883670 87.459 -35.3396
0.890074 87.561 -35.6088
0.896523 87.663 -35.8783
0.903020 87.764 -36.1483
0.909564 87.866 -36.4187
0.916155 87.968 -36.6898
0.922793 88.069 -36.9615
0.929480 88.170 -37.2340
0.936216 88.271 -37.5073
0.943000 88.372 -37.7816
0.949833 88.473 -38.0570
0.956716 88.574 -38.3336
0.963649 88.675 -38.6115
0.970632 88.776 -38.8908
0.977666 88.877 -39.1717
0.984750 88.977 -39.4543
0.991886 89.078 -39.7387
0.999074 89.179 -40.0251
1.006313 89.280 -40.3136
1.013605 89.381 -40.6044
1.020950 89.482 -40.8976
1.028349 89.584 -41.1935
1.035801 89.685 -41.4921
1.043306 89.787 -41.7937
1.050867 89.889 -42.0984
1.058482 89.991 -42.4065
1.066152 90.093 -42.7181
1.073878 90.196 -43.0334
1.081659 90.299 -43.3527
1.089498 90.402 -43.6760
1.097393 90.505 -44.0035
1.105345 90.608 -44.3352
1.113355 90.711 -44.6712
1.121422 90.814 -45.0113
1.129549 90.916 -45.3554
1.137734 91.018 -45.7033
1.145978 91.119 -46.0548
1.154283 91.220 -46.4097
1.162647 91.320 -46.7677
1.171072 91.420 -47.1287
1.179558 91.519 -47.4924
1.188106 91.618 -47.8587
1.196715 91.717 -48.2272
1.205387 91.815 -48.5978
1.214122 91.912 -48.9704
1.222920 92.010 -49.3446
1.231781 92.106 -49.7204
1.240708 92.203 -50.0975
1.249698 92.299 -50.4759
1.258754 92.394 -50.8552
1.267875 92.489 -51.2354
1.277063 92.584 -51.6164
1.286317 92.678 -51.9979
1.295638 92.772 -52.3798
1.305027 92.866 -52.7621
1.314484 92.960 -53.1446
1.324009 93.053 -53.5271
1.333603 93.146 -53.9096
1.343267 93.239 -54.2920
1.353001 93.331 -54.6741
1.362805 93.423 -55.0560
1.372681 93.516 -55.4375
1.382628 93.608 -55.8185
1.392647 93.700 -56.1991
1.402739 93.792 -56.5791
1.412904 93.884 -56.9587
1.423142 93.975 -57.3378
1.433455 94.067 -57.7167
1.443842 94.159 -58.0955
1.454305 94.251 -58.4746
1.464843 94.342 -58.8545
1.475458 94.433 -59.2358
1.486150 94.524 -59.6189
1.496919 94.614 -60.0044
1.507766 94.704 -60.3924
1.518692 94.793 -60.7829
1.529697 94.881 -61.1759
1.540782 94.969 -61.5713
1.551947 95.056 -61.9690
1.563193 95.142 -62.3687
1.574521 95.228 -62.7704
1.585931 95.313 -63.1737
1.597423 95.398 -63.5785
1.608998 95.482 -63.9846
1.620658 95.565 -64.3919
1.632402 95.648 -64.8002
1.644231 95.730 -65.2092
1.656146 95.812 -65.6188
1.668147 95.893 -66.0289
1.680235 95.974 -66.4392
1.692410 96.054 -66.8497
1.704674 96.134 -67.2602
1.717027 96.214 -67.6705
1.729469 96.293 -68.0806
1.742002 96.372 -68.4903
1.754625 96.450 -68.8995
1.767340 96.529 -69.3083
1.780147 96.607 -69.7166
1.793046 96.684 -70.1246
1.806040 96.762 -70.5327
1.819127 96.839 -70.9413
1.832309 96.916 -71.3512
1.845587 96.992 -71.7630
1.858961 97.067 -72.1777
1.872431 97.142 -72.5956
1.886000 97.216 -73.0169
1.899666 97.289 -73.4416
1.913432 97.362 -73.8695
1.927298 97.433 -74.3004
1.941264 97.504 -74.7337
1.955331 97.574 -75.1692
1.969500 97.644 -75.6064
1.983772 97.712 -76.0447
1.998147 97.780 -76.4837
2.012626 97.847 -76.9230
2.027211 97.914 -77.3620
2.041901 97.980 -77.8003
2.056697 98.046 -78.2373
2.071601 98.111 -78.6726
2.086613 98.176 -79.1057
2.101733 98.240 -79.5361
2.116963 98.304 -79.9634
2.132303 98.367 -80.3874
2.147755 98.430 -80.8077
2.163318 98.493 -81.2245
2.178995 98.556 -81.6380
2.194785 98.617 -82.0488
2.210689 98.679 -82.4577
2.226709 98.739 -82.8656
2.242844 98.799 -83.2732
2.259097 98.858 -83.6809
2.275467 98.917 -84.0890
2.291956 98.974 -84.4974
2.308565 99.031 -84.9060
2.325294 99.087 -85.3144
2.342144 99.142 -85.7223
2.359116 99.197 -86.1293
2.376211 99.251 -86.5349
2.393430 99.304 -86.9387
2.410774 99.357 -87.3403
2.428243 99.410 -87.7390
2.445839 99.462 -88.1345
2.463562 99.514 -88.5262
2.481415 99.566 -88.9137
2.499396 99.617 -89.2965
2.517508 99.668 -89.6744
2.535750 99.720 -90.0472
2.554126 99.771 -90.4150
2.572634 99.821 -90.7781
2.591276 99.871 -91.1370
2.610054 99.921 -91.4921
2.628967 99.970 -91.8438
2.648018 100.019 -92.1925
2.667206 100.067 -92.5382
2.686534 100.115 -92.8812
2.706002 100.162 -93.2213
2.725610 100.209 -93.5587
2.745361 100.256 -93.8932
2.765255 100.302 -94.2247
2.785294 100.349 -94.5531
2.805477 100.395 -94.8784
2.825807 100.441 -95.2002
2.846284 100.488 -95.5186
2.866909 100.534 -95.8331
2.887684 100.581 -96.1438
2.908609 100.629 -96.4503
2.929686 100.676 -96.7524
2.950916 100.724 -97.0501
2.972299 100.772 -97.3433
2.993838 100.819 -97.6322
3.015532 100.867 -97.9169
3.037384 100.915 -98.1978
3.059394 100.963 -98.4751
3.081564 101.011 -98.7493
3.103894 101.060 -99.0208
3.126386 101.108 -99.2900
3.149041 101.157 -99.5572
3.171861 101.206 -99.8228
3.194845 101.256 -100.0871
3.217996 101.306 -100.3504
3.241315 101.356 -100.6128
3.264803 101.408 -100.8742
3.288461 101.459 -101.1344
3.312291 101.512 -101.3932
3.336293 101.565 -101.6501
3.360469 101.618 -101.9050
3.384820 101.672 -102.1579
3.409348 101.727 -102.4093
3.434054 101.782 -102.6595
3.458938 101.837 -102.9091
3.484003 101.893 -103.1589
3.509250 101.950 -103.4095
3.534679 102.006 -103.6618
3.560293 102.063 -103.9163
3.586092 102.121 -104.1737
3.612079 102.179 -104.4343
3.638253 102.237 -104.6986
3.664618 102.296 -104.9663
3.691173 102.355 -105.2374
3.717921 102.414 -105.5115
3.744862 102.474 -105.7885
3.771999 102.535 -106.0683
3.799332 102.596 -106.3508
3.826864 102.657 -106.6363
3.854595 102.718 -106.9250
3.882527 102.779 -107.2171
3.910661 102.840 -107.5131
3.938999 102.901 -107.8132
3.967543 102.962 -108.1178
3.996294 103.023 -108.4272
4.025252 103.084 -108.7417
4.054421 103.144 -109.0614
4.083801 103.204 -109.3863
4.113394 103.264 -109.7162
4.143201 103.323 -110.0508
4.173225 103.383 -110.3898
4.203466 103.442 -110.7328
4.233926 103.500 -111.0792
4.264606 103.558 -111.4288
4.295509 103.616 -111.7813
4.326636 103.673 -112.1365
4.357989 103.729 -112.4946
4.389569 103.784 -112.8556
4.421378 103.838 -113.2199
4.453417 103.892 -113.5877
4.485688 103.944 -113.9590
4.518193 103.996 -114.3333
4.550934 104.047 -114.7101
4.583912 104.097 -115.0884
4.617129 104.147 -115.4675
4.650587 104.195 -115.8464
4.684287 104.243 -116.2244
4.718231 104.290 -116.6011
4.752421 104.335 -116.9763
4.786859 104.380 -117.3502
4.821547 104.424 -117.7229
4.856485 104.467 -118.0945
4.891677 104.509 -118.4650
4.927125 104.550 -118.8338
4.962829 104.590 -119.2003
4.998791 104.630 -119.5638
5.035015 104.669 -119.9234
5.071500 104.708 -120.2785
5.108251 104.746 -120.6287
5.145267 104.784 -120.9738
5.182552 104.821 -121.3139
5.220107 104.857 -121.6491
5.257934 104.894 -121.9797
5.296035 104.930 -122.3058
5.334412 104.965 -122.6275
5.373067 105.001 -122.9448
5.412003 105.037 -123.2576
5.451221 105.073 -123.5658
5.490722 105.109 -123.8693
5.530510 105.146 -124.1679
5.570587 105.183 -124.4618
5.610953 105.221 -124.7514
5.651613 105.259 -125.0374
5.692567 105.297 -125.3206
5.733818 105.336 -125.6019
5.775367 105.376 -125.8822
5.817218 105.416 -126.1619
5.859372 105.457 -126.4415
5.901831 105.499 -126.7212
5.944598 105.542 -127.0010
5.987675 105.586 -127.2816
6.031065 105.630 -127.5637
6.074768 105.675 -127.8483
6.118788 105.721 -128.1367
6.163127 105.767 -128.4297
6.207788 105.813 -128.7282
6.252772 105.861 -129.0325
6.298082 105.908 -129.3430
6.343721 105.956 -129.6596
6.389690 106.004 -129.9825
6.435992 106.053 -130.3121
6.482630 106.101 -130.6487
6.529606 106.149 -130.9927
6.576922 106.196 -131.3446
6.624581 106.243 -131.7045
6.672585 106.290 -132.0723
6.720938 106.336 -132.4478
6.769640 106.381 -132.8303
6.818696 106.425 -133.2190
6.868107 106.468 -133.6134
6.917876 106.510 -134.0129
6.968006 106.551 -134.4173
7.018499 106.590 -134.8262
7.069358 106.628 -135.2391
7.120586 106.664 -135.6551
7.172184 106.699 -136.0729
7.224157 106.732 -136.4911
7.276506 106.764 -136.9084
7.329235 106.794 -137.3241
7.382345 106.823 -137.7375
7.435841 106.850 -138.1480
7.489724 106.876 -138.5549
7.543997 106.900 -138.9570
7.598664 106.923 -139.3532
7.653728 106.945 -139.7424
7.709189 106.967 -140.1239
7.765053 106.987 -140.4971
7.821322 107.007 -140.8619
7.877998 107.026 -141.2182
7.935086 107.045 -141.5658
7.992587 107.064 -141.9047
8.050504 107.083 -142.2347
8.108841 107.103 -142.5558
8.167601 107.123 -142.8686
8.226787 107.144 -143.1737
8.286402 107.165 -143.4723
8.346449 107.188 -143.7655
8.406931 107.212 -144.0544
8.467851 107.237 -144.3398
8.529212 107.263 -144.6228
8.591018 107.291 -144.9046
8.653272 107.320 -145.1869
8.715977 107.351 -145.4713
8.779137 107.382 -145.7594
8.842754 107.416 -146.0523
8.906833 107.450 -146.3510
8.971375 107.485 -146.6564
9.036386 107.521 -146.9696
9.101867 107.557 -147.2916
9.167823 107.594 -147.6231
9.234257 107.632 -147.9646
9.301172 107.669 -148.3162
9.368572 107.706 -148.6777
9.436460 107.742 -149.0488
9.504841 107.778 -149.4291
9.573717 107.813 -149.8184
9.643092 107.848 -150.2159
9.712970 107.881 -150.6205
9.783354 107.912 -151.0311
9.854248 107.943 -151.4464
9.925656 107.972 -151.8652
9.997581 107.999 -152.2865
10.070028 108.025 -152.7090
10.143000 108.050 -153.1314
10.216500 108.073 -153.5524
10.290533 108.096 -153.9710
10.365103 108.117 -154.3862
10.440212 108.137 -154.7973
10.515866 108.156 -155.2039
10.592069 108.175 -155.6054
10.668823 108.194 -156.0016
10.746134 108.212 -156.3926
10.824005 108.230 -156.7785
10.902440 108.249 -157.1601
10.981443 108.268 -157.5378
11.061020 108.287 -157.9125
11.141172 108.307 -158.2850
11.221906 108.327 -158.6565
11.303225 108.348 -159.0279
11.385133 108.369 -159.4005
11.467634 108.391 -159.7752
11.550734 108.413 -160.1529
11.634435 108.435 -160.5343
11.718742 108.458 -160.9203
11.803661 108.481 -161.3111
11.889195 108.503 -161.7070
11.975349 108.525 -162.1080
12.062128 108.547 -162.5137
12.149535 108.568 -162.9238
12.237576 108.588 -163.3377
12.326254 108.607 -163.7543
12.415575 108.625 -164.1728
12.505544 108.642 -164.5920
12.596164 108.658 -165.0110
12.687441 108.673 -165.4286
12.779379 108.687 -165.8439
12.871984 108.700 -166.2560
12.965260 108.713 -166.6642
13.059211 108.725 -167.0681
13.153843 108.737 -167.4675
13.249161 108.748 -167.8624
13.345170 108.760 -168.2532
13.441875 108.772 -168.6404
13.539280 108.784 -169.0251
13.637391 108.796 -169.4082
13.736214 108.809 -169.7909
13.835752 108.823 -170.1745
13.936011 108.837 -170.5604
14.036998 108.851 -170.9498
14.138716 108.866 -171.3436
14.241171 108.880 -171.7430
14.344368 108.894 -172.1483
14.448313 108.908 -172.5598
14.553011 108.921 -172.9775
14.658468 108.933 -173.4006
14.764689 108.944 -173.8285
14.871680 108.954 -174.2597
14.979446 108.962 -174.6927
15.087994 108.968 -175.1257
15.197328 108.973 -175.5568
15.307454 108.976 -175.9839
15.418378 108.977 -176.4052
15.530106 108.978 -176.8190
15.642643 108.978 -177.2239
15.755996 108.977 -177.6190
15.870171 108.976 -178.0038
15.985172 108.975 -178.3785
16.101007 108.975 -178.7440
16.217682 108.976 -179.1018
16.335201 108.978 -179.4539
16.453573 108.982 -179.8031
16.572803 108.988 179.8475
16.692898 108.995 179.4947
16.813862 109.005 179.1352
16.935701 109.016 178.7658
17.058424 109.027 178.3840
17.182035 109.040 177.9876
17.306543 109.052 177.5755
17.431953 109.064 177.1475
17.558273 109.074 176.7047
17.685509 109.082 176.2488
17.813665 109.088 175.7830
17.942751 109.091 175.3112
18.072771 109.091 174.8379
18.203733 109.088 174.3680
18.335646 109.082 173.9066
18.468513 109.073 173.4580
18.602345 109.063 173.0261
18.737144 109.051 172.6135
18.872921 109.040 172.2213
19.009682 109.029 171.8489
19.147434 109.020 171.4941
19.286184 109.013 171.1530
19.425940 109.009 170.8203
19.566708 109.008 170.4901
19.708496 109.011 170.1564
19.851313 109.015 169.8136
19.995163 109.022 169.4575
20.140057 109.029 169.0857
20.285999 109.036 168.6979
20.433001 109.042 168.2965
20.581066 109.046 167.8856
20.730206 109.047 167.4711
20.880424 109.045 167.0598
21.031733 109.041 166.6584
21.184137 109.036 166.2723
21.337646 109.031 165.9048
21.492268 109.027 165.5563
21.648010 109.025 165.2233
21.804880 109.027 164.8989
21.962887 109.034 164.5732
22.122040 109.045 164.2341
22.282345 109.061 163.8697
22.443811 109.079 163.4688
22.606449 109.098 163.0236
22.770266 109.116 162.5308
22.935268 109.129 161.9918
23.101467 109.136 161.4136
23.268869 109.135 160.8077
23.437485 109.124 160.1890
23.607323 109.103 159.5745
23.778391 109.072 158.9810
23.950699 109.033 158.4234
24.124256 108.988 157.9132
24.299070 108.939 157.4568
24.475151 108.890 157.0552
24.652508 108.842 156.7039
24.831150 108.797 156.3946
25.011087 108.757 156.1158
25.192327 108.722 155.8555
25.374882 108.692 155.6024
25.558758 108.667 155.3479
25.743967 108.645 155.0858
25.930519 108.625 154.8123
26.118422 108.608 154.5256
26.307686 108.593 154.2243
26.498322 108.578 153.9065
26.690340 108.565 153.5699
26.883749 108.553 153.2118
27.078560 108.540 152.8300
27.274782 108.526 152.4246
27.472427 108.508 151.9987
27.671503 108.486 151.5597
27.872023 108.460 151.1186
28.073996 108.427 150.6886
28.277431 108.391 150.2832
28.482342 108.352 149.9129
28.688736 108.312 149.5827
28.896626 108.276 149.2902
29.106022 108.244 149.0252
29.316936 108.219 148.7719
29.529379 108.201 148.5116
29.743361 108.187 148.2279
29.958893 108.176 147.9103
30.175987 108.164 147.5573
30.394655 108.148 147.1765
30.614908 108.125 146.7834
30.836756 108.097 146.3975
31.060211 108.062 146.0375
31.285286 108.025 145.7175
31.511992 107.986 145.4430
31.740341 107.950 145.2103
31.970345 107.919 145.0078
32.202015 107.894 144.8185
32.435364 107.874 144.6251
32.670403 107.859 144.4140
32.907146 107.845 144.1773
33.145607 107.831 143.9141
33.385796 107.815 143.6288
33.627724 107.796 143.3290
33.871403 107.774 143.0229
34.116848 107.749 142.7173
34.364071 107.721 142.4166
34.613087 107.692 142.1229
34.863907 107.662 141.8371
35.116547 107.630 141.5591
35.371017 107.599 141.2888
35.627331 107.567 141.0261
35.885502 107.536 140.7705
36.145542 107.506 140.5209
36.407467 107.477 140.2758
36.671291 107.449 140.0332
36.937027 107.422 139.7922
37.204689 107.397 139.5529
37.474289 107.373 139.3168
37.745842 107.350 139.0867
38.019363 107.329 138.8649
38.294868 107.311 138.6523
38.572369 107.296 138.4477
38.851879 107.284 138.2470
39.133415 107.277 138.0447
39.416992 107.273 137.8349
39.702625 107.273 137.6135
39.990326 107.274 137.3790
40.280113 107.276 137.1332
40.571999 107.277 136.8803
40.866001 107.278 136.6252
41.162132 107.279 136.3721
41.460411 107.279 136.1231
41.760849 107.280 135.8779
42.063465 107.280 135.6346
42.368275 107.280 135.3913
42.675293 107.280 135.1472
42.984535 107.277 134.9040
43.296021 107.272 134.6658
43.609760 107.266 134.4380
43.925774 107.258 134.2255
44.244080 107.250 134.0308
44.564690 107.243 133.8528
44.887623 107.239 133.6850
45.212898 107.238 133.5166
45.540531 107.243 133.3333
45.870537 107.250 133.1203
46.202934 107.260 132.8654
46.537739 107.269 132.5620
46.874969 107.275 132.2117
47.214645 107.276 131.8240
47.556782 107.270 131.4153
47.901398 107.257 131.0053
48.248512 107.237 130.6136
48.598141 107.215 130.2548
48.950302 107.192 129.9355
49.305016 107.172 129.6519
49.662300 107.157 129.3900
50.022175 107.150 129.1303
50.384655 107.148 128.8542
50.749763 107.151 128.5509
51.117516 107.154 128.2207
51.487934 107.157 127.8733
51.861038 107.160 127.5211
52.236843 107.164 127.1715
52.615372 107.170 126.8234
52.996643 107.180 126.4680
53.380680 107.193 126.0947
53.767498 107.208 125.6950
54.157120 107.222 125.2663
54.549564 107.233 124.8111
54.944855 107.240 124.3379
55.343006 107.241 123.8613
55.744045 107.236 123.4005
56.147991 107.226 122.9727
56.554863 107.213 122.5853
56.964684 107.201 122.2325
57.377472 107.191 121.9010
57.793251 107.182 121.5813
58.212044 107.173 121.2745
58.633873 107.166 120.9851
59.058758 107.165 120.7047
59.486721 107.171 120.4021
59.917786 107.185 120.0328
60.351974 107.200 119.5651
60.789310 107.207 119.0019
61.229816 107.202 118.3800
61.673512 107.185 117.7483
62.120422 107.161 117.1412
62.570572 107.135 116.5653
63.023983 107.111 116.0069
63.480682 107.090 115.4493
63.940689 107.071 114.8872
64.404030 107.052 114.3296
64.870728 107.033 113.7922
65.340805 107.016 113.2871
65.814293 107.003 112.8140
66.291214 106.996 112.3587
66.771591 106.994 111.9002
67.255447 106.995 111.4227
67.742805 106.994 110.9231
68.233696 106.989 110.4085
68.728142 106.979 109.8865
69.226173 106.965 109.3586
69.727814 106.946 108.8226
70.233093 106.921 108.2795
70.742035 106.892 107.7355
71.254662 106.859 107.1964
71.771004 106.825 106.6619
72.291084 106.791 106.1257
72.814934 106.758 105.5823
73.342583 106.725 105.0337
73.874054 106.693 104.4893
74.409378 106.661 103.9620
74.948578 106.632 103.4621
75.491684 106.606 102.9949
76.038727 106.585 102.5583
76.589737 106.569 102.1426
77.144737 106.558 101.7327
77.703758 106.550 101.3147
78.266830 106.541 100.8830
78.833984 106.530 100.4402
79.405251 106.515 99.9911
79.980652 106.496 99.5364
80.560226 106.474 99.0727
81.143997 106.449 98.5980
81.732002 106.420 98.1152
82.324265 106.389 97.6294
82.920822 106.359 97.1429
83.521698 106.329 96.6530
84.126930 106.301 96.1545
84.736549 106.275 95.6445
85.350586 106.250 95.1237
85.969070 106.225 94.5950
86.592041 106.198 94.0611
87.219521 106.169 93.5249
87.851547 106.135 92.9923
88.488159 106.097 92.4717
89.129379 106.054 91.9697
89.775246 106.008 91.4865
90.425797 105.962 91.0171
91.081062 105.916 90.5536
91.741074 105.873 90.0836
92.405869 105.833 89.5910
93.075478 105.797 89.0650
93.749939 105.762 88.5114
94.429291 105.728 87.9485
95.113564 105.696 87.3940
95.802795 105.666 86.8548
96.497025 105.638 86.3316
97.196281 105.611 85.8261
97.900604 105.581 85.3436
98.610031 105.549 84.8891
99.324600 105.516 84.4586
100.044350 105.481 84.0358
100.769310 105.445 83.5988
101.499527 105.407 83.1327
102.235031 105.367 82.6384
102.975868 105.325 82.1305
103.722076 105.282 81.6278
104.473686 105.241 81.1453
105.230743 105.204 80.6913
105.993286 105.170 80.2645
106.761360 105.138 79.8524
107.534996 105.106 79.4356
108.314240 105.071 78.9962
109.099129 105.029 78.5226
109.889709 104.983 78.0065
110.686012 104.937 77.4383
111.488091 104.895 76.8162
112.295982 104.863 76.1603
113.109726 104.845 75.5148
113.929367 104.848 74.9321
114.754944 104.874 74.4533
115.586502 104.922 74.0994
116.424088 104.985 73.8633
117.267746 105.054 73.7010
118.117516 105.116 73.5306
118.973442 105.153 73.2508
119.835571 105.140 72.8078
120.703949 105.064 72.2602
121.578621 104.931 71.7205
122.459633 104.766 71.2273
123.347023 104.596 70.7247
124.240845 104.434 70.1508
125.141144 104.288 69.5038
126.047966 104.157 68.8353
126.961365 104.043 68.2009
127.881378 103.947 67.6243
128.808060 103.866 67.1103
129.741455 103.796 66.6662
130.681610 103.738 66.2971
131.628586 103.696 65.9987
132.582428 103.671 65.7569
133.543182 103.665 65.5399
134.510895 103.675 65.3063
135.485611 103.693 65.0137
136.467392 103.706 64.6262
137.456284 103.706 64.1326
138.452347 103.686 63.5381
139.455627 103.647 62.8479
140.466187 103.590 62.0808
141.484070 103.515 61.2897
142.509323 103.426 60.5652
143.542007 103.331 59.9998
144.582169 103.239 59.6271
145.629868 103.158 59.4046
146.685165 103.089 59.2445
147.748108 103.027 59.0657
148.818756 102.970 58.8333
149.897156 102.918 58.5580
150.983368 102.879 58.2651
152.077454 102.855 57.9669
153.179474 102.843 57.6730
154.289474 102.834 57.4030
155.407516 102.817 57.1751
156.533661 102.786 56.9908
157.667969 102.741 56.8287
158.810501 102.686 56.6556
159.961304 102.630 56.4466
161.120453 102.585 56.2050
162.287994 102.562 55.9417
163.464005 102.565 55.6451
164.648529 102.587 55.3057
165.841644 102.617 54.9286
167.043396 102.642 54.5243
168.253860 102.656 54.1053
169.473099 102.659 53.6680
170.701172 102.653 53.1915
171.938141 102.643 52.6700
173.184082 102.631 52.1223
174.439041 102.620 51.5701
175.703094 102.609 51.0306
176.976318 102.597 50.5167
178.258759 102.582 50.0298
179.550491 102.565 49.5565
180.851593 102.543 49.0843
182.162125 102.519 48.6156
183.482147 102.494 48.1579
184.811737 102.471 47.7064
186.150955 102.451 47.2485
187.499878 102.432 46.7778
188.858582 102.413 46.2967
190.227127 102.390 45.8119
191.605591 102.363 45.3330
192.994049 102.333 44.8669
194.392563 102.300 44.4116
195.801208 102.267 43.9592
197.220062 102.236 43.4986
198.649200 102.208 43.0250
200.088699 102.184 42.5501
201.538620 102.164 42.0929
202.999054 102.147 41.6609
204.470062 102.132 41.2432
205.951736 102.118 40.8193
207.444153 102.102 40.3762
208.947372 102.086 39.9152
210.461487 102.072 39.4453
211.986572 102.062 38.9723
213.522720 102.055 38.4969
215.069992 102.048 38.0207
216.628479 102.039 37.5511
218.198257 102.024 37.0979
219.779419 102.007 36.6647
221.372025 101.989 36.2440
222.976181 101.972 35.8249
224.591965 101.955 35.4023
226.219452 101.939 34.9837
227.858734 101.922 34.5860
229.509888 101.907 34.2239
231.173004 101.899 33.8979
232.848175 101.901 33.5909
234.535492 101.916 33.2732
236.235031 101.941 32.9165
237.946884 101.971 32.5121
239.671143 101.999 32.0702
241.407898 102.025 31.6027
243.157242 102.046 31.1158
244.919266 102.067 30.6127
246.694046 102.088 30.1001
248.481689 102.111 29.5836
250.282288 102.138 29.0556
252.095932 102.167 28.4904
253.922729 102.193 27.8552
255.762756 102.211 27.1328
257.616119 102.218 26.3390
259.482910 102.215 25.5163
261.363220 102.205 24.7041
263.257172 102.194 23.9156
265.164856 102.184 23.1473
267.086365 102.178 22.3955
269.021790 102.174 21.6598
270.971222 102.172 20.9392
272.934784 102.174 20.2307
274.912567 102.180 19.5310
276.904694 102.190 18.8383
278.911255 102.203 18.1541
280.932373 102.217 17.4816
282.968140 102.232 16.8207
285.018646 102.245 16.1704
287.084015 102.257 15.5298
289.164337 102.266 14.8973
291.259735 102.273 14.2675
293.370331 102.279 13.6329
295.496216 102.285 12.9877
297.637512 102.291 12.3301
299.794312 102.297 11.6600
301.966736 102.304 10.9757
304.154907 102.311 10.2738
306.358948 102.317 9.5526
308.578949 102.325 8.8156
310.815033 102.332 8.0692
313.067322 102.340 7.3199
315.335938 102.349 6.5714
317.621002 102.358 5.8231
319.922607 102.366 5.0685
322.240906 102.375 4.2977
324.575989 102.383 3.5043
326.928009 102.390 2.6901
329.297058 102.398 1.8639
331.683289 102.406 1.0350
334.086792 102.415 0.2095
336.507721 102.425 -0.6095
338.946198 102.434 -1.4224
341.402344 102.443 -2.2319
343.876282 102.452 -3.0416
346.368164 102.460 -3.8533
348.878082 102.469 -4.6685
351.406189 102.477 -5.4882
353.952637 102.486 -6.3121
356.517517 102.495 -7.1388
359.100983 102.504 -7.9685
361.703186 102.513 -8.8035
364.324249 102.522 -9.6465
366.964294 102.530 -10.4987
369.623474 102.538 -11.3604
372.301910 102.547 -12.2317
374.999756 102.555 -13.1119
377.717163 102.563 -13.9990
380.454254 102.571 -14.8900
383.211182 102.579 -15.7822
385.988098 102.587 -16.6736
388.785126 102.594 -17.5641
391.602417 102.601 -18.4552
394.440125 102.608 -19.3495
397.298401 102.614 -20.2494
400.177399 102.619 -21.1567
403.077240 102.624 -22.0728
405.998108 102.629 -22.9978
408.940125 102.634 -23.9307
411.903473 102.639 -24.8696
414.888306 102.645 -25.8126
417.894745 102.652 -26.7584
420.922974 102.658 -27.7062
423.973145 102.666 -28.6548
427.045441 102.673 -29.6033
430.139984 102.680 -30.5530
433.256958 102.687 -31.5068
436.396515 102.694 -32.4674
439.558838 102.701 -33.4343
442.744049 102.707 -34.4048
445.952362 102.713 -35.3771
449.183929 102.719 -36.3508
452.438904 102.725 -37.3255
455.717468 102.731 -38.3016
459.019775 102.736 -39.2809
462.346008 102.742 -40.2647
465.696350 102.748 -41.2545
469.070984 102.754 -42.2513
472.470062 102.761 -43.2544
475.893768 102.767 -44.2615
479.342285 102.774 -45.2699
482.815796 102.779 -46.2783
486.314484 102.785 -47.2873
489.838531 102.791 -48.2982
493.388092 102.796 -49.3116
496.963379 102.803 -50.3275
500.564575 102.809 -51.3455
504.191864 102.815 -52.3650
507.845459 102.821 -53.3848
511.525513 102.826 -54.4046
515.232239 102.831 -55.4272
518.965820 102.836 -56.4562
522.726440 102.841 -57.4937
526.514343 102.847 -58.5391
530.329712 102.852 -59.5920
534.172729 102.858 -60.6525
538.043579 102.865 -61.7205
541.942444 102.872 -62.7961
545.869568 102.880 -63.8774
549.825134 102.888 -64.9614
553.809387 102.896 -66.0453
557.822510 102.903 -67.1287
561.864746 102.910 -68.2135
565.936279 102.915 -69.3029
570.037292 102.920 -70.3997
574.168030 102.924 -71.5049
578.328674 102.929 -72.6173
582.519470 102.933 -73.7336
586.740662 102.938 -74.8513
590.992432 102.943 -75.9705
595.275024 102.948 -77.0934
599.588623 102.954 -78.2210
603.933472 102.960 -79.3524
608.309814 102.965 -80.4860
612.717896 102.970 -81.6210
617.157898 102.974 -82.7571
621.630066 102.976 -83.8923
626.134644 102.977 -85.0245
630.671875 102.978 -86.1530
635.242004 102.977 -87.2795
639.845215 102.977 -88.4075
644.481812 102.976 -89.5387
649.151978 102.976 -90.6728
653.856018 102.976 -91.8085
658.594116 102.976 -92.9450
663.366577 102.975 -94.0818
668.173584 102.975 -95.2185
673.015442 102.976 -96.3539
677.892395 102.977 -97.4867
682.804688 102.978 -98.6166
687.752563 102.979 -99.7445
692.736328 102.980 -100.8716
697.756165 102.981 -101.9979
702.812378 102.982 -103.1226
707.905273 102.984 -104.2447
713.035034 102.986 -105.3647
718.201965 102.988 -106.4836
723.406372 102.990 -107.6014
728.648499 102.993 -108.7187
733.928589 102.996 -109.8354
739.246948 103.000 -110.9517
744.603821 103.005 -112.0677
749.999512 103.010 -113.1848
755.434326 103.016 -114.3040
760.908508 103.022 -115.4257
766.422363 103.029 -116.5492
771.976196 103.037 -117.6735
777.570251 103.045 -118.7986
783.204834 103.054 -119.9244
788.880249 103.064 -121.0500
794.596802 103.074 -122.1736
800.354797 103.084 -123.2933
806.154480 103.094 -124.4083
811.996216 103.104 -125.5195
817.880249 103.115 -126.6287
823.806946 103.126 -127.7377
829.776611 103.139 -128.8483
835.789490 103.153 -129.9619
841.845947 103.168 -131.0789
847.946289 103.184 -132.1991
854.090881 103.200 -133.3228
860.279968 103.218 -134.4506
866.513916 103.237 -135.5836
872.793030 103.257 -136.7213
879.117676 103.278 -137.8623
885.488098 103.300 -139.0043
891.904724 103.323 -140.1462
898.367859 103.347 -141.2885
904.877808 103.372 -142.4325
911.434937 103.398 -143.5802
918.039551 103.425 -144.7329
924.692017 103.452 -145.8910
931.392700 103.481 -147.0541
938.141968 103.510 -148.2218
944.940125 103.540 -149.3940
951.787537 103.571 -150.5714
958.684570 103.602 -151.7545
965.631592 103.634 -152.9437
972.628967 103.667 -154.1384
979.677063 103.700 -155.3384
986.776184 103.734 -156.5436
993.926758 103.768 -157.7545
1001.129150 103.802 -158.9711
1008.383728 103.836 -160.1930
1015.690918 103.870 -161.4200
1023.051025 103.905 -162.6522
1030.464478 103.939 -163.8892
1037.931641 103.974 -165.1306
1045.452881 104.008 -166.3755
1053.028687 104.043 -167.6237
1060.659424 104.078 -168.8757
1068.345459 104.113 -170.1324
1076.087158 104.149 -171.3937
1083.884888 104.184 -172.6589
1091.739136 104.219 -173.9272
1099.650269 104.254 -175.1980
1107.618774 104.289 -176.4709
1115.645020 104.325 -177.7457
1123.729492 104.360 -179.0220
1131.872559 104.395 179.7013
1140.074585 104.431 178.4252
1148.336060 104.466 177.1498
1156.657349 104.501 175.8750
1165.038940 104.537 174.6005
1173.481323 104.572 173.3267
1181.984863 104.609 172.0536
1190.550049 104.645 170.7810
1199.177246 104.682 169.5078
1207.866943 104.719 168.2335
1216.619629 104.756 166.9587
1225.435791 104.792 165.6846
1234.315796 104.828 164.4122
1243.260132 104.864 163.1428
1252.269287 104.900 161.8777
1261.343750 104.935 160.6179
1270.484009 104.971 159.3636
1279.690430 105.007 158.1152
1288.963623 105.043 156.8731
1298.303955 105.080 155.6378
1307.712036 105.118 154.4095
1317.188232 105.157 153.1884
1326.733154 105.197 151.9742
1336.347168 105.238 150.7659
1346.030884 105.281 149.5621
1355.784790 105.325 148.3612
1365.609375 105.370 147.1630
1375.505127 105.417 145.9678
1385.472656 105.466 144.7761
1395.512329 105.516 143.5876
1405.624756 105.568 142.4016
1415.810547 105.622 141.2170
1426.070068 105.678 140.0329
1436.403931 105.736 138.8486
1446.812744 105.795 137.6637
1457.296997 105.856 136.4781
1467.857178 105.918 135.2916
1478.493896 105.982 134.1034
1489.207642 106.048 132.9127
1499.999023 106.115 131.7186
1510.868652 106.183 130.5212
1521.817017 106.253 129.3204
1532.844727 106.325 128.1159
1543.952393 106.399 126.9071
1555.140503 106.473 125.6935
1566.409668 106.549 124.4748
1577.760498 106.626 123.2518
1589.193604 106.704 122.0260
1600.709595 106.783 120.7986
1612.308960 106.862 119.5693
1623.992432 106.942 118.3357
1635.760498 107.023 117.0958
1647.613892 107.105 115.8484
1659.553223 107.188 114.5939
1671.578979 107.271 113.3329
1683.691895 107.356 112.0660
1695.892578 107.440 110.7939
1708.181763 107.526 109.5169
1720.559937 107.612 108.2361
1733.027832 107.698 106.9522
1745.586060 107.785 105.6659
1758.235352 107.873 104.3770
1770.976196 107.960 103.0848
1783.809448 108.048 101.7891
1796.735718 108.137 100.4896
1809.755615 108.225 99.1870
1822.869873 108.314 97.8819
1836.079102 108.403 96.5746
1849.384033 108.492 95.2652
1862.785400 108.581 93.9539
1876.283936 108.670 92.6409
1889.880249 108.759 91.3269
1903.575073 108.848 90.0131
1917.369141 108.936 88.7006
1931.263184 109.024 87.3905
1945.257935 109.112 86.0837
1959.354126 109.199 84.7809
1973.552368 109.286 83.4834
1987.853516 109.373 82.1923
2002.258301 109.460 80.9081
2016.767456 109.546 79.6317
2031.381836 109.634 78.3632
2046.102051 109.721 77.1034
2060.928955 109.809 75.8524
2075.863281 109.898 74.6107
2090.905762 109.988 73.3794
2106.057373 110.078 72.1603
2121.318848 110.171 70.9556
2136.690918 110.266 69.7659
2152.174316 110.364 68.5908
2167.769775 110.467 67.4271
2183.478271 110.575 66.2696
2199.300537 110.690 65.1092
2215.237549 110.810 63.9346
2231.290039 110.937 62.7337
2247.458984 111.068 61.4951
2263.745117 111.201 60.2105
2280.149170 111.335 58.8761
2296.672119 111.468 57.4927
2313.314697 111.597 56.0660
2330.077881 111.722 54.6052
2346.962646 111.840 53.1215
2363.969727 111.953 51.6255
2381.100098 112.060 50.1274
2398.354492 112.161 48.6351
2415.733887 112.258 47.1552
2433.239258 112.350 45.6923
2450.871582 112.441 44.2502
2468.631592 112.529 42.8306
2486.520264 112.618 41.4332
2504.538574 112.707 40.0554
2522.687500 112.798 38.6920
2540.968018 112.891 37.3362
2559.380859 112.987 35.9795
2577.927246 113.085 34.6128
2596.607910 113.185 33.2276
2615.424072 113.285 31.8169
2634.376465 113.385 30.3763
2653.466309 113.482 28.9047
2672.694336 113.576 27.4041
2692.061768 113.664 25.8793
2711.569580 113.746 24.3371
2731.218750 113.820 22.7852
2751.010254 113.888 21.2307
2770.945312 113.948 19.6805
2791.024658 114.001 18.1399
2811.249512 114.047 16.6130
2831.621094 114.087 15.1030
2852.140137 114.121 13.6129
2872.807861 114.148 12.1452
2893.625488 114.169 10.7031
2914.593994 114.184 9.2902
2935.714355 114.192 7.9100
2956.987793 114.195 6.5667
2978.415283 114.191 5.2647
2999.998047 114.182 4.0087
3021.737305 114.168 2.8027
3043.634033 114.149 1.6499
3065.689453 114.127 0.5513
3087.904785 114.102 -0.4937
3110.281006 114.076 -1.4864
3132.819336 114.047 -2.4292
3155.520996 114.018 -3.3248
3178.387207 113.987 -4.1754
3201.419189 113.955 -4.9827
3224.617920 113.922 -5.7471
3247.984863 113.886 -6.4684
3271.520996 113.849 -7.1453
3295.227783 113.810 -7.7755
3319.106445 113.769 -8.3558
3343.157959 113.727 -8.8837
3367.383789 113.685 -9.3566
3391.785156 113.642 -9.7726
3416.363525 113.599 -10.1314
3441.119873 113.558 -10.4334
3466.055664 113.517 -10.6802
3491.172119 113.479 -10.8741
3516.470703 113.444 -11.0181
3541.952393 113.410 -11.1151
3567.618896 113.380 -11.1679
3593.471436 113.353 -11.1793
3619.511230 113.328 -11.1516
3645.739746 113.306 -11.0870
3672.158203 113.287 -10.9879
3698.768066 113.270 -10.8558
3725.570801 113.255 -10.6922
3752.567871 113.241 -10.4978
3779.760498 113.230 -10.2732
3807.150146 113.219 -10.0186
3834.738281 113.210 -9.7343
3862.526367 113.202 -9.4205
3890.515869 113.195 -9.0779
3918.708252 113.188 -8.7061
3947.104736 113.181 -8.3041
3975.707031 113.175 -7.8707
4004.516602 113.168 -7.4040
4033.534912 113.161 -6.9026
4062.763672 113.154 -6.3648
4092.204102 113.147 -5.7894
4121.857910 113.140 -5.1754
4151.726562 113.134 -4.5233
4181.811523 113.128 -3.8340
4212.114746 113.124 -3.1088
4242.637695 113.121 -2.3483
4273.381836 113.119 -1.5533
4304.348633 113.118 -0.7249
4335.539551 113.120 0.1353
4366.956543 113.123 1.0244
4398.601074 113.128 1.9385
4430.475098 113.136 2.8724
4462.580078 113.146 3.8203
4494.917969 113.158 4.7753
4527.490234 113.172 5.7299
4560.298340 113.187 6.6756
4593.344238 113.202 7.6031
4626.629395 113.215 8.5031
4660.155762 113.225 9.3673
4693.925293 113.229 10.1914
4727.939453 113.224 10.9761
4762.200195 113.207 11.7270
4796.708984 113.177 12.4537
4831.467773 113.130 13.1680
4866.478516 113.065 13.8827
4901.743164 112.980 14.6117
4937.263184 112.875 15.3702
4973.040527 112.747 16.1750
5009.077148 112.597 17.0451
5045.375000 112.422 18.0016
5081.936035 112.223 19.0676
5118.761719 112.000 20.2668
5155.854492 111.754 21.6241
5193.215820 111.487 23.1633
5230.848145 111.200 24.9072
5268.752930 110.896 26.8759
5306.932617 110.578 29.0862
5345.388672 110.249 31.5515
5384.123535 109.914 34.2806
5423.139160 109.575 37.2789
5462.437500 109.236 40.5472
5502.020508 108.901 44.0822
5541.890625 108.572 47.8768
5582.049316 108.253 51.9207
5622.499023 107.946 56.2012
5663.242188 107.653 60.7043
5704.280273 107.376 65.4150
5745.615723 107.116 70.3178
5787.250977 106.875 75.3967
5829.187988 106.652 80.6359
5871.428711 106.447 86.0204
5913.975586 106.261 91.5373
5956.830566 106.094 97.1738
5999.996094 105.944 102.9196
6043.474609 105.811 108.7653
6087.268066 105.695 114.7036
6131.378906 105.596 120.7290
6175.809570 105.512 126.8372
6220.562012 105.443 133.0244
6265.638672 105.389 139.2873
6311.041992 105.350 145.6231
6356.774414 105.324 152.0286
6402.838379 105.312 158.4996
6449.235840 105.314 165.0311
6495.969727 105.328 171.6171
6543.041992 105.354 178.2535
6590.455566 105.391 -175.0591
6638.212891 105.437 -168.3156
6686.315918 105.494 -161.5082
6734.767578 105.559 -154.6287
6783.570312 105.636 -147.6722
6832.727051 105.722 -140.6362
6882.239746 105.821 -133.5214
6932.111328 105.932 -126.3300
6982.344238 106.057 -119.0658
7032.941406 106.196 -111.7345
7083.904785 106.350 -104.3435
7135.237793 106.520 -96.8999
7186.942871 106.707 -89.4131
7239.022461 106.913 -81.8945
7291.479492 107.138 -74.3600
7344.316406 107.384 -66.8314
7397.536133 107.651 -59.3375
7451.141602 107.939 -51.9167
7505.135742 108.247 -44.6177
7559.520996 108.573 -37.4974
7614.300293 108.912 -30.6205
7669.476562 109.260 -24.0538
7725.052734 109.607 -17.8606
7781.031738 109.943 -12.0940
7837.416504 110.254 -6.7891
7894.209473 110.527 -1.9556
7951.414062 110.747 2.4302
8009.033203 110.896 6.4282
8067.069824 110.962 10.1357
8125.527344 110.934 13.6829
8184.408203 110.805 17.2261
8243.715820 110.571 20.9375
8303.453125 110.237 24.9926
8363.623047 109.809 29.5572
8424.229492 109.299 34.7764
8485.275391 108.724 40.7659
8546.763672 108.098 47.6053
8608.697266 107.439 55.3346
8671.079102 106.764 63.9539
8733.913086 106.087 73.4257
8797.202148 105.420 83.6820
8860.950195 104.774 94.6345
8925.160156 104.155 106.1867
8989.835938 103.567 118.2457
9054.980469 103.012 130.7308
9120.596680 102.492 143.5775
9186.688477 102.005 156.7361
9253.258789 101.551 170.1707
9320.311523 101.128 -176.1465
9387.850586 100.734 -162.2390
9455.878906 100.368 -148.1272
9524.400391 100.028 -133.8319
9593.417969 99.711 -119.3702
9662.935547 99.414 -104.7530
9732.957031 99.136 -89.9798
9803.486328 98.874 -75.0363
9874.526367 98.625 -59.9011
9946.081055 98.390 -44.5493
10018.154297 98.169 -28.9616
10090.750000 97.961 -13.1253
10163.872070 97.767 2.9654
10237.523438 97.588 19.3133
10311.708984 97.426 35.9192
10386.431641 97.280 52.7800
10461.696289 97.151 69.8938
10537.505859 97.042 87.2613
10613.865234 96.952 104.8853
10690.777344 96.882 122.7718
10768.247070 96.834 140.9320
10846.278320 96.810 159.3806
10924.875000 96.810 178.1295
11004.041016 96.837 -162.8228
11083.781250 96.893 -143.4994
11164.098633 96.979 -123.9449
11244.998047 97.096 -104.2163
11326.484375 97.243 -84.3577
11408.560547 97.422 -64.3828
11491.231445 97.633 -44.2639
11574.501953 97.878 -23.9482
11658.375977 98.160 -3.3799
11742.857422 98.484 17.4867
11827.951172 98.855 38.6843
11913.661133 99.277 60.2391
11999.992188 99.756 82.1724
12086.949219 100.295 104.4719
12174.536133 100.896 127.0321
12262.757812 101.556 149.5656
12351.619141 102.267 171.5650
12441.124023 103.014 -167.6044
12531.277344 103.774 -148.5115
12622.083984 104.519 -131.4917
12713.548828 105.213 -116.6045
12805.676758 105.818 -103.6832
12898.471680 106.296 -92.4072
12991.939453 106.610 -82.3533
13086.083984 106.734 -73.0263
13180.911133 106.652 -63.8828
13276.425781 106.365 -54.3612
13372.631836 105.886 -43.9084
13469.535156 105.243 -31.9976
13567.140625 104.470 -18.1339
13665.454102 103.604 -1.8529
13764.479492 102.682 17.2505
13864.222656 101.740 39.4405
13964.688477 100.810 64.6868
14065.882812 99.917 92.5267
14167.809570 99.083 122.1249
14270.475586 98.322 152.6091
14373.885742 97.645 -176.5970
14478.044922 97.057 -145.7004
14582.958984 96.563 -114.6844
14688.632812 96.165 -83.4670
14795.072266 95.868 -51.9725
14902.283203 95.676 -20.1062
15010.271484 95.595 12.3821
15119.041992 95.633 46.1196
15228.600586 95.795 82.2167
15338.953125 96.083 121.5455
15450.105469 96.487 162.2167
15562.063477 96.982 -160.9482
15674.833008 97.529 -131.0555
15788.418945 98.075 -107.4666
15902.828125 98.560 -88.4835
16018.066406 98.922 -72.6937
16134.139648 99.105 -59.0973
16251.054688 99.067 -46.9805
16368.816406 98.773 -35.7195
16487.431641 98.209 -24.6345
16606.906250 97.383 -13.0076
16727.246094 96.323 -0.1461
16848.458984 95.066 14.6394
16970.550781 93.654 32.1844
17093.527344 92.130 53.8710
17217.394531 90.532 82.7986
17342.158203 88.899 127.1718
17467.826172 87.261 -165.4580
17594.404297 85.648 -105.9220
17721.900391 84.083 -62.1858
17850.320312 82.584 -23.5122
17979.671875 81.162 14.7500
18109.960938 79.818 55.2279
18241.193359 78.549 99.9326
18373.376953 77.345 147.9917
18506.517578 76.203 -164.2471
18640.623047 75.119 -118.3245
18775.701172 74.092 -73.0361
18911.757812 73.121 -27.1775
19048.800781 72.204 18.8489
19186.835938 71.336 63.7261
19325.871094 70.517 109.7917
19465.914062 69.751 175.5879
19606.972656 69.052 -98.4446
19749.052734 68.452 -57.1650
19892.162109 68.001 -36.7346
20036.308594 67.755 -27.3147
