* Measurement data measured by REW V5.31
* Source: EXCL: Microphone (USB Sound Device        ), MICROPHONE (Master Volume), L, volume: 0.560
* Format: 256k Log Swept Sine, 1 sweep at -5.0 dBFS with no timing reference
* Dated: Apr 29, 2024 11:20:02 PM
* REW Settings:
*  C-weighting compensation: Off
*  Target level: 75.0 dB
* Note: Tipsy TTROMSO R
* Measurement: R Tipsy TTROMSO
* Smoothing: 1/12 octave
* Frequency Step: 96 ppo
* Start Frequency: 0.36621094 Hz
*
* Freq(Hz) SPL(dB) Phase(degrees)
0.366211 81.398 166.2440
0.368865 81.394 166.2271
0.371538 81.387 166.2017
0.374230 81.378 166.1699
0.376942 81.368 166.1334
0.379673 81.358 166.0933
0.382424 81.347 166.0505
0.385196 81.336 166.0055
0.387987 81.325 165.9585
0.390798 81.314 165.9099
0.393630 81.302 165.8594
0.396483 81.290 165.8074
0.399356 81.279 165.7536
0.402250 81.267 165.6982
0.405165 81.255 165.6411
0.408101 81.243 165.5824
0.411058 81.231 165.5219
0.414037 81.219 165.4597
0.417037 81.206 165.3958
0.420059 81.194 165.3301
0.423103 81.182 165.2626
0.426169 81.169 165.1934
0.429257 81.156 165.1223
0.432368 81.144 165.0495
0.435501 81.131 164.9748
0.438656 81.118 164.8982
0.441835 81.105 164.8198
0.445037 81.092 164.7395
0.448262 81.079 164.6574
0.451510 81.066 164.5733
0.454782 81.052 164.4873
0.458077 81.039 164.3993
0.461397 81.025 164.3094
0.464740 81.012 164.2176
0.468108 80.998 164.1237
0.471500 80.984 164.0279
0.474917 80.970 163.9301
0.478358 80.956 163.8303
0.481825 80.942 163.7284
0.485316 80.927 163.6245
0.488833 80.913 163.5186
0.492375 80.899 163.4106
0.495943 80.884 163.3006
0.499537 80.869 163.1885
0.503157 80.855 163.0743
0.506803 80.840 162.9581
0.510475 80.825 162.8397
0.514175 80.810 162.7193
0.517900 80.794 162.5968
0.521653 80.779 162.4722
0.525434 80.764 162.3455
0.529241 80.748 162.2166
0.533076 80.732 162.0857
0.536939 80.717 161.9527
0.540830 80.701 161.8176
0.544749 80.685 161.6803
0.548696 80.669 161.5410
0.552673 80.652 161.3996
0.556677 80.636 161.2562
0.560711 80.619 161.1106
0.564774 80.603 160.9630
0.568867 80.586 160.8134
0.572989 80.569 160.6617
0.577141 80.552 160.5079
0.581324 80.535 160.3522
0.585536 80.518 160.1945
0.589779 80.501 160.0349
0.594053 80.483 159.8732
0.598358 80.466 159.7097
0.602694 80.448 159.5443
0.607061 80.430 159.3770
0.611460 80.412 159.2078
0.615891 80.394 159.0369
0.620354 80.376 158.8642
0.624849 80.358 158.6898
0.629377 80.339 158.5136
0.633938 80.320 158.3359
0.638532 80.302 158.1565
0.643159 80.283 157.9756
0.647819 80.264 157.7933
0.652514 80.245 157.6094
0.657242 80.225 157.4242
0.662005 80.206 157.2377
0.666802 80.186 157.0500
0.671634 80.166 156.8611
0.676501 80.147 156.6711
0.681403 80.126 156.4800
0.686341 80.106 156.2881
0.691314 80.086 156.0953
0.696324 80.065 155.9017
0.701370 80.045 155.7074
0.706452 80.023 155.5124
0.711571 80.002 155.3167
0.716728 79.980 155.1203
0.721921 79.956 154.9230
0.727153 79.932 154.7243
0.732422 79.905 154.5239
0.737729 79.877 154.3210
0.743075 79.847 154.1150
0.748460 79.816 153.9052
0.753883 79.783 153.6912
0.759346 79.749 153.4727
0.764849 79.715 153.2495
0.770391 79.680 153.0214
0.775974 79.645 152.7882
0.781597 79.609 152.5499
0.787261 79.572 152.3064
0.792966 79.535 152.0577
0.798712 79.497 151.8037
0.804500 79.459 151.5443
0.810329 79.421 151.2795
0.816201 79.381 151.0093
0.822116 79.341 150.7336
0.828073 79.301 150.4524
0.834074 79.260 150.1656
0.840118 79.218 149.8731
0.846206 79.176 149.5750
0.852338 79.132 149.2713
0.858514 79.088 148.9618
0.864735 79.044 148.6465
0.871001 78.998 148.3255
0.877313 78.952 147.9987
0.883670 78.905 147.6661
0.890074 78.857 147.3277
0.896524 78.808 146.9834
0.903020 78.758 146.6333
0.909564 78.707 146.2774
0.916155 78.655 145.9157
0.922794 78.602 145.5481
0.929481 78.548 145.1748
0.936216 78.493 144.7958
0.943000 78.437 144.4110
0.949834 78.380 144.0206
0.956717 78.321 143.6245
0.963649 78.261 143.2230
0.970632 78.200 142.8159
0.977666 78.138 142.4035
0.984750 78.074 141.9857
0.991886 78.008 141.5628
0.999074 77.942 141.1349
1.006314 77.873 140.7020
1.013606 77.804 140.2643
1.020951 77.732 139.8220
1.028349 77.659 139.3753
1.035801 77.584 138.9243
1.043307 77.507 138.4693
1.050867 77.429 138.0104
1.058482 77.348 137.5477
1.066152 77.266 137.0815
1.073878 77.181 136.6116
1.081660 77.094 136.1380
1.089498 77.004 135.6602
1.097393 76.911 135.1775
1.105345 76.815 134.6888
1.113355 76.715 134.1930
1.121423 76.611 133.6889
1.129549 76.502 133.1753
1.137734 76.390 132.6513
1.145979 76.273 132.1161
1.154283 76.152 131.5690
1.162647 76.026 131.0091
1.171072 75.897 130.4357
1.179558 75.764 129.8482
1.188106 75.627 129.2457
1.196715 75.487 128.6274
1.205387 75.343 127.9925
1.214122 75.197 127.3400
1.222920 75.048 126.6690
1.231782 74.896 125.9785
1.240708 74.742 125.2674
1.249699 74.586 124.5346
1.258754 74.429 123.7788
1.267876 74.270 122.9989
1.277063 74.110 122.1934
1.286318 73.950 121.3610
1.295639 73.789 120.5001
1.305027 73.628 119.6092
1.314484 73.468 118.6866
1.324009 73.308 117.7305
1.333604 73.150 116.7391
1.343268 72.993 115.7104
1.353002 72.839 114.6424
1.362806 72.687 113.5330
1.372681 72.538 112.3800
1.382628 72.393 111.1809
1.392647 72.252 109.9335
1.402739 72.116 108.6353
1.412904 71.985 107.2834
1.423142 71.859 105.8751
1.433455 71.740 104.4071
1.443843 71.626 102.8759
1.454305 71.519 101.2770
1.464844 71.417 99.6052
1.475459 71.320 97.8546
1.486150 71.228 96.0186
1.496920 71.139 94.0907
1.507767 71.054 92.0650
1.518693 70.971 89.9358
1.529698 70.892 87.6983
1.540783 70.815 85.3486
1.551948 70.742 82.8837
1.563194 70.672 80.3019
1.574521 70.606 77.6029
1.585931 70.544 74.7883
1.597423 70.486 71.8617
1.608999 70.433 68.8287
1.620658 70.384 65.6978
1.632402 70.341 62.4797
1.644232 70.303 59.1877
1.656146 70.271 55.8373
1.668147 70.245 52.4458
1.680235 70.226 49.0319
1.692411 70.214 45.6150
1.704675 70.209 42.2141
1.717028 70.212 38.8478
1.729470 70.224 35.5332
1.742003 70.244 32.2853
1.754626 70.274 29.1167
1.767341 70.314 26.0374
1.780147 70.364 23.0545
1.793047 70.426 20.1722
1.806040 70.500 17.3920
1.819128 70.588 14.7125
1.832310 70.691 12.1305
1.845587 70.810 9.6414
1.858961 70.946 7.2408
1.872432 71.100 4.9249
1.886001 71.271 2.6908
1.899667 71.460 0.5366
1.913433 71.665 -1.5394
1.927299 71.884 -3.5388
1.941265 72.118 -5.4632
1.955332 72.363 -7.3143
1.969501 72.620 -9.0940
1.983773 72.887 -10.8043
1.998148 73.161 -12.4474
2.012627 73.441 -14.0255
2.027212 73.726 -15.5408
2.041902 74.013 -16.9958
2.056698 74.301 -18.3927
2.071602 74.589 -19.7338
2.086614 74.873 -21.0217
2.101734 75.153 -22.2584
2.116964 75.426 -23.4467
2.132304 75.691 -24.5890
2.147756 75.947 -25.6883
2.163320 76.192 -26.7479
2.178996 76.427 -27.7716
2.194786 76.651 -28.7640
2.210690 76.866 -29.7295
2.226710 77.072 -30.6726
2.242845 77.272 -31.5966
2.259098 77.466 -32.5038
2.275468 77.655 -33.3953
2.291957 77.838 -34.2716
2.308566 78.018 -35.1329
2.325295 78.193 -35.9788
2.342145 78.365 -36.8089
2.359117 78.533 -37.6228
2.376212 78.698 -38.4198
2.393431 78.859 -39.1996
2.410775 79.018 -39.9614
2.428244 79.174 -40.7049
2.445840 79.327 -41.4294
2.463564 79.478 -42.1347
2.481416 79.627 -42.8206
2.499397 79.774 -43.4872
2.517509 79.919 -44.1349
2.535752 80.062 -44.7648
2.554127 80.203 -45.3786
2.572635 80.341 -45.9786
2.591277 80.476 -46.5674
2.610055 80.608 -47.1470
2.628968 80.736 -47.7190
2.648019 80.861 -48.2841
2.667208 80.983 -48.8426
2.686535 81.101 -49.3940
2.706003 81.216 -49.9379
2.725612 81.328 -50.4735
2.745363 81.437 -51.0000
2.765257 81.544 -51.5164
2.785295 81.649 -52.0218
2.805478 81.751 -52.5152
2.825808 81.853 -52.9958
2.846285 81.952 -53.4626
2.866910 82.051 -53.9151
2.887685 82.149 -54.3532
2.908611 82.245 -54.7770
2.929688 82.340 -55.1874
2.950917 82.433 -55.5855
2.972301 82.525 -55.9727
2.993839 82.614 -56.3501
3.015534 82.701 -56.7185
3.037386 82.786 -57.0781
3.059396 82.869 -57.4290
3.081565 82.950 -57.7710
3.103896 83.029 -58.1037
3.126388 83.107 -58.4266
3.149043 83.184 -58.7391
3.171862 83.260 -59.0406
3.194847 83.336 -59.3305
3.217998 83.411 -59.6081
3.241317 83.486 -59.8727
3.264805 83.561 -60.1240
3.288463 83.636 -60.3615
3.312293 83.711 -60.5854
3.336295 83.785 -60.7957
3.360471 83.858 -60.9930
3.384822 83.931 -61.1781
3.409350 84.003 -61.3517
3.434056 84.075 -61.5148
3.458940 84.146 -61.6682
3.484005 84.217 -61.8130
3.509252 84.289 -61.9500
3.534681 84.360 -62.0800
3.560295 84.432 -62.2038
3.586094 84.505 -62.3218
3.612081 84.579 -62.4343
3.638255 84.653 -62.5412
3.664620 84.729 -62.6421
3.691175 84.806 -62.7365
3.717923 84.884 -62.8240
3.744864 84.962 -62.9048
3.772001 85.041 -62.9796
3.799335 85.121 -63.0494
3.826866 85.202 -63.1156
3.854597 85.284 -63.1799
3.882529 85.366 -63.2439
3.910664 85.449 -63.3090
3.939002 85.533 -63.3768
3.967546 85.618 -63.4482
3.996296 85.704 -63.5238
4.025255 85.791 -63.6035
4.054423 85.879 -63.6870
4.083804 85.968 -63.7738
4.113396 86.058 -63.8637
4.143204 86.150 -63.9569
4.173227 86.242 -64.0540
4.203468 86.334 -64.1561
4.233928 86.427 -64.2642
4.264609 86.521 -64.3797
4.295512 86.614 -64.5037
4.326639 86.708 -64.6372
4.357992 86.802 -64.7810
4.389572 86.895 -64.9355
4.421380 86.989 -65.1004
4.453419 87.082 -65.2757
4.485691 87.176 -65.4606
4.518196 87.269 -65.6548
4.550936 87.362 -65.8579
4.583914 87.454 -66.0694
4.617131 87.546 -66.2892
4.650589 87.638 -66.5171
4.684289 87.728 -66.7532
4.718233 87.817 -66.9976
4.752424 87.905 -67.2504
4.786862 87.992 -67.5119
4.821549 88.078 -67.7820
4.856488 88.162 -68.0604
4.891680 88.245 -68.3464
4.927127 88.327 -68.6389
4.962831 88.408 -68.9368
4.998794 88.488 -69.2390
5.035017 88.566 -69.5444
5.071503 88.643 -69.8525
5.108253 88.718 -70.1627
5.145270 88.792 -70.4751
5.182555 88.864 -70.7900
5.220110 88.934 -71.1072
5.257937 89.003 -71.4263
5.296038 89.071 -71.7466
5.334415 89.138 -72.0670
5.373071 89.203 -72.3864
5.412006 89.267 -72.7036
5.451224 89.331 -73.0179
5.490725 89.393 -73.3287
5.530514 89.454 -73.6361
5.570590 89.515 -73.9402
5.610957 89.574 -74.2410
5.651616 89.633 -74.5386
5.692570 89.691 -74.8329
5.733821 89.749 -75.1236
5.775370 89.807 -75.4102
5.817221 89.864 -75.6926
5.859375 89.922 -75.9705
5.901834 89.979 -76.2438
5.944602 90.037 -76.5127
5.987679 90.095 -76.7779
6.031068 90.153 -77.0399
6.074771 90.211 -77.2995
6.118792 90.270 -77.5576
6.163131 90.330 -77.8147
6.207792 90.390 -78.0712
6.252776 90.451 -78.3275
6.298086 90.513 -78.5836
6.343725 90.576 -78.8402
6.389694 90.640 -79.0978
6.435996 90.704 -79.3576
6.482634 90.769 -79.6204
6.529610 90.834 -79.8873
6.576926 90.901 -80.1588
6.624585 90.968 -80.4355
6.672590 91.035 -80.7174
6.720942 91.103 -81.0048
6.769645 91.172 -81.2978
6.818700 91.241 -81.5968
6.868111 91.310 -81.9021
6.917881 91.379 -82.2141
6.968010 91.448 -82.5331
7.018504 91.517 -82.8589
7.069362 91.586 -83.1914
7.120590 91.655 -83.5302
7.172189 91.724 -83.8746
7.224161 91.792 -84.2242
7.276511 91.860 -84.5784
7.329239 91.927 -84.9369
7.382350 91.993 -85.2993
7.435845 92.059 -85.6654
7.489729 92.124 -86.0343
7.544002 92.189 -86.4052
7.598669 92.253 -86.7773
7.653732 92.316 -87.1497
7.709194 92.379 -87.5219
7.765058 92.442 -87.8936
7.821327 92.504 -88.2643
7.878004 92.565 -88.6336
7.935091 92.627 -89.0012
7.992592 92.688 -89.3664
8.050510 92.749 -89.7290
8.108847 92.810 -90.0887
8.167607 92.871 -90.4455
8.226793 92.932 -90.7996
8.286408 92.993 -91.1512
8.346454 93.055 -91.5005
8.406936 93.117 -91.8478
8.467856 93.180 -92.1932
8.529218 93.243 -92.5371
8.591024 93.306 -92.8799
8.653278 93.371 -93.2222
8.715983 93.435 -93.5645
8.779143 93.500 -93.9073
8.842760 93.566 -94.2510
8.906839 93.631 -94.5959
8.971381 93.698 -94.9423
9.036392 93.764 -95.2905
9.101873 93.831 -95.6407
9.167829 93.897 -95.9932
9.234263 93.964 -96.3479
9.301178 94.031 -96.7048
9.368578 94.097 -97.0635
9.436467 94.163 -97.4239
9.504847 94.229 -97.7856
9.573723 94.294 -98.1483
9.643099 94.358 -98.5117
9.712976 94.420 -98.8752
9.783361 94.481 -99.2382
9.854255 94.539 -99.6003
9.925663 94.594 -99.9609
9.997588 94.647 -100.3196
10.070035 94.696 -100.6762
10.143007 94.744 -101.0301
10.216507 94.789 -101.3812
10.290540 94.833 -101.7292
10.365109 94.876 -102.0741
10.440219 94.917 -102.4159
10.515873 94.957 -102.7546
10.592076 94.997 -103.0906
10.668830 95.037 -103.4240
10.746141 95.076 -103.7552
10.824012 95.116 -104.0844
10.902447 95.155 -104.4122
10.981451 95.194 -104.7390
11.061027 95.233 -105.0651
11.141180 95.272 -105.3909
11.221913 95.311 -105.7167
11.303232 95.350 -106.0428
11.385140 95.388 -106.3694
11.467641 95.426 -106.6966
11.550741 95.463 -107.0245
11.634442 95.501 -107.3530
11.718750 95.538 -107.6821
11.803669 95.575 -108.0115
11.889203 95.611 -108.3412
11.975357 95.648 -108.6709
12.062136 95.684 -109.0004
12.149543 95.720 -109.3294
12.237583 95.755 -109.6578
12.326262 95.790 -109.9854
12.415583 95.825 -110.3123
12.505552 95.859 -110.6383
12.596172 95.893 -110.9636
12.687449 95.926 -111.2882
12.779387 95.959 -111.6124
12.871992 95.992 -111.9364
12.965268 96.024 -112.2604
13.059220 96.056 -112.5848
13.153852 96.088 -112.9099
13.249170 96.119 -113.2359
13.345179 96.151 -113.5632
13.441884 96.183 -113.8919
13.539289 96.215 -114.2223
13.637401 96.246 -114.5544
13.736223 96.277 -114.8882
13.835761 96.308 -115.2239
13.936021 96.339 -115.5614
14.037007 96.369 -115.9006
14.138725 96.399 -116.2414
14.241180 96.428 -116.5837
14.344377 96.457 -116.9276
14.448323 96.485 -117.2729
14.553021 96.513 -117.6196
14.658478 96.541 -117.9677
14.764700 96.568 -118.3173
14.871691 96.596 -118.6685
14.979457 96.623 -119.0213
15.088005 96.650 -119.3759
15.197339 96.677 -119.7323
15.307465 96.704 -120.0905
15.418389 96.731 -120.4505
15.530117 96.758 -120.8123
15.642655 96.784 -121.1758
15.756008 96.810 -121.5407
15.870182 96.836 -121.9070
15.985184 96.861 -122.2743
16.101019 96.887 -122.6423
16.217694 96.912 -123.0110
16.335214 96.936 -123.3799
16.453586 96.961 -123.7489
16.572815 96.986 -124.1180
16.692909 97.011 -124.4869
16.813872 97.036 -124.8558
16.935713 97.062 -125.2245
17.058436 97.088 -125.5932
17.182048 97.114 -125.9619
17.306556 97.140 -126.3305
17.431967 97.166 -126.6992
17.558286 97.192 -127.0678
17.685521 97.218 -127.4361
17.813677 97.243 -127.8040
17.942762 97.269 -128.1711
18.072783 97.294 -128.5372
18.203746 97.318 -128.9019
18.335658 97.343 -129.2648
18.468526 97.367 -129.6257
18.602356 97.391 -129.9844
18.737156 97.415 -130.3407
18.872934 97.439 -130.6946
19.009695 97.463 -131.0462
19.147447 97.487 -131.3955
19.286197 97.511 -131.7428
19.425953 97.535 -132.0883
19.566721 97.559 -132.4322
19.708510 97.582 -132.7747
19.851326 97.605 -133.1157
19.995177 97.628 -133.4553
20.140070 97.650 -133.7934
20.286013 97.672 -134.1299
20.433014 97.693 -134.4646
20.581080 97.714 -134.7973
20.730219 97.734 -135.1279
20.880439 97.754 -135.4562
21.031747 97.773 -135.7823
21.184152 97.793 -136.1064
21.337661 97.812 -136.4287
21.492282 97.832 -136.7498
21.648024 97.851 -137.0702
21.804895 97.871 -137.3905
21.962902 97.890 -137.7114
22.122054 97.910 -138.0337
22.282360 97.929 -138.3579
22.443827 97.948 -138.6847
22.606464 97.967 -139.0144
22.770280 97.985 -139.3472
22.935283 98.003 -139.6830
23.101481 98.020 -140.0216
23.268884 98.037 -140.3626
23.437500 98.052 -140.7054
23.607338 98.067 -141.0493
23.778406 98.081 -141.3935
23.950714 98.094 -141.7374
24.124271 98.107 -142.0804
24.299086 98.119 -142.4221
24.475167 98.131 -142.7625
24.652524 98.143 -143.1018
24.831166 98.155 -143.4403
25.011103 98.166 -143.7785
25.192344 98.179 -144.1171
25.374898 98.191 -144.4566
25.558775 98.203 -144.7976
25.743984 98.215 -145.1404
25.930536 98.228 -145.4850
26.118439 98.240 -145.8312
26.307704 98.251 -146.1787
26.498341 98.263 -146.5269
26.690359 98.273 -146.8752
26.883768 98.284 -147.2230
27.078579 98.294 -147.5697
27.274801 98.303 -147.9148
27.472446 98.312 -148.2579
27.671522 98.321 -148.5988
27.872042 98.329 -148.9372
28.074014 98.337 -149.2731
28.277450 98.344 -149.6064
28.482360 98.351 -149.9370
28.688755 98.358 -150.2652
28.896645 98.364 -150.5911
29.106042 98.370 -150.9149
29.316957 98.376 -151.2371
29.529400 98.381 -151.5577
29.743382 98.386 -151.8771
29.958915 98.391 -152.1954
30.176009 98.396 -152.5126
30.394677 98.401 -152.8287
30.614929 98.405 -153.1435
30.836778 98.409 -153.4570
31.060234 98.413 -153.7693
31.285309 98.417 -154.0805
31.512015 98.420 -154.3908
31.740364 98.424 -154.7006
31.970368 98.427 -155.0105
32.202039 98.431 -155.3208
32.435388 98.434 -155.6321
32.670428 98.438 -155.9447
32.907171 98.441 -156.2589
33.145630 98.445 -156.5749
33.385817 98.449 -156.8929
33.627745 98.452 -157.2129
33.871425 98.455 -157.5350
34.116871 98.458 -157.8589
34.364096 98.461 -158.1844
34.613113 98.463 -158.5112
34.863934 98.465 -158.8387
35.116572 98.467 -159.1664
35.371041 98.468 -159.4937
35.627354 98.469 -159.8203
35.885525 98.469 -160.1457
36.145566 98.468 -160.4694
36.407492 98.467 -160.7912
36.671316 98.466 -161.1107
36.937051 98.464 -161.4278
37.204712 98.462 -161.7422
37.474313 98.459 -162.0541
37.745867 98.457 -162.3635
38.019389 98.454 -162.6708
38.294893 98.451 -162.9764
38.572394 98.447 -163.2807
38.851905 98.444 -163.5840
39.133442 98.440 -163.8867
39.417019 98.436 -164.1886
39.702651 98.431 -164.4896
39.990353 98.426 -164.7896
40.280140 98.421 -165.0882
40.572026 98.416 -165.3855
40.866028 98.410 -165.6816
41.162160 98.404 -165.9768
41.460438 98.398 -166.2712
41.760877 98.392 -166.5651
42.063494 98.386 -166.8585
42.368303 98.379 -167.1512
42.675322 98.372 -167.4433
42.984565 98.365 -167.7343
43.296048 98.357 -168.0243
43.609789 98.349 -168.3132
43.925804 98.341 -168.6011
44.244108 98.333 -168.8881
44.564719 98.324 -169.1745
44.887654 98.316 -169.4605
45.212928 98.307 -169.7465
45.540560 98.298 -170.0322
45.870565 98.288 -170.3171
46.202962 98.278 -170.6005
46.537768 98.268 -170.8816
46.875000 98.258 -171.1599
47.214676 98.247 -171.4355
47.556813 98.237 -171.7095
47.901429 98.227 -171.9831
48.248542 98.218 -172.2570
48.598171 98.208 -172.5316
48.950334 98.197 -172.8062
49.305048 98.186 -173.0795
49.662333 98.175 -173.3502
50.022206 98.163 -173.6174
50.384688 98.152 -173.8805
50.749796 98.140 -174.1397
51.117550 98.127 -174.3953
51.487969 98.115 -174.6474
51.861072 98.103 -174.8965
52.236879 98.092 -175.1429
52.615409 98.080 -175.3868
52.996681 98.068 -175.6286
53.380717 98.057 -175.8685
53.767536 98.046 -176.1069
54.157158 98.036 -176.3441
54.549603 98.026 -176.5811
54.944892 98.017 -176.8190
55.343045 98.008 -177.0593
55.744084 98.000 -177.3036
56.148028 97.992 -177.5534
56.554900 97.984 -177.8093
56.964720 97.977 -178.0714
57.377510 97.968 -178.3392
57.793291 97.959 -178.6117
58.212085 97.950 -178.8876
58.633914 97.939 -179.1655
59.058799 97.927 -179.4438
59.486764 97.915 -179.7212
59.917829 97.901 -179.9966
60.352019 97.887 179.7307
60.789354 97.872 179.4609
61.229859 97.856 179.1936
61.673556 97.840 178.9286
62.120468 97.823 178.6662
62.570618 97.806 178.4066
63.024031 97.789 178.1499
63.480729 97.771 177.8961
63.940736 97.754 177.6448
64.404077 97.736 177.3953
64.870776 97.718 177.1471
65.340856 97.700 176.8997
65.814343 97.682 176.6532
66.291261 97.664 176.4074
66.771635 97.645 176.1627
67.255489 97.627 175.9190
67.742850 97.608 175.6767
68.233743 97.589 175.4358
68.728193 97.569 175.1967
69.226226 97.549 174.9592
69.727867 97.529 174.7236
70.233144 97.509 174.4897
70.742083 97.489 174.2578
71.254709 97.468 174.0284
71.771050 97.448 173.8019
72.291132 97.427 173.5780
72.814984 97.407 173.3560
73.342631 97.387 173.1346
73.874102 97.368 172.9131
74.409424 97.349 172.6909
74.948626 97.330 172.4682
75.491734 97.310 172.2452
76.038779 97.291 172.0223
76.589787 97.272 171.7997
77.144788 97.253 171.5768
77.703811 97.234 171.3532
78.266885 97.215 171.1277
78.834039 97.195 170.8994
79.405303 97.176 170.6671
79.980706 97.156 170.4299
80.560280 97.136 170.1873
81.144053 97.115 169.9390
81.732056 97.092 169.6854
82.324320 97.069 169.4271
82.920876 97.044 169.1660
83.521755 97.018 168.9047
84.126988 96.990 168.6465
84.736607 96.961 168.3948
85.350643 96.931 168.1523
85.969129 96.899 167.9210
86.592097 96.868 167.7011
87.219579 96.837 167.4918
87.851608 96.805 167.2916
88.488217 96.775 167.0988
89.129439 96.744 166.9115
89.775308 96.714 166.7284
90.425856 96.685 166.5482
91.081119 96.656 166.3699
91.741131 96.628 166.1927
92.405925 96.600 166.0161
93.075536 96.572 165.8398
93.750000 96.544 165.6641
94.429351 96.516 165.4897
95.113625 96.487 165.3171
95.802858 96.459 165.1463
96.497085 96.430 164.9767
97.196342 96.401 164.8071
97.900667 96.371 164.6364
98.610096 96.340 164.4653
99.324665 96.308 164.2955
100.044413 96.276 164.1293
100.769376 96.243 163.9678
101.499592 96.210 163.8112
102.235100 96.177 163.6592
102.975938 96.146 163.5109
103.722144 96.114 163.3654
104.473757 96.084 163.2213
105.230817 96.054 163.0770
105.993363 96.024 162.9307
106.761435 95.993 162.7808
107.535072 95.962 162.6261
108.314315 95.931 162.4659
109.099206 95.898 162.3004
109.889783 95.864 162.1298
110.686090 95.830 161.9553
111.488167 95.794 161.7794
112.296056 95.757 161.6059
113.109800 95.718 161.4401
113.929440 95.676 161.2890
114.755020 95.631 161.1599
115.586582 95.583 161.0602
116.424170 95.532 160.9955
117.267827 95.480 160.9673
118.117598 95.428 160.9701
118.973527 95.379 160.9904
119.835658 95.333 161.0085
120.704037 95.290 161.0075
121.578708 95.248 160.9842
122.459718 95.207 160.9488
123.347111 95.166 160.9155
124.240935 95.126 160.8965
125.141236 95.087 160.8997
126.048061 95.051 160.9271
126.961458 95.017 160.9770
127.881473 94.987 161.0436
128.808154 94.960 161.1181
129.741551 94.937 161.1907
130.681712 94.916 161.2531
131.628686 94.899 161.2984
132.582521 94.884 161.3221
133.543269 94.870 161.3235
134.510979 94.856 161.3066
135.485701 94.842 161.2786
136.467486 94.828 161.2465
137.456386 94.813 161.2147
138.452451 94.798 161.1846
139.455735 94.784 161.1554
140.466288 94.770 161.1245
141.484165 94.758 161.0884
142.509418 94.748 161.0429
143.542100 94.739 160.9835
144.582265 94.730 160.9065
145.629968 94.720 160.8111
146.685262 94.709 160.6985
147.748204 94.696 160.5702
148.818849 94.680 160.4280
149.897251 94.662 160.2742
150.983469 94.641 160.1128
152.077557 94.618 159.9486
153.179574 94.591 159.7866
154.289576 94.563 159.6302
155.407622 94.533 159.4807
156.533770 94.502 159.3361
157.668078 94.471 159.1933
158.810606 94.439 159.0495
159.961413 94.406 158.9036
161.120559 94.372 158.7564
162.288105 94.337 158.6099
163.464112 94.300 158.4667
164.648640 94.261 158.3289
165.841752 94.221 158.1992
167.043510 94.178 158.0804
168.253976 94.134 157.9749
169.473213 94.089 157.8841
170.701286 94.044 157.8073
171.938258 94.000 157.7417
173.184194 93.957 157.6837
174.439158 93.914 157.6304
175.703216 93.874 157.5801
176.976434 93.834 157.5323
178.258878 93.794 157.4872
179.550615 93.755 157.4444
180.851713 93.716 157.4030
182.162239 93.677 157.3612
183.482262 93.637 157.3177
184.811850 93.596 157.2717
186.151073 93.555 157.2243
187.500000 93.512 157.1782
188.858702 93.469 157.1360
190.227250 93.424 157.0991
191.605715 93.379 157.0673
192.994169 93.333 157.0425
194.392685 93.288 157.0283
195.801334 93.245 157.0262
197.220191 93.205 157.0328
198.649330 93.168 157.0449
200.088825 93.133 157.0628
201.538751 93.098 157.0876
202.999184 93.064 157.1181
204.470200 93.030 157.1498
205.951875 92.995 157.1775
207.444287 92.960 157.1978
208.947514 92.924 157.2104
210.461634 92.887 157.2180
211.986726 92.848 157.2253
213.522869 92.807 157.2374
215.070144 92.764 157.2592
216.628631 92.720 157.2946
218.198411 92.676 157.3448
219.779567 92.632 157.4076
221.372180 92.589 157.4781
222.976334 92.547 157.5506
224.592112 92.507 157.6208
226.219600 92.467 157.6872
227.858880 92.428 157.7500
229.510039 92.388 157.8105
231.173164 92.349 157.8706
232.848340 92.310 157.9313
234.535655 92.270 157.9927
236.235197 92.231 158.0541
237.947054 92.191 158.1149
239.671317 92.151 158.1750
241.408074 92.110 158.2360
243.157416 92.069 158.2998
244.919435 92.026 158.3692
246.694223 91.983 158.4471
248.481871 91.939 158.5364
250.282473 91.895 158.6398
252.096123 91.851 158.7589
253.922915 91.809 158.8922
255.762945 91.770 159.0338
257.616309 91.733 159.1745
259.483103 91.699 159.3045
261.363424 91.665 159.4190
263.257372 91.631 159.5199
265.165043 91.596 159.6137
267.086538 91.559 159.7086
269.021957 91.521 159.8110
270.971401 91.482 159.9251
272.934972 91.443 160.0519
274.912771 91.405 160.1897
276.904902 91.369 160.3359
278.911469 91.334 160.4882
280.932577 91.300 160.6443
282.968330 91.269 160.8010
285.018835 91.239 160.9529
287.084199 91.211 161.0930
289.164530 91.184 161.2152
291.259935 91.157 161.3176
293.370525 91.127 161.4046
295.496408 91.095 161.4861
297.637697 91.059 161.5720
299.794503 91.022 161.6689
301.966937 90.984 161.7794
304.155114 90.945 161.9022
306.359147 90.906 162.0341
308.579152 90.868 162.1712
310.815244 90.830 162.3102
313.067539 90.791 162.4490
315.336156 90.752 162.5890
317.621211 90.713 162.7339
319.922826 90.672 162.8883
322.241118 90.632 163.0548
324.576210 90.592 163.2328
326.928223 90.553 163.4194
329.297280 90.515 163.6110
331.683504 90.478 163.8042
334.087019 90.442 163.9962
336.507952 90.406 164.1851
338.946427 90.370 164.3703
341.402572 90.334 164.5534
343.876516 90.297 164.7372
346.368387 90.260 164.9247
348.878315 90.222 165.1176
351.406431 90.184 165.3167
353.952867 90.146 165.5218
356.517756 90.108 165.7319
359.101230 90.071 165.9461
361.703426 90.033 166.1633
364.324478 89.996 166.3834
366.964523 89.959 166.6063
369.623699 89.922 166.8325
372.302145 89.886 167.0624
375.000000 89.849 167.2961
377.717405 89.813 167.5332
380.454501 89.778 167.7732
383.211431 89.742 168.0158
385.988339 89.707 168.2609
388.785369 89.672 168.5087
391.602668 89.638 168.7597
394.440383 89.603 169.0141
397.298660 89.570 169.2717
400.177650 89.536 169.5318
403.077502 89.504 169.7930
405.998368 89.471 170.0540
408.940400 89.439 170.3142
411.903750 89.406 170.5752
414.888575 89.373 170.8405
417.895028 89.340 171.1140
420.923268 89.306 171.3984
423.973452 89.273 171.6943
427.045738 89.242 172.0001
430.140287 89.212 172.3115
433.257261 89.184 172.6232
436.396822 89.157 172.9318
439.559133 89.132 173.2370
442.744360 89.108 173.5393
445.952668 89.085 173.8372
449.184225 89.063 174.1260
452.439199 89.042 174.4002
455.717760 89.020 174.6564
459.020079 88.996 174.8982
462.346327 88.969 175.1360
465.696680 88.939 175.3816
469.071310 88.908 175.6422
472.470394 88.875 175.9194
475.894109 88.843 176.2108
479.342634 88.811 176.5107
482.816148 88.780 176.8137
486.314833 88.748 177.1177
489.838871 88.716 177.4269
493.388445 88.683 177.7487
496.963741 88.651 178.0869
500.564945 88.620 178.4380
504.192245 88.591 178.7940
507.845830 88.564 179.1481
511.525890 88.537 179.4974
515.232618 88.510 179.8429
518.966206 88.483 -179.8111
522.726849 88.455 -179.4593
526.514743 88.426 -179.0964
530.330086 88.398 -178.7204
534.173076 88.371 -178.3341
538.043915 88.346 -177.9427
541.942803 88.321 -177.5492
545.869944 88.297 -177.1530
549.825542 88.274 -176.7533
553.809805 88.252 -176.3521
557.822939 88.232 -175.9525
561.865154 88.211 -175.5569
565.936660 88.191 -175.1641
570.037671 88.170 -174.7707
574.168399 88.149 -174.3724
578.329060 88.128 -173.9670
582.519870 88.107 -173.5552
586.741049 88.085 -173.1381
590.992817 88.064 -172.7143
595.275394 88.044 -172.2816
599.589005 88.024 -171.8409
603.933874 88.006 -171.3960
608.310228 87.988 -170.9506
612.718295 87.971 -170.5050
617.158304 87.954 -170.0562
621.630488 87.937 -169.5981
626.135079 87.920 -169.1244
630.672311 87.904 -168.6331
635.242423 87.890 -168.1289
639.845651 87.878 -167.6185
644.482237 87.869 -167.1048
649.152421 87.862 -166.5872
653.856447 87.857 -166.0670
658.594560 87.856 -165.5507
663.367008 87.857 -165.0481
668.174039 87.860 -164.5672
673.015903 87.862 -164.1073
677.892854 87.863 -163.6606
682.805145 87.862 -163.2181
687.753032 87.859 -162.7724
692.736774 87.854 -162.3182
697.756631 87.849 -161.8514
702.812863 87.843 -161.3707
707.905735 87.838 -160.8787
713.035511 87.835 -160.3795
718.202461 87.832 -159.8766
723.406852 87.830 -159.3706
728.648956 87.829 -158.8606
733.929047 87.829 -158.3452
739.247399 87.829 -157.8236
744.604290 87.830 -157.2953
750.000000 87.832 -156.7601
755.434809 87.835 -156.2181
760.909001 87.839 -155.6698
766.422861 87.844 -155.1158
771.976677 87.851 -154.5571
777.570739 87.858 -153.9943
783.205337 87.867 -153.4274
788.880766 87.877 -152.8552
794.597321 87.889 -152.2747
800.355301 87.902 -151.6841
806.155005 87.919 -151.0849
811.996736 87.939 -150.4836
817.880799 87.963 -149.8893
823.807501 87.990 -149.3114
829.777150 88.019 -148.7580
835.790057 88.049 -148.2308
841.846536 88.078 -147.7229
847.946903 88.104 -147.2233
854.091476 88.130 -146.7238
860.280575 88.154 -146.2204
866.514523 88.178 -145.7101
872.793644 88.201 -145.1894
879.118267 88.226 -144.6584
885.488720 88.252 -144.1210
891.905336 88.279 -143.5813
898.368450 88.308 -143.0399
904.878398 88.337 -142.4953
911.435520 88.368 -141.9465
918.040157 88.401 -141.3956
924.692655 88.436 -140.8454
931.393359 88.473 -140.2996
938.142619 88.512 -139.7618
944.940787 88.553 -139.2334
951.788218 88.594 -138.7130
958.685268 88.636 -138.1980
965.632296 88.679 -137.6857
972.629666 88.722 -137.1740
979.677741 88.767 -136.6623
986.776890 88.812 -136.1510
993.927482 88.858 -135.6390
1001.129891 88.905 -135.1222
1008.384491 88.952 -134.5969
1015.691660 89.003 -134.0630
1023.051781 89.056 -133.5244
1030.465236 89.113 -132.9870
1037.932411 89.173 -132.4598
1045.453698 89.237 -131.9512
1053.029486 89.301 -131.4623
1060.660172 89.366 -130.9848
1068.346153 89.432 -130.5077
1076.087829 89.500 -130.0247
1083.885605 89.573 -129.5418
1091.739887 89.652 -129.0787
1099.651084 89.734 -128.6591
1107.619609 89.818 -128.2947
1115.645878 89.898 -127.9789
1123.730308 89.974 -127.6946
1131.873321 90.045 -127.4242
1140.075341 90.112 -127.1535
1148.336797 90.175 -126.8732
1156.658119 90.237 -126.5787
1165.039741 90.298 -126.2688
1173.482099 90.360 -125.9439
1181.985634 90.425 -125.6072
1190.550789 90.493 -125.2671
1199.178011 90.565 -124.9364
1207.867749 90.640 -124.6282
1216.620457 90.716 -124.3491
1225.436590 90.791 -124.0964
1234.316609 90.864 -123.8621
1243.260976 90.934 -123.6374
1252.270157 91.002 -123.4151
1261.344623 91.068 -123.1909
1270.484846 91.133 -122.9637
1279.691303 91.196 -122.7316
1288.964474 91.259 -122.4927
1298.304842 91.322 -122.2469
1307.712894 91.385 -121.9962
1317.189120 91.448 -121.7438
1326.734016 91.512 -121.4914
1336.348077 91.577 -121.2376
1346.031806 91.641 -120.9786
1355.785708 91.707 -120.7093
1365.610290 91.773 -120.4249
1375.506065 91.842 -120.1192
1385.473549 91.913 -119.7857
1395.513261 91.989 -119.4221
1405.625726 92.071 -119.0334
1415.811469 92.159 -118.6326
1426.071023 92.255 -118.2366
1436.404921 92.356 -117.8589
1446.813703 92.462 -117.5052
1457.297912 92.572 -117.1771
1467.858093 92.684 -116.8759
1478.494798 92.797 -116.6049
1489.208581 92.911 -116.3671
1500.000000 93.024 -116.1637
1510.869618 93.134 -115.9934
1521.818002 93.239 -115.8525
1532.845723 93.339 -115.7351
1543.953355 93.433 -115.6346
1555.141477 93.524 -115.5447
1566.410674 93.612 -115.4640
1577.761531 93.699 -115.3978
1589.194642 93.786 -115.3556
1600.710601 93.872 -115.3435
1612.310010 93.955 -115.3599
1623.993473 94.036 -115.3986
1635.761599 94.114 -115.4519
1647.615002 94.188 -115.5140
1659.554299 94.261 -115.5803
1671.580114 94.332 -115.6481
1683.693072 94.402 -115.7171
1695.893807 94.472 -115.7896
1708.182952 94.541 -115.8684
1720.561150 94.607 -115.9538
1733.029045 94.672 -116.0429
1745.587288 94.734 -116.1309
1758.236533 94.793 -116.2118
1770.977440 94.853 -116.2807
1783.810673 94.913 -116.3390
1796.736900 94.977 -116.3965
1809.756796 95.043 -116.4680
1822.871040 95.112 -116.5653
1836.080315 95.181 -116.6929
1849.385310 95.250 -116.8503
1862.786718 95.319 -117.0345
1876.285239 95.386 -117.2413
1889.881575 95.453 -117.4648
1903.576436 95.520 -117.6988
1917.370535 95.588 -117.9377
1931.264593 95.659 -118.1775
1945.259332 95.734 -118.4190
1959.355483 95.813 -118.6700
1973.553781 95.895 -118.9425
1987.854965 95.978 -119.2457
2002.259781 96.060 -119.5820
2016.768981 96.139 -119.9472
2031.383320 96.215 -120.3347
2046.103561 96.285 -120.7367
2060.930471 96.351 -121.1469
2075.864823 96.414 -121.5617
2090.907395 96.472 -121.9798
2106.058972 96.525 -122.3987
2121.320344 96.574 -122.8138
2136.692305 96.618 -123.2180
2152.175658 96.658 -123.6035
2167.771210 96.695 -123.9672
2183.479774 96.731 -124.3136
2199.302169 96.766 -124.6510
2215.239219 96.801 -124.9848
2231.291755 96.834 -125.3160
2247.460615 96.867 -125.6425
2263.746641 96.899 -125.9617
2280.150683 96.932 -126.2720
2296.673595 96.967 -126.5749
2313.316238 97.005 -126.8767
2330.079481 97.048 -127.1908
2346.964198 97.094 -127.5379
2363.971268 97.144 -127.9401
2381.101578 97.192 -128.4118
2398.356022 97.237 -128.9561
2415.735498 97.274 -129.5656
2433.240913 97.300 -130.2259
2450.873180 97.316 -130.9199
2468.633217 97.319 -131.6307
2486.521951 97.310 -132.3418
2504.540314 97.288 -133.0358
2522.689246 97.255 -133.6937
2540.969692 97.211 -134.2984
2559.382606 97.161 -134.8405
2577.928947 97.105 -135.3205
2596.609683 97.046 -135.7435
2615.425787 96.984 -136.1144
2634.378241 96.918 -136.4353
2653.468031 96.850 -136.7039
2672.696154 96.779 -136.9142
2692.063613 96.707 -137.0583
2711.571415 96.636 -137.1316
2731.220579 96.568 -137.1383
2751.012130 96.505 -137.0903
2770.947098 96.447 -137.0015
2791.026522 96.394 -136.8838
2811.251451 96.347 -136.7461
2831.622938 96.304 -136.5955
2852.142045 96.266 -136.4391
2872.809842 96.230 -136.2822
2893.627406 96.197 -136.1255
2914.595823 96.164 -135.9634
2935.716186 96.132 -135.7889
2956.989596 96.101 -135.5991
2978.417161 96.072 -135.3961
3000.000000 96.046 -135.1829
3021.739237 96.020 -134.9608
3043.636005 95.995 -134.7269
3065.691446 95.972 -134.4743
3087.906710 95.949 -134.1949
3110.282955 95.930 -133.8858
3132.821347 95.916 -133.5526
3155.523062 95.906 -133.2063
3178.389283 95.902 -132.8580
3201.421202 95.902 -132.5165
3224.620020 95.906 -132.1874
3247.986946 95.912 -131.8739
3271.523198 95.918 -131.5745
3295.230004 95.924 -131.2809
3319.108599 95.929 -130.9815
3343.160228 95.935 -130.6687
3367.386145 95.942 -130.3414
3391.787613 95.951 -130.0020
3416.365904 95.962 -129.6520
3441.122300 95.974 -129.2878
3466.058091 95.988 -128.9004
3491.174576 96.005 -128.4809
3516.473066 96.026 -128.0271
3541.954880 96.053 -127.5443
3567.621345 96.087 -127.0422
3593.473800 96.127 -126.5312
3619.513592 96.175 -126.0211
3645.742080 96.228 -125.5193
3672.160630 96.285 -125.0268
3698.770620 96.346 -124.5381
3725.573436 96.412 -124.0479
3752.570477 96.482 -123.5556
3779.763150 96.557 -123.0656
3807.152872 96.636 -122.5828
3834.741071 96.720 -122.1072
3862.529185 96.808 -121.6334
3890.518664 96.901 -121.1571
3918.710966 97.002 -120.6813
3947.107561 97.112 -120.2163
3975.709929 97.232 -119.7772
4004.519563 97.362 -119.3813
4033.537962 97.501 -119.0454
4062.766641 97.648 -118.7807
4092.207123 97.801 -118.5925
4121.860942 97.960 -118.4863
4151.729646 98.124 -118.4724
4181.814790 98.291 -118.5647
4212.117944 98.457 -118.7748
4242.640687 98.618 -119.1062
4273.384610 98.771 -119.5538
4304.351317 98.911 -120.1047
4335.542421 99.033 -120.7342
4366.959549 99.133 -121.3973
4398.604338 99.210 -122.0240
4430.478438 99.269 -122.5228
4462.583511 99.321 -122.8015
4494.921231 99.388 -122.8115
4527.493283 99.494 -122.5969
4560.301365 99.655 -122.3059
4593.347189 99.873 -122.1473
4626.632476 100.135 -122.3162
4660.158962 100.419 -122.9344
4693.928395 100.702 -124.0338
4727.942535 100.966 -125.5793
4762.203156 101.201 -127.5043
4796.712043 101.398 -129.7373
4831.470996 101.556 -132.2123
4866.481826 101.672 -134.8685
4901.746360 101.744 -137.6500
4937.266434 101.775 -140.5063
4973.043902 101.762 -143.3912
5009.080628 101.708 -146.2579
5045.378492 101.612 -149.0581
5081.939384 101.478 -151.7439
5118.765212 101.309 -154.2737
5155.857894 101.109 -156.6164
5193.219366 100.884 -158.7536
5230.851574 100.637 -160.6763
5268.756481 100.372 -162.3801
5306.936062 100.093 -163.8645
5345.392309 99.802 -165.1338
5384.127225 99.503 -166.1953
5423.142830 99.196 -167.0540
5462.441159 98.884 -167.7104
5502.024259 98.568 -168.1639
5541.894195 98.253 -168.4169
5582.053045 97.941 -168.4795
5622.502902 97.636 -168.3681
5663.245876 97.341 -168.1008
5704.284090 97.057 -167.6963
5745.619684 96.785 -167.1742
5787.254813 96.526 -166.5529
5829.191647 96.279 -165.8434
5871.432373 96.043 -165.0482
5913.979192 95.818 -164.1651
5956.834323 95.606 -163.1932
6000.000000 95.407 -162.1369
6043.478473 95.223 -161.0041
6087.272010 95.055 -159.8046
6131.382892 94.903 -158.5510
6175.813420 94.769 -157.2572
6220.565910 94.650 -155.9327
6265.642695 94.546 -154.5805
6311.046124 94.458 -153.1985
6356.778566 94.385 -151.7849
6402.842404 94.328 -150.3410
6449.240040 94.288 -148.8716
6495.973891 94.267 -147.3842
6543.046396 94.264 -145.8900
6590.460007 94.280 -144.3997
6638.217197 94.315 -142.9193
6686.320456 94.368 -141.4490
6734.772290 94.441 -139.9867
6783.575226 94.534 -138.5331
6832.731809 94.648 -137.0924
6882.244600 94.786 -135.6743
6932.116181 94.948 -134.2947
6982.349153 95.135 -132.9733
7032.946133 95.349 -131.7293
7083.909760 95.592 -130.5808
7135.242690 95.865 -129.5485
7186.947600 96.171 -128.6602
7239.027185 96.512 -127.9537
7291.484160 96.888 -127.4785
7344.321260 97.300 -127.2966
7397.541239 97.743 -127.4769
7451.146872 98.212 -128.0892
7505.140954 98.699 -129.2010
7559.526299 99.192 -130.8771
7614.305743 99.677 -133.1747
7669.482141 100.139 -136.1378
7725.058371 100.557 -139.7898
7781.037328 100.911 -144.1207
7837.421932 101.179 -149.0741
7894.215122 101.342 -154.5386
7951.419859 101.385 -160.3492
8009.039125 101.302 -166.2990
8067.075924 101.090 -172.1603
8125.533282 100.759 -177.7154
8184.414245 100.320 177.2177
8243.721885 99.789 172.7710
8303.459292 99.187 169.0238
8363.629581 98.532 166.0090
8424.235888 97.844 163.7223
8485.281374 97.141 162.1295
8546.769221 96.440 161.1718
8608.702634 95.756 160.7736
8671.084842 95.099 160.8545
8733.919097 94.476 161.3392
8797.208675 93.892 162.1642
8860.956876 93.348 163.2785
8925.167022 92.847 164.6374
8989.842461 92.389 166.1967
9054.986566 91.974 167.9147
9120.602731 91.603 169.7567
9186.694378 91.272 171.6984
9253.264952 90.980 173.7265
9320.317925 90.727 175.8319
9387.856790 90.514 178.0020
9455.885071 90.341 -179.7798
9524.406312 90.208 -177.5303
9593.424086 90.117 -175.2616
9662.941992 90.068 -172.9787
9732.963653 90.064 -170.6871
9803.492719 90.109 -168.4008
9874.532869 90.204 -166.1436
9946.087805 90.355 -163.9459
10018.161257 90.562 -161.8396
10090.756983 90.832 -159.8598
10163.878768 91.167 -158.0553
10237.530423 91.574 -156.4966
10311.715789 92.053 -155.2760
10386.438732 92.603 -154.5023
10461.703149 93.219 -154.2928
10537.512962 93.888 -154.7717
10613.872125 94.592 -156.0663
10690.784618 95.307 -158.2946
10768.254450 95.998 -161.5458
10846.285661 96.629 -165.8578
10924.882318 97.158 -171.1979
11004.048518 97.546 -177.4492
11083.788390 97.761 175.6006
11164.106090 97.777 168.2553
11245.005805 97.584 160.8838
11326.491752 97.187 153.8656
11408.568180 96.608 147.5294
11491.239368 95.876 142.1109
11574.509626 95.028 137.7410
11658.383294 94.103 134.4614
11742.864745 93.136 132.2471
11827.958384 92.162 131.0249
11913.668646 91.210 130.6859
12000.000000 90.303 131.0982
12086.956947 89.458 132.1246
12174.544019 88.686 133.6390
12262.765784 87.990 135.5339
12351.626840 87.372 137.7181
12441.131819 86.829 140.1158
12531.285389 86.360 142.6682
12622.092249 85.961 145.3328
12713.557132 85.629 148.0748
12805.684808 85.364 150.8590
12898.480079 85.164 153.6502
12991.947783 85.030 156.4158
13086.092792 84.961 159.1239
13180.920015 84.958 161.7364
13276.434395 85.022 164.2087
13372.640911 85.152 166.4957
13469.544580 85.352 168.5513
13567.150452 85.621 170.3170
13665.463617 85.961 171.7125
13764.489200 86.370 172.6381
13864.232362 86.841 172.9826
13964.698305 87.360 172.6310
14065.892266 87.909 171.4763
14167.819519 88.461 169.4385
14270.485380 88.982 166.4834
14373.895200 89.439 162.6347
14478.054370 89.796 157.9823
14582.968320 90.021 152.6886
14688.642520 90.092 146.9863
14795.082478 89.997 141.1565
14902.293745 89.739 135.4930
15010.281908 89.337 130.2651
15119.052599 88.820 125.6846
15228.611486 88.230 121.8805
15338.964283 87.616 118.8831
15450.116741 87.033 116.6177
15562.074656 86.530 114.9078
15674.843864 86.151 113.4890
15788.430244 85.918 112.0411
15902.839718 85.834 110.2334
16018.078250 85.876 107.7674
16134.151848 86.003 104.4062
16251.066563 86.158 99.9962
16368.828491 86.275 94.4890
16487.443769 86.285 87.9649
16606.918584 86.124 80.6462
16727.259161 85.741 72.8913
16848.471777 85.110 65.1487
16970.562748 84.228 57.8743
17093.538442 83.113 51.4587
17217.405268 81.797 46.1985
17342.169684 80.315 42.3004
17467.838194 78.708 39.9010
17594.417350 77.015 39.0885
17721.913751 75.274 39.9213
17850.334044 73.529 42.4350
17979.684923 71.822 46.6398
18109.973131 70.208 52.4997
18241.205462 68.746 59.8693
18373.388756 67.504 68.3804
18506.529905 66.543 77.3600
18640.635849 65.890 85.9212
18775.713581 65.522 93.2649
18911.770141 65.363 98.9703
19048.812624 65.315 103.0431
19186.848172 65.295 105.7693
19325.883983 65.250 107.5437
19465.927305 65.161 108.7397
19606.985439 65.040 109.6303
19749.065738 64.916 110.3530
19892.175609 64.819 110.9149
20036.322514 64.768 111.2374
